 Tordera                   SWAT+ Jul 2 2024        MODULAR Rev 2024.61.0.1                                
   jday   mon   day    yr   unit  gis_id  name                     lai       bioms       yield     residue     sol_tmp       strsw       strsa     strstmp       strsn       strsp       strss        nplt       percn       pplnt         tmx         tmn       tmpav     solarad      wndspd        rhum     phubas0     lai_max      bm_max     bm_grow       c_gro
                                                             m**2/m**2        kgha        kgha        kgha        degc         ---         ---         ---         ---         ---         ---        kgha        kgha        kgha        degc        degc        degc      mj/m^2         m/s        frac        degc   m**2/m**2       kg/ha       kg/ha       kg/ha
    365    12    31  2001      1       0  rtu0010                2.174   46766.215       0.000    2428.342      14.609      94.971       4.069      97.231       0.005       0.001       0.000      70.974     159.569       0.000      22.102       9.631      15.866      12.463       2.563       0.735       0.499       0.000       0.000       0.000       0.000
    365    12    31  2001      2       0  rtu0020                1.865   46916.750      49.343    2650.853      12.159      46.484      58.348     129.384       0.006       0.019       0.000      73.583     161.202       0.000      16.311       8.206      12.259      16.443       3.137       0.763       0.505       0.000       0.000       0.000       0.000
    365    12    31  2001      3       0  rtu0030                2.801   51163.766       0.000    2479.628      15.233      83.339      87.056     106.681       3.486       0.000       0.000     121.869     150.098       0.000      20.177      10.831      15.504      16.580       3.498       0.761       0.463       0.000       0.000       0.000       0.000
    365    12    31  2001      4       0  rtu0040                2.594   53117.211       0.000    2525.043      15.177     123.440      20.661     104.346       2.305       0.000       0.000     101.699     125.774       0.000      20.178      10.832      15.505      16.580       3.498       0.761       0.463       0.000       0.000       0.000       0.000
    365    12    31  2001      5       0  rtu0050                2.731   52712.273       0.000    2547.472      15.151      82.371      67.380     129.095       0.000       0.009       0.000      81.995     122.862       0.000      20.301      10.754      15.528      16.315       3.438       0.759       0.466       0.000       0.000       0.000       0.000
    365    12    31  2001      6       0  rtu0060                2.819   53368.398       0.000    2576.261      15.198      77.950      80.207     130.690       0.000       0.012       0.000      86.372     170.587       0.000      20.177      10.831      15.504      16.579       3.498       0.761       0.463       0.000       0.000       0.000       0.000
    365    12    31  2001      7       0  rtu0070                1.829   35765.766     836.756    2416.979      14.437      59.366       4.932      85.249       0.000       0.270       0.000      52.843      47.644       0.000      22.601       9.319      15.960      11.394       2.321       0.728       0.508       0.000       0.000       0.000       0.000
    365    12    31  2001      8       0  rtu0080                1.243   28892.992      49.673    1709.970      14.545      43.987      18.134      61.616       0.000       0.015       0.000      44.961     176.036       0.000      22.601       9.319      15.960      11.394       2.321       0.728       0.508       0.000       0.000       0.000       0.000
    365    12    31  2001      9       0  rtu0090                2.966   53650.867       0.000    2549.526      14.548     101.519       0.000      77.516       0.000       0.000       0.000      81.105      74.312       0.000      22.600       9.319      15.960      11.394       2.321       0.728       0.508       0.000       0.000       0.000       0.000
    365    12    31  2001     10       0  rtu0100                2.088   42961.355       0.000    2490.788      14.526      71.678      50.653      84.730       0.000       0.000       0.000      67.963     156.374       0.000      22.601       9.320      15.961      11.395       2.321       0.728       0.508       0.000       0.000       0.000       0.000
    365    12    31  2001     11       0  rtu0110                2.055   41174.844       0.000    2564.136      15.268      64.124      95.164     110.094       4.388       0.000       0.000     153.393     165.239       0.000      20.176      10.831      15.504      16.579       3.498       0.761       0.463       0.000       0.000       0.000       0.000
    365    12    31  2001     12       0  rtu0120                1.258   47664.996       0.000    2185.125      15.308     263.282       0.115     119.255       0.000       0.000       0.000     147.993       5.818       0.000      20.177      10.831      15.504      16.580       3.498       0.761       0.463       0.000       0.000       0.000       0.000
    365    12    31  2001     13       0  rtu0130                2.702   50202.332       0.000    2472.832      15.251      64.941     114.386     125.597       0.016       0.000       0.000      81.222     184.900       0.000      20.177      10.831      15.504      16.580       3.498       0.761       0.463       0.000       0.000       0.000       0.000
    365    12    31  2001     14       0  rtu0140                2.027   48815.055       2.700    2456.011      12.316      63.114      33.473     117.046       0.000       0.063       0.000      72.898     180.573       0.000      16.992       8.378      12.685      15.692       5.017       0.741       0.517       0.000       0.000       0.000       0.000
    365    12    31  2001     15       0  rtu0150                1.156   19009.461     798.028    1614.141      13.226      23.908      58.100      66.441       0.026       0.301       0.000      33.623      90.537       0.000      21.240       7.383      14.311      13.083       2.704       0.754       0.427       0.000       0.000       0.000       0.000
    365    12    31  2001     16       0  rtu0160                1.993   50223.082       0.000    2600.793      12.369      60.835      32.289     122.442       0.000       0.000       0.000      77.315     151.775       0.000      17.036       8.379      12.707      15.678       5.064       0.742       0.520       0.000       0.000       0.000       0.000
    365    12    31  2001     17       0  rtu0170                1.232   22863.760     641.780    2353.081      15.169      49.932      17.198      81.605       0.003       0.437       0.000      37.838      52.377       0.000      20.177      10.831      15.504      16.579       3.498       0.761       0.463       0.000       0.000       0.000       0.000
    365    12    31  2001     18       0  rtu0180                0.753   11808.314     608.586    1767.866      15.192      28.435      15.896      51.494       0.000       0.413       0.000      17.915      38.325       0.000      20.177      10.831      15.504      16.580       3.498       0.761       0.463       0.000       0.000       0.000       0.000
    365    12    31  2001     19       0  rtu0190                2.165   46705.816     143.783    2526.993      14.464      88.414       6.224      95.078       0.008       0.041       0.000      70.203     165.794       0.000      22.574       9.337      15.955      11.453       2.334       0.729       0.507       0.000       0.000       0.000       0.000
    365    12    31  2001     20       0  rtu0200                1.321   21980.275     213.108    1625.416      14.452      42.337      24.043      46.232       0.000       0.075       0.000      32.895      93.096       0.000      22.557       9.131      15.844      11.395       2.321       0.729       0.502       0.000       0.000       0.000       0.000
    365    12    31  2001     21       0  rtu0210                2.139   50458.059      27.187    2521.617      12.269      80.358       2.540     119.447       0.004       0.035       0.000      73.123     207.293       0.000      17.066       8.383      12.725      15.657       5.047       0.741       0.520       0.000       0.000       0.000       0.000
    365    12    31  2001     22       0  rtu0220                1.810   31982.879     736.864    2131.608      12.857      66.047      19.253      75.146       0.001       0.295       0.000      47.830      93.993       0.000      22.000       6.009      14.005      12.807       2.312       0.751       0.421       0.000       0.000       0.000       0.000
    365    12    31  2001     23       0  rtu0230                2.140   51221.270      10.272    2538.605      12.282      71.051       9.781     121.348       0.000       0.020       0.000      75.557     189.433       0.000      17.036       8.379      12.708      15.679       5.064       0.742       0.520       0.000       0.000       0.000       0.000
    365    12    31  2001     24       0  rtu0240                2.411   50335.453       9.315    2468.659      14.254      99.727      10.416      97.042       0.001       0.002       0.000      72.686     127.094       0.000      22.313       8.919      15.616      12.278       2.283       0.665       0.513       0.000       0.000       0.000       0.000
    365    12    31  2001     25       0  rtu0250                2.527   50822.871       7.049    2450.689      14.359      92.202      11.430      94.840       0.000       0.003       0.000      74.380     129.141       0.000      22.312       9.189      15.750      11.812       2.299       0.720       0.505       0.000       0.000       0.000       0.000
    365    12    31  2001     26       0  rtu0260                0.110    3414.619       0.000     675.431      15.259       6.026       7.545      11.656       0.000       0.000       0.000       7.262     126.027       0.000      20.105      10.890      15.497      16.579       3.498       0.762       0.473       0.000       0.000       0.000       0.000
    365    12    31  2001     27       0  rtu0270                0.864   15904.654     148.426    1671.471      15.224      46.231       6.112      29.578       0.000       0.064       0.000      24.937      43.698       0.000      20.105      10.890      15.497      16.579       3.498       0.762       0.473       0.000       0.000       0.000       0.000
    365    12    31  2001     28       0  rtu0280                0.483   17605.131       0.000    1993.590      15.259      14.966     144.947      71.241       0.000       0.000       0.000      18.394     200.993       0.000      20.105      10.890      15.497      16.580       3.498       0.762       0.473       0.000       0.000       0.000       0.000
    365    12    31  2001     29       0  rtu0290                0.348   12968.850       1.518    1361.433      15.271      17.717      99.925      51.993       0.001       0.110       0.000      16.333     334.088       0.000      20.121      10.878      15.499      16.580       3.498       0.762       0.471       0.000       0.000       0.000       0.000
    365    12    31  2001     30       0  rtu0300                0.342   11240.218     146.423    1413.725      15.268      18.693      86.642      50.724       0.000       0.139       0.000      13.798     216.175       0.000      20.177      10.831      15.504      16.580       3.498       0.761       0.463       0.000       0.000       0.000       0.000
    365    12    31  2001     31       0  rtu0310                1.312   31813.021     197.356    2399.237      15.247      64.237      20.058      87.418       0.010       0.103       0.000      59.102     130.986       0.000      20.177      10.831      15.504      16.579       3.498       0.761       0.463       0.000       0.000       0.000       0.000
    365    12    31  2001     32       0  rtu0320                2.934   53894.961       0.000    2605.260      15.256      73.940      88.688     115.136       0.000       0.000       0.000      88.465     194.912       0.000      20.177      10.831      15.504      16.580       3.498       0.761       0.463       0.000       0.000       0.000       0.000
    365    12    31  2001     33       0  rtu0330                1.928   36586.031    1226.908    2601.723      15.218      66.491      30.221     106.056       0.000       0.437       0.000      58.232     124.404       0.000      20.177      10.831      15.504      16.580       3.498       0.761       0.463       0.000       0.000       0.000       0.000
    365    12    31  2001     34       0  rtu0340                2.626   50400.492      16.673    2451.320      15.219      93.053      39.642     105.530       0.343       0.005       0.000      92.792     126.356       0.000      20.177      10.831      15.504      16.579       3.498       0.761       0.463       0.000       0.000       0.000       0.000
    365    12    31  2001     35       0  rtu0350                1.938   38080.578     432.195    2230.454      15.202      79.567      36.887      99.186       0.349       0.169       0.000      70.019     147.774       0.000      20.177      10.831      15.504      16.579       3.498       0.761       0.463       0.000       0.000       0.000       0.000
    365    12    31  2001     36       0  rtu0360                2.295   46139.918     281.347    2437.534      15.164      95.906       3.131     113.608       0.000       0.125       0.000      71.898      39.321       0.000      20.175      10.830      15.502      16.579       3.497       0.761       0.463       0.000       0.000       0.000       0.000
    365    12    31  2001     37       0  rtu0370                0.429      16.020       7.834    1277.215      11.503       0.000      88.541      46.667       0.000       2.168       0.000       0.000     316.646       0.000      14.523       8.315      11.419      16.479       2.386       0.717       0.323       0.000       0.000       0.000       0.000
    365    12    31  2001     38       0  rtu0380                0.522    6796.169      64.941     873.655      11.514      15.030      64.229      43.479       0.000       0.863       0.000       8.687     188.058       0.000      14.523       8.315      11.419      16.479       2.386       0.717       0.323       0.000       0.000       0.000       0.000
    365    12    31  2001     39       0  rtu0390                2.266   48369.871       6.849    2313.787      11.579     104.169      21.989     147.897       0.000       0.001       0.000      75.834     138.115       0.000      14.523       8.315      11.419      16.479       2.386       0.717       0.323       0.000       0.000       0.000       0.000
    365    12    31  2001     40       0  rtu0400                2.318   41777.812       0.000    2059.567      11.541      34.072     176.791     134.009       0.000       0.000       0.000      58.301     365.275       0.000      14.523       8.315      11.419      16.479       2.386       0.717       0.323       0.000       0.000       0.000       0.000
    365    12    31  2001     41       0  rtu0410                2.236   48122.059       0.000    2286.425      11.568     104.759      24.970     151.318       0.000       0.000       0.000      74.756     181.975       0.000      14.523       8.315      11.419      16.479       2.386       0.717       0.323       0.000       0.000       0.000       0.000
    365    12    31  2001     42       0  rtu0420                0.659   14052.323       0.000     669.612      11.484      28.188      10.728      44.418       0.000       0.000       0.000      22.290     139.956       0.000      14.523       8.315      11.419      16.479       2.386       0.717       0.323       0.000       0.000       0.000       0.000
    365    12    31  2001     43       0  rtu0430                1.629   32998.801     311.399    1867.179      11.508      77.132      53.562     102.236       0.073       0.128       0.000      50.506     178.835       0.000      14.523       8.315      11.419      16.478       2.386       0.717       0.323       0.000       0.000       0.000       0.000
    365    12    31  2001     44       0  rtu0440                1.772   34258.926     546.931    2054.160      11.560      69.408      90.943     107.836       0.335       0.130       0.000      51.056     201.060       0.000      14.650       8.304      11.477      16.489       2.414       0.721       0.337       0.000       0.000       0.000       0.000
    365    12    31  2001     45       0  rtu0450                2.462   52414.043       0.000    2490.729      11.592     108.927      36.334     162.051       0.000       0.000       0.000      82.938     108.463       0.000      14.523       8.315      11.419      16.479       2.386       0.717       0.323       0.000       0.000       0.000       0.000
    365    12    31  2001     46       0  rtu0460                2.220   51029.812       0.000    2627.242      12.390      65.581      41.167     116.537       0.000       0.000       0.000      79.203     157.670       0.000      17.006       8.372      12.689      15.711       4.983       0.743       0.519       0.000       0.000       0.000       0.000
    365    12    31  2001     47       0  rtu0470                2.052   48584.000      70.383    2578.969      12.116      46.084      80.934     131.212       0.006       0.029       0.000      72.977     183.043       0.000      16.188       8.177      12.183      16.573       2.809       0.767       0.503       0.000       0.000       0.000       0.000
    365    12    31  2001     48       0  rtu0480                0.321      29.650      16.070    1220.125      15.278       0.000      82.074      19.922       0.000       1.750       0.000       0.000     317.993       0.000      20.177      10.831      15.504      16.580       3.498       0.761       0.463       0.000       0.000       0.000       0.000
    365    12    31  2001     49       0  rtu0490                0.225    2322.772    1185.170    1106.049      15.271       5.166      23.049      30.235       0.039       0.663       0.000       3.396     136.861       0.000      20.178      10.831      15.505      16.580       3.498       0.761       0.463       0.000       0.000       0.000       0.000
    365    12    31  2001     50       0  rtu0500                2.760   51688.516       0.000    2531.200      15.234      50.250     140.659     130.694       0.000       0.000       0.000      83.870     195.314       0.000      20.178      10.831      15.505      16.580       3.498       0.761       0.463       0.000       0.000       0.000       0.000
    365    12    31  2001     51       0  rtu0510                2.453   52736.012       0.000    2509.323      15.178     105.647      48.640     130.693       0.000       0.000       0.000      81.055     177.266       0.000      20.177      10.831      15.504      16.580       3.498       0.761       0.463       0.000       0.000       0.000       0.000
    365    12    31  2001     52       0  rtu0520                1.354   26275.158    1018.293    1944.580      11.531      49.138      27.000     102.732       0.000       0.228       0.000      40.424     139.023       0.000      14.523       8.315      11.419      16.479       2.386       0.717       0.323       0.000       0.000       0.000       0.000
    365    12    31  2001     53       0  rtu0530                0.369   15550.065       0.000    1375.819      15.277      20.614     112.436      61.150       0.000       0.000       0.000      18.352     220.584       0.000      20.105      10.890      15.497      16.580       3.498       0.762       0.473       0.000       0.000       0.000       0.000
    365    12    31  2001     54       0  rtu0540                2.240   49054.801      57.093    2359.156      11.597     115.899       4.561     154.321       0.000       0.014       0.000      75.524     166.001       0.000      14.523       8.316      11.419      16.479       2.386       0.717       0.323       0.000       0.000       0.000       0.000
    365    12    31  2001     55       0  rtu0550                1.726   34922.418     286.550    1951.526      11.526      75.304      39.916     113.136       0.050       0.163       0.000      54.156     146.949       0.000      14.508       8.320      11.414      16.479       2.386       0.719       0.323       0.000       0.000       0.000       0.000
    365    12    31  2001     56       0  rtu0560                1.871   38013.516       0.000    2085.057      15.213      90.209       3.445      75.344       0.000       0.000       0.000      58.706     135.276       0.000      20.178      10.831      15.505      16.580       3.498       0.761       0.463       0.000       0.000       0.000       0.000
    365    12    31  2001     57       0  rtu0570                2.270   49955.832      11.478    2457.146      11.598     115.906      36.343     158.265       0.012       0.019       0.000      77.792     154.316       0.000      14.524       8.316      11.420      16.480       2.386       0.717       0.323       0.000       0.000       0.000       0.000
    365    12    31  2001     58       0  rtu0580                2.161   45656.012     442.272    2395.266      11.600     108.272      30.319     136.994       0.281       0.078       0.000      70.614     135.424       0.000      14.523       8.315      11.419      16.479       2.386       0.717       0.323       0.000       0.000       0.000       0.000
    365    12    31  2001     59       0  rtu0590                0.209       7.799       3.814     621.812      11.515       0.000      43.106      22.720       0.000       1.056       0.000       0.000     153.995       0.000      14.523       8.315      11.419      16.479       2.386       0.717       0.323       0.000       0.000       0.000       0.000
    365    12    31  2001     60       0  rtu0600                1.287   24098.916     502.406    1704.952      11.548      43.961      69.060      97.977       0.000       0.376       0.000      37.371     147.579       0.000      14.524       8.316      11.420      16.479       2.386       0.717       0.323       0.000       0.000       0.000       0.000
    365    12    31  2001     61       0  rtu0610                1.229   29027.436     159.994    1484.763      11.523      80.026      62.866     101.553       0.000       0.036       0.000      41.099     119.811       0.000      14.524       8.316      11.420      16.479       2.386       0.717       0.323       0.000       0.000       0.000       0.000
    365    12    31  2001     62       0  rtu0620                1.242   21439.152     560.401    1979.293      11.543      39.686      94.310     110.107       0.000       0.945       0.000      33.203     208.263       0.000      14.523       8.315      11.419      16.479       2.386       0.717       0.323       0.000       0.000       0.000       0.000
    365    12    31  2001     63       0  rtu0630                1.654   32987.395     890.006    2204.756      11.562      74.485      54.413     123.286       0.044       0.246       0.000      49.020     148.747       0.000      14.523       8.315      11.419      16.479       2.386       0.717       0.323       0.000       0.000       0.000       0.000
    365    12    31  2001     64       0  rtu0640                2.187   51646.762       0.000    2518.838      12.132      84.391       1.778     128.165       0.000       0.000       0.000      76.124     204.067       0.000      16.531       8.366      12.449      15.839       4.526       0.737       0.480       0.000       0.000       0.000       0.000
    365    12    31  2001     65       0  rtu0650                1.953   47500.547       0.000    2331.581      12.330      64.899      16.752     113.009       0.000       0.000       0.000      70.166     190.749       0.000      17.035       8.379      12.707      15.678       5.064       0.742       0.520       0.000       0.000       0.000       0.000
    365    12    31  2001     66       0  rtu0660                0.892   18343.281       0.000     864.277      12.467       0.000      80.980      49.200       0.000       0.000       0.000      23.280     248.922       0.000      17.036       8.379      12.708      15.679       5.064       0.742       0.520       0.000       0.000       0.000       0.000
    365    12    31  2001     67       0  rtu0670                2.018   48697.512       0.666    2417.631      12.262      79.267       0.288     117.298       0.000       0.000       0.000      69.816     183.084       0.000      17.036       8.379      12.708      15.679       5.064       0.742       0.520       0.000       0.000       0.000       0.000
    365    12    31  2001     68       0  rtu0680                1.934   38218.977      58.566    2016.046      15.231      72.083      33.218      82.964       0.000       0.037       0.000      61.730     105.133       0.000      20.177      10.831      15.504      16.580       3.498       0.761       0.463       0.000       0.000       0.000       0.000
    365    12    31  2001     69       0  rtu0690                2.162   41251.469     247.921    2346.097      15.236      92.419      17.772      74.889       0.001       0.133       0.000      66.078      63.079       0.000      20.177      10.831      15.504      16.579       3.498       0.761       0.463       0.000       0.000       0.000       0.000
    365    12    31  2001     70       0  rtu0700                1.398   26928.719     642.556    1805.324      15.204      68.872       0.783      58.725       0.000       0.213       0.000      41.224      30.351       0.000      20.150      10.853      15.502      16.579       3.498       0.761       0.467       0.000       0.000       0.000       0.000
    365    12    31  2001     71       0  rtu0710                2.274   44116.012     425.942    2543.294      14.442      95.301       1.031     102.584       0.000       0.208       0.000      67.901      35.844       0.000      21.237       8.668      14.953      15.696       2.911       0.756       0.451       0.000       0.000       0.000       0.000
    365    12    31  2001     72       0  rtu0720                1.028   16357.880    1026.294    1654.972      12.229      28.886      21.848      57.638       0.000       0.455       0.000      23.486      81.597       0.000      21.752       5.718      13.735      11.394       2.321       0.751       0.410       0.000       0.000       0.000       0.000
    365    12    31  2001     73       0  rtu0730                0.877   20069.674     576.431    2175.527      15.192      54.606       4.306      71.346       0.009       0.383       0.000      35.620      47.966       0.000      20.177      10.831      15.504      16.579       3.498       0.761       0.463       0.000       0.000       0.000       0.000
    365    12    31  2001     74       0  rtu0740                2.176   52197.895       0.000    2563.630      12.283      67.930       4.494     122.999       0.000       0.000       0.000      77.176     214.952       0.000      17.036       8.379      12.708      15.679       5.064       0.742       0.520       0.000       0.000       0.000       0.000
    365    12    31  2001     75       0  rtu0750                2.169   51921.516       0.000    2558.712      12.259      72.285       2.376     122.999       0.000       0.000       0.000      75.920     235.878       0.000      17.036       8.379      12.708      15.679       5.064       0.742       0.520       0.000       0.000       0.000       0.000
    365    12    31  2001     76       0  rtu0760                2.038   39418.664      39.510    2049.813      15.216      87.968       2.120      74.629       0.003       0.013       0.000      69.202      69.847       0.000      20.172      10.838      15.505      16.581       3.498       0.761       0.464       0.000       0.000       0.000       0.000
    365    12    31  2001     77       0  rtu0770                1.502   29169.242     392.605    2043.392      15.157      85.467       0.441      63.100       0.006       0.177       0.000      44.409      26.964       0.000      20.112      10.882      15.497      16.579       3.498       0.762       0.472       0.000       0.000       0.000       0.000
    365    12    31  2001     78       0  rtu0780                0.382   12959.324       0.000    1675.956      15.270      16.447     104.399      52.651       0.000       0.000       0.000      12.900     353.288       0.000      20.105      10.890      15.497      16.580       3.498       0.762       0.473       0.000       0.000       0.000       0.000
    365    12    31  2001     79       0  rtu0790                1.813   40982.637      43.612    2440.177      15.198      83.993       3.519     104.271       0.010       0.017       0.000      70.608     137.021       0.000      20.177      10.831      15.504      16.580       3.498       0.761       0.463       0.000       0.000       0.000       0.000
    365    12    31  2001     80       0  rtu0800                1.955   39044.316     285.917    2160.084      15.187      88.826       0.109      84.326       0.000       0.080       0.000      60.590      38.600       0.000      20.177      10.831      15.504      16.579       3.498       0.761       0.463       0.000       0.000       0.000       0.000
    365    12    31  2001     81       0  rtu0810                2.036   36943.008     575.018    2344.683      14.895      52.789      53.901     103.157       0.000       0.224       0.000      58.624     138.259       0.000      20.324      10.354      15.339      16.096       3.388       0.760       0.458       0.000       0.000       0.000       0.000
    365    12    31  2001     82       0  rtu0820                1.761   40279.855     277.131    2585.652      14.490      72.629       4.048      88.647       0.004       0.091       0.000      65.237     152.870       0.000      22.601       9.320      15.960      11.395       2.321       0.728       0.508       0.000       0.000       0.000       0.000
    365    12    31  2001     83       0  rtu0830                1.563   26147.162     664.881    1872.023      12.253      46.332      44.221      73.740       0.014       0.405       0.000      37.745     127.484       0.000      21.752       5.718      13.735      11.394       2.321       0.751       0.410       0.000       0.000       0.000       0.000
    365    12    31  2001     84       0  rtu0840                1.866   30670.348     617.531    2117.089      13.557      35.682      89.900      74.849       0.000       0.373       0.000      43.118     181.422       0.000      22.231       7.753      14.992      11.394       2.321       0.738       0.465       0.000       0.000       0.000       0.000
    365    12    31  2001     85       0  rtu0850                1.908   41363.426     327.003    2285.941      11.559      96.872      71.163     140.870       3.796       0.179       0.000      61.869     179.140       0.000      14.524       8.316      11.420      16.479       2.386       0.717       0.323       0.000       0.000       0.000       0.000
    365    12    31  2001     86       0  rtu0860                1.568   32553.852       0.000    1559.193      11.523      60.160      22.278     101.982       0.000       0.000       0.000      51.683     104.797       0.000      14.523       8.315      11.419      16.479       2.386       0.717       0.323       0.000       0.000       0.000       0.000
    365    12    31  2001     87       0  rtu0870                2.120   50872.273      91.336    2563.079      12.346      55.519      28.161     121.133       0.000       0.038       0.000      77.147     143.390       0.000      17.036       8.379      12.708      15.679       5.064       0.742       0.520       0.000       0.000       0.000       0.000
    365    12    31  2001     88       0  rtu0880                2.176   52548.387       0.000    2575.977      12.341      58.497      28.681     122.959       0.000       0.000       0.000      79.733     134.142       0.000      17.036       8.379      12.707      15.678       5.064       0.742       0.520       0.000       0.000       0.000       0.000
    365    12    31  2001     89       0  rtu0890                2.063   46754.480     235.971    2561.728      11.994      76.245      25.306     130.600       0.012       0.053       0.000      74.206     147.498       0.000      15.775       8.347      12.061      16.080       3.720       0.729       0.421       0.000       0.000       0.000       0.000
    365    12    31  2001     90       0  rtu0900                1.832   36330.578     199.322    1882.516      11.498      84.619      48.569     107.484       0.329       0.046       0.000     121.925     169.635       0.000      14.523       8.315      11.419      16.479       2.386       0.717       0.323       0.000       0.000       0.000       0.000
    365    12    31  2001     91       0  rtu0910                2.742   52950.676      10.012    2535.618      13.785      96.009       4.655     122.949       0.000       0.006       0.000      82.674      49.063       0.000      21.568       7.018      14.293      15.488       3.077       0.771       0.445       0.000       0.000       0.000       0.000
    365    12    31  2001     92       0  rtu0920                0.780   12845.269    1931.652    2094.009      13.887      28.892      17.373      57.009       0.002       0.655       0.000      19.641      76.860       0.000      21.047       8.288      14.668      14.290       2.893       0.756       0.439       0.000       0.000       0.000       0.000
    365    12    31  2001     93       0  rtu0930                2.096   41287.180     485.882    2313.407      13.669      73.717       3.943     107.039       0.018       0.131       0.000      63.938     157.804       0.000      22.344       6.414      14.379      14.776       2.300       0.751       0.438       0.000       0.000       0.000       0.000
    365    12    31  2001     94       0  rtu0940                2.166   37702.262     504.248    2216.198      14.556      75.334      54.033      68.123       0.000       0.107       0.000      54.537     153.484       0.000      22.601       9.319      15.960      11.394       2.321       0.728       0.508       0.000       0.000       0.000       0.000
    365    12    31  2001     95       0  rtu0950                1.982   49948.562       0.000    2622.345      12.348      57.879      10.833     122.296       0.000       0.000       0.000      77.579     194.698       0.000      17.036       8.379      12.707      15.678       5.064       0.742       0.520       0.000       0.000       0.000       0.000
    365    12    31  2001     96       0  rtu0960                2.160   52141.395       0.000    2572.667      12.306      63.627       7.422     122.920       0.000       0.000       0.000      78.072     183.099       0.000      17.036       8.379      12.707      15.678       5.064       0.742       0.520       0.000       0.000       0.000       0.000
    365    12    31  2001     97       0  rtu0970                1.592   29118.977     730.990    2324.328      15.185      50.359      54.736      91.830       0.001       0.350       0.000      44.789      91.715       0.000      20.178      10.832      15.505      16.580       3.498       0.761       0.463       0.000       0.000       0.000       0.000
    365    12    31  2001     98       0  rtu0980                2.039   38565.195     705.951    2376.182      13.955      76.003       6.496      94.264       0.138       0.218       0.000      59.063      39.986       0.000      21.934       7.247      14.591      15.116       2.526       0.752       0.443       0.000       0.000       0.000       0.000
    365    12    31  2001     99       0  rtu0990                1.675   39441.703      68.419    2518.841      14.547      67.158      14.373      84.645       0.000       0.022       0.000      64.543     162.434       0.000      22.601       9.320      15.960      11.395       2.321       0.728       0.508       0.000       0.000       0.000       0.000
    365    12    31  2001    100       0  rtu1000                2.182   43439.887     249.108    2379.997      15.195      91.354      21.137     100.264       0.023       0.135       0.000      71.093      67.802       0.000      20.176      10.831      15.503      16.578       3.498       0.761       0.463       0.000       0.000       0.000       0.000
    365    12    31  2001    101       0  rtu1010                1.761   33629.465     751.205    2311.047      15.205      60.285      52.995      94.877       1.582       0.403       0.000      51.707     195.526       0.000      20.177      10.831      15.504      16.579       3.498       0.761       0.463       0.000       0.000       0.000       0.000
    365    12    31  2001    102       0  rtu1020                2.316   48608.031      44.564    2413.412      13.169      88.405      40.428     122.728       0.027       0.083       0.000      72.365     257.752       0.000      19.067       8.898      13.983      13.654       2.361       0.723       0.427       0.000       0.000       0.000       0.000
    365    12    31  2001    103       0  rtu1030                1.953   47173.336      23.821    2357.217      12.392      64.373      71.167     115.976       0.001       0.010       0.000      69.770     209.452       0.000      17.036       8.379      12.707      15.678       5.064       0.742       0.520       0.000       0.000       0.000       0.000
    365    12    31  2001    104       0  rtu1040                1.822   36829.480     818.470    2420.231      15.083      73.846      23.186     104.921       0.121       0.270       0.000      57.364     117.660       0.000      19.990      10.748      15.369      16.576       3.461       0.759       0.459       0.000       0.000       0.000       0.000
    365    12    31  2001    105       0  rtu1050                1.779   37855.129     319.809    2387.315      13.985      75.331      25.788     110.042       0.029       0.236       0.000      64.384     116.888       0.000      18.306       9.998      14.152      16.546       3.130       0.746       0.417       0.000       0.000       0.000       0.000
    365    12    31  2001    106       0  rtu1060                0.960   12409.730      21.351    1265.009      11.970       1.025     115.475      63.923       0.000       1.091       0.000      16.178     325.218       0.000      15.236       8.633      11.934      16.491       2.526       0.722       0.341       0.000       0.000       0.000       0.000
    365    12    31  2001    107       0  rtu1070                1.784   41403.164     539.223    2372.922      11.635     110.827       6.193     148.216       0.000       0.148       0.000      60.984     146.035       0.000      14.523       8.315      11.419      16.479       2.386       0.717       0.323       0.000       0.000       0.000       0.000
    365    12    31  2001    108       0  rtu1080                1.470   35791.000    1199.265    2307.634      11.610     103.561      42.788     133.785       0.000       0.178       0.000      49.794     127.926       0.000      14.523       8.315      11.419      16.479       2.386       0.717       0.323       0.000       0.000       0.000       0.000
    365    12    31  2001    109       0  rtu1090                1.235   28935.207     939.909    1907.595      11.598      78.887      32.123     109.596       0.000       0.167       0.000      41.123      94.206       0.000      14.524       8.316      11.420      16.480       2.386       0.717       0.323       0.000       0.000       0.000       0.000
    365    12    31  2001    110       0  rtu1100                1.744   35292.055    1181.250    2476.525      11.609      70.389      29.771     134.219       0.000       0.265       0.000      54.750      88.409       0.000      14.523       8.315      11.419      16.479       2.386       0.717       0.323       0.000       0.000       0.000       0.000
    365    12    31  2001    111       0  rtu1110                1.988   43177.434      42.758    2097.313      11.568      95.642      31.722     140.192       0.003       0.016       0.000      65.632     154.045       0.000      14.524       8.316      11.420      16.480       2.386       0.717       0.323       0.000       0.000       0.000       0.000
    365    12    31  2001    112       0  rtu1120                1.584   36755.902       0.000    1837.482      11.518      79.828      49.306     123.999       0.000       0.000       0.000      55.854     167.419       0.000      14.523       8.315      11.419      16.479       2.386       0.717       0.323       0.000       0.000       0.000       0.000
    365    12    31  2001    113       0  rtu1130                2.310   49863.059       0.000    2383.291      11.506     107.368      20.189     158.297       0.002       0.000       0.000      77.854     166.725       0.000      14.523       8.315      11.419      16.478       2.386       0.717       0.323       0.000       0.000       0.000       0.000
    365    12    31  2001    114       0  rtu1140                1.982   41162.371     382.982    2188.397      11.558      97.386      60.556     122.118       0.115       0.052       0.000      61.396     186.524       0.000      14.524       8.316      11.420      16.480       2.386       0.717       0.323       0.000       0.000       0.000       0.000
    365    12    31  2001    115       0  rtu1150                2.191   42480.414     380.426    2402.633      11.525      82.890      84.328     147.745       0.032       0.100       0.000      66.875     154.848       0.000      14.523       8.315      11.419      16.479       2.386       0.717       0.323       0.000       0.000       0.000       0.000
    365    12    31  2001    116       0  rtu1160                0.494    9119.735       0.000     455.512      11.468       5.729      34.982      30.834       0.000       0.000       0.000      14.096     148.835       0.000      14.523       8.315      11.419      16.479       2.386       0.717       0.323       0.000       0.000       0.000       0.000
    365    12    31  2001    117       0  rtu1170                1.887   33664.379      86.918    2042.366      11.514      14.702     148.095     123.240       0.008       0.237       0.000      52.095     263.436       0.000      14.523       8.315      11.419      16.479       2.386       0.717       0.323       0.000       0.000       0.000       0.000
    365    12    31  2001    118       0  rtu1180                2.392   47881.258     324.642    2439.592      11.550      96.809      97.448     140.805       0.416       0.044       0.000      73.964     161.240       0.000      14.524       8.315      11.420      16.478       2.387       0.717       0.323       0.000       0.000       0.000       0.000
    365    12    31  2001    119       0  rtu1190                2.190   52613.785       0.000    2575.780      12.301      60.061      40.567     123.968       0.000       0.000       0.000      79.398     113.821       0.000      16.955       8.360      12.657      15.764       4.848       0.744       0.518       0.000       0.000       0.000       0.000
