 Tordera                   SWAT+ Jul 2 2024        MODULAR Rev 2024.61.0.1                                
        jday         mon         day          yr   name        type              flo            sed           orgn           sedp            no3           solp           chla            nh3            no2           cbod            dox            san            sil            cla            sag            lag            grv           null
                                                                               m^3/s           tons            kgN            kgP            kgN            kgP             kg            kgN            kgN             kg             kg           tons           tons           tons           tons           tons           tons           degc
         365          12          31        2001 rtu0010         ru         8934457.       185.6694       2388.709       352.3105       818972.2       90.04053       7060.979      0.0000000E+00  0.0000000E+00  3.7369885E+08  1.8406834E+07  2.6559209E-02   13.16508      2.6559209E-02  2.6559209E-02  2.6559209E-02  0.0000000E+00   1.000135    
         365          12          31        2001 rtu0020         ru         6448540.       13.97128       377.6243       52.75979       537902.4       96.25699       744.6942      0.0000000E+00  0.0000000E+00  5.2897092E+07   9297815.      1.4547806E-02  1.4547806E-02  1.4547806E-02  1.4547806E-02  1.4547806E-02  0.0000000E+00   1.000033    
         365          12          31        2001 rtu0030         ru         2456132.      0.1321591       1.662073      0.2482266       19913.57       84.43295       726.4310      0.0000000E+00  0.0000000E+00   219728.2       480127.0      1.6973393E-02  1.6973393E-02  1.6973393E-02  1.6973393E-02  1.6973393E-02  0.0000000E+00   1.000465    
         365          12          31        2001 rtu0040         ru         1041537.      2.2326654E-03  1.3637618E-02  2.2735060E-03   17406.48       37.56333       305.0204      0.0000000E+00  0.0000000E+00   37316.92       668883.9      1.1540805E-02  1.1540805E-02  1.1540805E-02  1.1540805E-02  1.1540805E-02  0.0000000E+00   1.003545    
         365          12          31        2001 rtu0050         ru         527305.3      7.8228995E-06  4.8396942E-05  1.4519086E-04   12267.14       34.55521       742.8290      0.0000000E+00  0.0000000E+00   45484.17       343489.9      7.8229001E-03  7.8229001E-03  7.8229001E-03  7.8229001E-03  7.8229001E-03  0.0000000E+00   1.005411    
         365          12          31        2001 rtu0060         ru         82327.41      6.8070872E-06  6.6278808E-06  1.9883655E-05   2698.799       5.645119       75.84207      0.0000000E+00  0.0000000E+00   35356.77       53308.06      6.8070870E-03  6.8070870E-03  6.8070870E-03  6.8070870E-03  6.8070870E-03  0.0000000E+00   583.4800    
         365          12          31        2001 rtu0070         ru         3585.323      4.1763864E-02  0.4578782      6.8403430E-02   591.8208      9.2830665E-02   3.641724      0.0000000E+00  0.0000000E+00   127146.0       21885.04      2.7363854E-03  2.7363854E-03  2.7363854E-03  2.7363854E-03  2.7363854E-03  0.0000000E+00   114.4900    
         365          12          31        2001 rtu0080         ru         808207.1       25.05042       560.0753       77.12286       26545.83       10.97675       1080.969      0.0000000E+00  0.0000000E+00  6.3482428E+07   454729.9      1.4568879E-02   2.167791      1.4568879E-02  1.4568879E-02  1.4568879E-02  0.0000000E+00   1.001120    
         365          12          31        2001 rtu0090         ru         263.6230      2.2095937E-06  5.2538746E-07  1.5761627E-06   103.8724      2.6362669E-03  7.6641031E-02  0.0000000E+00  0.0000000E+00   29012.43       2356.109      2.2095933E-03  2.2095933E-03  2.2095933E-03  2.2095933E-03  2.2095933E-03  0.0000000E+00   1.232382    
         365          12          31        2001 rtu0100         ru         2755090.       1.380250       36.20850       4.910156       118525.6       116.7505       1858.359      0.0000000E+00  0.0000000E+00   6834294.       2681717.      2.6462270E-02   1.076768      2.6462270E-02  2.6462270E-02  2.6462270E-02  0.0000000E+00   1.000495    
         365          12          31        2001 rtu0110         ru         3315352.      0.2481950       1.860034      0.2689937       31897.17       154.3922       906.7839      0.0000000E+00  0.0000000E+00   321051.0       771944.7      1.6067972E-02  2.0565189E-02  1.6067972E-02  1.6067972E-02  1.6067972E-02  0.0000000E+00   1.000451    
         365          12          31        2001 rtu0120         ru         6629.832      1.3545646E-06  2.8809501E-07  8.6428525E-07   124.1711      0.6899068       1507.910      0.0000000E+00  0.0000000E+00   1040.345       6286.267      5.8968761E-04  5.8968761E-04  5.8968761E-04  5.8968761E-04  5.8968761E-04  0.0000000E+00   13.43188    
         365          12          31        2001 rtu0130         ru         215559.7      1.0052861E-02  0.1073346      1.6088484E-02   3822.191       16.66527       765.9833      0.0000000E+00  0.0000000E+00   22633.99       55375.28      2.4879454E-03  2.4879454E-03  2.4879454E-03  2.4879454E-03  2.4879454E-03  0.0000000E+00   1.000846    
         365          12          31        2001 rtu0140         ru        1.3681716E+07   53.57285       436.4584       67.34571       246904.8       160.3195       1199.771      0.0000000E+00  0.0000000E+00  3.9425504E+07   5951804.      2.2082593E-02  0.9168012      2.2082593E-02  2.2082593E-02  2.2082593E-02  0.0000000E+00   1.000028    
         365          12          31        2001 rtu0150         ru         1538687.       9.152227       138.0630       20.40523       23722.90       76.17742       5090.190      0.0000000E+00  0.0000000E+00  2.6978878E+07   579528.8      1.4639180E-02   3.869788      1.4639180E-02  1.4639180E-02  1.4639180E-02  0.0000000E+00   1.000453    
         365          12          31        2001 rtu0160         ru         1309624.      7.2349515E-03  0.2080429      3.0290060E-02   262279.3       6.967582       21.35117      0.0000000E+00  0.0000000E+00   96087.24       4453534.      1.0712857E-02  1.0712857E-02  1.0712857E-02  1.0712857E-02  1.0712857E-02  0.0000000E+00   1.000211    
         365          12          31        2001 rtu0170         ru         50764.32      0.3686210       4.475332      0.6689723       3515.506       2.399901       130.1951      0.0000000E+00  0.0000000E+00   1396386.       95878.98      8.5878074E-03  8.5878074E-03  8.5878074E-03  8.5878074E-03  8.5878074E-03  0.0000000E+00   1.005644    
         365          12          31        2001 rtu0180         ru         557489.1       52.14321       633.1956       91.94254       10125.39       14.60523       1849.692      0.0000000E+00  0.0000000E+00  1.1545654E+08   236622.3      1.2441087E-02   2.531499      1.2441087E-02  1.2441087E-02  1.2441087E-02  0.0000000E+00   1.001305    
         365          12          31        2001 rtu0190         ru         4836286.       51.13759       377.8939       55.11326       444156.7       27.87908       1783.776      0.0000000E+00  0.0000000E+00  9.4406760E+07  1.0568123E+07  3.4397960E-02  0.8438408      3.4397960E-02  3.4397960E-02  3.4397960E-02  0.0000000E+00   1.000836    
         365          12          31        2001 rtu0200         ru         1810072.       30.42096       629.5035       88.23954       68504.91       15.79400       3857.146      0.0000000E+00  0.0000000E+00  8.4521152E+07   1799928.      2.6985511E-02   7.965499      2.6985511E-02  2.6985511E-02  2.6985511E-02  0.0000000E+00   1.000563    
         365          12          31        2001 rtu0210         ru        1.2847345E+07   18.44535       128.4006       19.03318       568589.4       66.51744       218.4803      0.0000000E+00  0.0000000E+00   6804853.      1.4221154E+07  2.2023700E-02  0.9516526      2.2023700E-02  2.2023700E-02  2.2023700E-02  0.0000000E+00   1.000104    
         365          12          31        2001 rtu0220         ru         4400596.       5.565731       106.0581       17.15523       256220.2       52.37384       4209.803      0.0000000E+00  0.0000000E+00  1.9894188E+07   9610217.      6.4175896E-02   21.08332      6.4175896E-02  6.4175896E-02  6.4175896E-02  0.0000000E+00   1.000134    
         365          12          31        2001 rtu0230         ru        1.8853454E+07   131.9915       938.4437       151.7374       969711.8       125.2303       1183.427      0.0000000E+00  0.0000000E+00  5.5126076E+07  1.8870478E+07  2.6039688E-02  2.6039688E-02  2.6039688E-02  2.6039688E-02  2.6039688E-02  0.0000000E+00   1.000045    
         365          12          31        2001 rtu0240         ru         8187637.       3.904910       88.50124       12.23987       879951.1       69.87288       3817.565      0.0000000E+00  0.0000000E+00  1.9653852E+07  2.1813294E+07  4.6083666E-02  0.9144579      4.6083666E-02  4.6083666E-02  4.6083666E-02  0.0000000E+00   1.000436    
         365          12          31        2001 rtu0250         ru         3910888.       64.44511       941.3387       131.5552       331126.4       71.31055       1845.020      0.0000000E+00  0.0000000E+00  1.3421108E+08   9262287.      2.3657953E-02   2.146795      2.3657953E-02  2.3657953E-02  2.3657953E-02  0.0000000E+00   1.000534    
         365          12          31        2001 rtu0260         ru         1841945.       9.505088       286.7227       38.75446       52573.46       19.66995       15682.68      0.0000000E+00  0.0000000E+00  5.0015660E+07   961562.9      2.2812501E-02   7.928966      2.2812501E-02  2.2812501E-02  2.2812501E-02  0.0000000E+00   1.000137    
         365          12          31        2001 rtu0270         ru         956689.9       93.97437       1872.761       253.4467       38982.63       14.94728       7425.209      0.0000000E+00  0.0000000E+00  4.2684307E+08   1605302.      5.9668116E-02   3.486904      5.9668116E-02  5.9668116E-02  5.9668116E-02  0.0000000E+00   1.000143    
         365          12          31        2001 rtu0280         ru         93050.56      6.2531889E-03  0.1754662      2.3653477E-02   518.9711       7.931707       69.23348      0.0000000E+00  0.0000000E+00   68247.10       8556.008      2.3546310E-03  2.3546310E-03  2.3546310E-03  2.3546310E-03  2.3546310E-03  0.0000000E+00   1.002541    
         365          12          31        2001 rtu0290         ru         1134183.       11.65306       261.0803       35.34093       17792.11       64.50451       1416.320      0.0000000E+00  0.0000000E+00  3.4080396E+07   205380.1      8.1211831E-03  0.6074782      8.1211831E-03  8.1211831E-03  8.1211831E-03  0.0000000E+00   1.000215    
         365          12          31        2001 rtu0300         ru         1775286.       28.11946       623.5206       84.97081       27817.46       95.10437       3314.326      0.0000000E+00  0.0000000E+00  8.1158064E+07   414311.1      2.0475257E-02   2.128419      2.0475257E-02  2.0475257E-02  2.0475257E-02  0.0000000E+00   1.000206    
         365          12          31        2001 rtu0310         ru         2969726.       11.45486       235.3742       33.17873       183952.0       46.48173       3713.768      0.0000000E+00  0.0000000E+00  4.4127776E+07   4409340.      6.0343437E-02   7.322652      6.0343437E-02  6.0343437E-02  6.0343437E-02  0.0000000E+00   1.000289    
         365          12          31        2001 rtu0320         ru         118765.5      2.5588065E-06  5.7340408E-06  1.7202119E-05   3047.952       7.541630       53.81724      0.0000000E+00  0.0000000E+00   12567.99       46594.89      2.5588069E-03  2.5588069E-03  2.5588069E-03  2.5588069E-03  2.5588069E-03  0.0000000E+00   2299.803    
         365          12          31        2001 rtu0330         ru         39758.34      6.3158378E-02   2.529144      0.3379761       3110.328      0.4064967       16.12665      0.0000000E+00  0.0000000E+00   438505.6       85936.95      8.1722233E-03  8.1722233E-03  8.1722233E-03  8.1722233E-03  8.1722233E-03  0.0000000E+00   1.018647    
         365          12          31        2001 rtu0340         ru         2207067.      0.8266568       1.593303      0.4506851       99386.66       91.53906       2591.685      0.0000000E+00  0.0000000E+00   200679.6       3102596.      2.9649701E-02   2.487267      2.9649701E-02  2.9649701E-02  2.9649701E-02  0.0000000E+00   1.000778    
         365          12          31        2001 rtu0350         ru         3564548.       6.353772       150.0578       20.80372       89159.11       201.9855       3369.274      0.0000000E+00  0.0000000E+00  1.8610312E+07   2198563.      3.9600655E-02   2.520963      3.9600655E-02  3.9600655E-02  3.9600655E-02  0.0000000E+00   1.000234    
         365          12          31        2001 rtu0360         ru         1938395.       29.23774       269.0710       42.06808       85704.68       37.56675       2435.676      0.0000000E+00  0.0000000E+00  4.3747760E+07   6192711.      5.0952327E-02   5.447129      5.0952327E-02  5.0952327E-02  5.0952327E-02  0.0000000E+00   1.000162    
         365          12          31        2001 rtu0370         ru         21482.31      5.6452025E-02  0.7064112      9.9988095E-02   65.31552      0.9778876       3.738552      0.0000000E+00  0.0000000E+00   20657.47       932.9893      7.8951591E-04  7.8951591E-04  7.8951591E-04  7.8951591E-04  7.8951591E-04  0.0000000E+00   1.010891    
         365          12          31        2001 rtu0380         ru         358009.4       2.800041       34.22322       5.018365       2526.789       20.24362       244.2400      0.0000000E+00  0.0000000E+00   1393030.       45617.45      3.9141271E-03  0.2712201      3.9141271E-03  3.9141271E-03  3.9141271E-03  0.0000000E+00   1.000726    
         365          12          31        2001 rtu0390         ru         3437931.      0.6935458       2.952934      0.8693733       303674.1       76.19856       1894.425      0.0000000E+00  0.0000000E+00   153617.9       5763062.      3.3250865E-02   4.985617      3.3250865E-02  3.3250865E-02  3.3250865E-02  0.0000000E+00   1.000492    
         365          12          31        2001 rtu0400         ru         906629.1      5.0365146E-02  1.9912310E-02  6.1558415E-03   8472.954       36.33409       157.1240      0.0000000E+00  0.0000000E+00   5822.514       77422.65      5.4094666E-03  4.2010713E-02  5.4094666E-03  5.4094666E-03  5.4094666E-03  0.0000000E+00   1.000439    
         365          12          31        2001 rtu0410         ru         4457754.      0.2289707       1.836320      0.5674688       280239.4       78.99065       1063.638      0.0000000E+00  0.0000000E+00   52341.06       4924172.      1.8048521E-02   3.399786      1.8048521E-02  1.8048521E-02  1.8048521E-02  0.0000000E+00   1.000180    
         365          12          31        2001 rtu0420         ru         32124.80      0.2994072      9.3647823E-02  2.8858246E-02   561.8051      0.1184041       12.13160      0.0000000E+00  0.0000000E+00   7467.527       8199.571      2.4484650E-03  0.1748383      2.4484650E-03  2.4484650E-03  2.4484650E-03  0.0000000E+00   1.033673    
         365          12          31        2001 rtu0430         ru         6337646.       23.38323       549.9124       77.16158       166168.6       231.7512       3456.917      0.0000000E+00  0.0000000E+00  3.2248792E+07   3662019.      2.0611567E-02   7.326004      2.0611567E-02  2.0611567E-02  2.0611567E-02  0.0000000E+00   1.000093    
         365          12          31        2001 rtu0440         ru        1.9209014E+07   431.2699       6699.513       942.6078       584196.6       627.4371       11345.60      0.0000000E+00  0.0000000E+00  5.6574029E+08  1.1946026E+07  3.8824964E-02   11.12726      3.8824964E-02  3.8824964E-02  3.8824964E-02  0.0000000E+00   1.000048    
         365          12          31        2001 rtu0450         ru         29891.76      2.1788105E-06  1.2581660E-05  3.7744980E-05   4314.224      0.3605484       13.99127      0.0000000E+00  0.0000000E+00   10259.99       86777.27      2.1788110E-03  2.1788110E-03  2.1788110E-03  2.1788110E-03  2.1788110E-03  0.0000000E+00   1.029982    
         365          12          31        2001 rtu0460         ru         1524207.      1.4789382E-03  4.4406721E-04  1.3322019E-03   240081.0       11.53388       30.65503      0.0000000E+00  0.0000000E+00   46691.87       4075991.      8.7414104E-03  8.7414104E-03  8.7414104E-03  8.7414104E-03  8.7414104E-03  0.0000000E+00   1.000227    
         365          12          31        2001 rtu0470         ru         6583340.       7.900856       152.4908       22.10476       489562.0       81.30746       499.6788      0.0000000E+00  0.0000000E+00  3.5813648E+07   7781772.      1.6560031E-02  1.6560031E-02  1.6560031E-02  1.6560031E-02  1.6560031E-02  0.0000000E+00   1.000034    
         365          12          31        2001 rtu0480         ru         57358.98      0.4710619       5.809170      0.8455133       322.2731       3.279066       27.75701      0.0000000E+00  0.0000000E+00   236287.1       4421.801      1.1299797E-03  1.1299797E-03  1.1299797E-03  1.1299797E-03  1.1299797E-03  0.0000000E+00   1.003376    
         365          12          31        2001 rtu0490         ru         1549935.       200.4336       2695.540       382.3101       23360.94       41.86738       5159.374      0.0000000E+00  0.0000000E+00  4.4479091E+08   589673.1      1.8452227E-02   6.576234      1.8452227E-02  1.8452227E-02  1.8452227E-02  0.0000000E+00   1.000364    
         365          12          31        2001 rtu0500         ru         4969944.      1.3359801E-02  0.1281769      1.9038329E-02   36651.41       172.0719       1354.146      0.0000000E+00  0.0000000E+00   57456.44       775346.5      6.1412458E-03  6.1412458E-03  6.1412458E-03  6.1412458E-03  6.1412458E-03  0.0000000E+00   1.000634    
         365          12          31        2001 rtu0510         ru         2408512.      8.7387087E-03  8.3210610E-02  1.1975110E-02   25847.59       75.62840       367.1822      0.0000000E+00  0.0000000E+00   44974.81       627101.8      9.8268818E-03  9.8268818E-03  9.8268818E-03  9.8268818E-03  9.8268818E-03  0.0000000E+00   1.007847    
         365          12          31        2001 rtu0520         ru         818092.9       1.059765       22.31278       3.161477       21278.29       7.338847       221.8309      0.0000000E+00  0.0000000E+00   2149455.       421092.5      1.0448008E-02   1.098945      1.0448008E-02  1.0448008E-02  1.0448008E-02  0.0000000E+00   1.000379    
         365          12          31        2001 rtu0530         ru         284231.7      0.4680656       2.963379      0.4368532       4116.868       20.82603       489.4375      0.0000000E+00  0.0000000E+00   1271825.       57675.95      4.7986810E-03  0.2427701      4.7986810E-03  4.7986810E-03  4.7986810E-03  0.0000000E+00   1.001187    
         365          12          31        2001 rtu0540         ru         3449086.       1.425808       14.87555       2.475265       395715.7       12.47601       696.0308      0.0000000E+00  0.0000000E+00   1467542.       7974788.      3.2626372E-02   3.969530      3.2626372E-02  3.2626372E-02  3.2626372E-02  0.0000000E+00   1.000736    
         365          12          31        2001 rtu0550         ru         8701921.       76.85247       1132.632       167.5158       347520.7       275.2134       8001.221      0.0000000E+00  0.0000000E+00  8.6416440E+07   8273848.      3.0383363E-02   16.29203      3.0383363E-02  3.0383363E-02  3.0383363E-02  0.0000000E+00   1.000108    
         365          12          31        2001 rtu0560         ru         8796730.       158.0927       1598.695       242.8068       249279.6       43.90873       4217.093      0.0000000E+00  0.0000000E+00  2.8597568E+08   7669815.      4.9489453E-02   9.889492      4.9489453E-02  4.9489453E-02  4.9489453E-02  0.0000000E+00   1.000036    
         365          12          31        2001 rtu0570         ru         6325068.       8.503424       119.6062       17.41366       466185.2       132.4538       1815.319      0.0000000E+00  0.0000000E+00   6370369.       9264888.      5.9531346E-02  5.9531346E-02  5.9531346E-02  5.9531346E-02  5.9531346E-02  0.0000000E+00   1.000171    
         365          12          31        2001 rtu0580         ru         1486759.       18.26889       286.3873       40.76992       120846.7       36.76679       1331.274      0.0000000E+00  0.0000000E+00  2.9281922E+07   2924981.      2.0323096E-02  0.7274393      2.0323096E-02  2.0323096E-02  2.0323096E-02  0.0000000E+00   1.000588    
         365          12          31        2001 rtu0590         ru         176226.2       3.411084       40.67345       6.012383       812.4430       10.26501       130.7274      0.0000000E+00  0.0000000E+00   3305454.       14361.10      2.5265941E-03  0.1382746      2.5265941E-03  2.5265941E-03  2.5265941E-03  0.0000000E+00   1.001509    
         365          12          31        2001 rtu0600         ru         276444.1       1.912024       25.96462       3.891845       7765.378       8.687294       277.9327      0.0000000E+00  0.0000000E+00   1895621.       200618.5      5.5231107E-03  0.5388305      5.5231107E-03  5.5231107E-03  5.5231107E-03  0.0000000E+00   1.002839    
         365          12          31        2001 rtu0610         ru         3120184.       193.4346       2265.038       342.1516       90113.32       35.36838       3886.297      0.0000000E+00  0.0000000E+00  2.5680184E+08   2231065.      1.5582814E-02   10.71956      1.5582814E-02  1.5582814E-02  1.5582814E-02  0.0000000E+00   1.000248    
         365          12          31        2001 rtu0620         ru         222018.1       5.597031       79.54967       11.82935       7617.174       11.17914       280.6675      0.0000000E+00  0.0000000E+00   5254108.       172332.1      3.5938183E-03  3.5938183E-03  3.5938183E-03  3.5938183E-03  3.5938183E-03  0.0000000E+00   1.001714    
         365          12          31        2001 rtu0630         ru         3274532.       6.844911       97.93885       14.59105       147667.8       81.72051       4215.787      0.0000000E+00  0.0000000E+00  1.0298768E+07   4176884.      2.1409387E-02   2.982121      2.1409387E-02  2.1409387E-02  2.1409387E-02  0.0000000E+00   1.000362    
         365          12          31        2001 rtu0640         ru         2778867.      0.2587161      0.1754118      5.6187060E-02   412309.8       2.409037       27.40190      0.0000000E+00  0.0000000E+00   104760.7       6833508.      1.6806541E-02  0.3383963      1.6806541E-02  1.6806541E-02  1.6806541E-02  0.0000000E+00   1.001453    
         365          12          31        2001 rtu0650         ru        1.4672910E+07   105.6575       1417.306       205.5261       392883.6       51.37376       978.9631      0.0000000E+00  0.0000000E+00  9.9956288E+07   6850952.      3.0209647E-02   7.952715      3.0209647E-02  3.0209647E-02  3.0209647E-02  0.0000000E+00   1.000042    
         365          12          31        2001 rtu0660         ru         194561.6      1.1273883E-02  5.4632651E-04  1.6861895E-04   86.05798       1.935872      0.8053901      0.0000000E+00  0.0000000E+00  7.9712570E-02   1155.155      9.4487786E-04  1.9321395E-03  9.4487786E-04  9.4487786E-04  9.4487786E-04  0.0000000E+00   1.001965    
         365          12          31        2001 rtu0670         ru         6228818.      0.6189378       2.356777      0.7225593       246895.5       9.009834       177.6517      0.0000000E+00  0.0000000E+00   44972.58       5885837.      1.3422419E-02   4.295488      1.3422419E-02  1.3422419E-02  1.3422419E-02  0.0000000E+00   1.000189    
         365          12          31        2001 rtu0680         ru         5105890.       33.48447       962.0299       130.6594       126014.1       226.8490       7447.046      0.0000000E+00  0.0000000E+00  1.1543921E+08   3758306.      3.2634906E-02   14.85634      3.2634906E-02  3.2634906E-02  3.2634906E-02  0.0000000E+00   1.000486    
         365          12          31        2001 rtu0690         ru         1045456.       1.281240       22.10449       3.445603       46429.09       29.25781       1993.639      0.0000000E+00  0.0000000E+00   5948918.       2016534.      2.5950598E-02   4.196694      2.5950598E-02  2.5950598E-02  2.5950598E-02  0.0000000E+00   1.000914    
         365          12          31        2001 rtu0700         ru         2880578.       2.530011       39.04829       7.495738       47222.41       25.27231       5496.147      0.0000000E+00  0.0000000E+00  1.0511811E+07   3248163.      4.2188015E-02   21.21781      4.2188015E-02  4.2188015E-02  4.2188015E-02  0.0000000E+00   1.000434    
         365          12          31        2001 rtu0710         ru         474385.6       2.127483       28.19640       4.177230       42276.93       15.59814       616.6044      0.0000000E+00  0.0000000E+00   9304056.       3469843.      2.9928774E-02  0.6511407      2.9928774E-02  2.9928774E-02  2.9928774E-02  0.0000000E+00   1.000429    
         365          12          31        2001 rtu0720         ru         870145.5      0.7058036       7.253164       1.434840       24440.34       11.19333       998.5123      0.0000000E+00  0.0000000E+00   1979356.       648933.4      1.6161375E-02   4.327502      1.6161375E-02  1.6161375E-02  1.6161375E-02  0.0000000E+00   1.001169    
         365          12          31        2001 rtu0730         ru         2188286.       565.5610       8042.210       1106.957       79027.23       37.83705       15014.32      0.0000000E+00  0.0000000E+00  1.6393297E+09   3853910.      6.3917384E-02   12.60525      6.3917384E-02  6.3917384E-02  6.3917384E-02  0.0000000E+00   1.000269    
         365          12          31        2001 rtu0740         ru         134063.6      3.7862685E-06  4.9644270E-05  1.4893273E-04   25427.36      0.2712242      0.9992000      0.0000000E+00  0.0000000E+00   24213.79       342818.6      3.7862670E-03  3.7862670E-03  3.7862670E-03  3.7862670E-03  3.7862670E-03  0.0000000E+00   166.7172    
         365          12          31        2001 rtu0750         ru         85049.62      2.3111445E-06  2.9404093E-05  8.8212219E-05   13787.57      5.9824359E-02  0.4409606      0.0000000E+00  0.0000000E+00   12529.37       200014.1      2.3111445E-03  2.3111445E-03  2.3111445E-03  2.3111445E-03  2.3111445E-03  0.0000000E+00   485.5618    
         365          12          31        2001 rtu0760         ru         3672673.       37.79743       1039.250       141.6322       126025.9       43.46304       9427.301      0.0000000E+00  0.0000000E+00  1.4579290E+08   5335053.      6.8398669E-02   10.71587      6.8398669E-02  6.8398669E-02  6.8398669E-02  0.0000000E+00   1.000181    
         365          12          31        2001 rtu0770         ru         2503083.       35.59451       477.0800       64.66119       35965.11       37.49502       3884.323      0.0000000E+00  0.0000000E+00  1.2320216E+08   3089432.      5.6421176E-02   7.980449      5.6421176E-02  5.6421176E-02  5.6421176E-02  0.0000000E+00   1.000726    
         365          12          31        2001 rtu0780         ru         1162182.       4.100130       131.3827       17.57560       15310.34       98.80898       951.9306      0.0000000E+00  0.0000000E+00   8021443.       178985.6      7.4346196E-03  0.1349425      7.4346196E-03  7.4346196E-03  7.4346196E-03  0.0000000E+00   1.000129    
         365          12          31        2001 rtu0790         ru         5528548.       16.91364       309.2060       43.94896       281613.4       57.24432       2806.495      0.0000000E+00  0.0000000E+00  5.4217580E+07   8463382.      4.8415851E-02   9.505350      4.8415851E-02  4.8415851E-02  4.8415851E-02  0.0000000E+00   1.000199    
         365          12          31        2001 rtu0800         ru         2074822.       2.080183       20.49840       4.165161       53940.21       14.14380       2462.926      0.0000000E+00  0.0000000E+00   5454118.       3345839.      6.3323282E-02   13.05667      6.3323282E-02  6.3323282E-02  6.3323282E-02  0.0000000E+00   1.002033    
         365          12          31        2001 rtu0810         ru         351701.8       3.217187       29.23380       4.447140       4522.306       16.62270       260.4825      0.0000000E+00  0.0000000E+00   7524348.       98679.30      7.7875378E-03  0.1543538      7.7875378E-03  7.7875378E-03  7.7875378E-03  0.0000000E+00   1.007154    
         365          12          31        2001 rtu0820         ru         2592212.       2.342038       32.12104       4.655004       269234.5       16.42966       797.0354      0.0000000E+00  0.0000000E+00  1.0147678E+07   6092100.      3.4348253E-02  3.4348253E-02  3.4348253E-02  3.4348253E-02  3.4348253E-02  0.0000000E+00   1.000295    
         365          12          31        2001 rtu0830         ru         9595401.       1000.883       13544.08       1883.029       342177.0       328.2413       34016.86      0.0000000E+00  0.0000000E+00  2.7080061E+09  1.0438195E+07  3.8686663E-02   17.27025      3.8686663E-02  3.8686663E-02  3.8686663E-02  0.0000000E+00   1.000059    
         365          12          31        2001 rtu0840         ru         2111705.       13.13768       177.4317       26.02850       53720.03       125.9818       3767.305      0.0000000E+00  0.0000000E+00  3.2521956E+07   1295047.      2.1764334E-02   1.055369      2.1764334E-02  2.1764334E-02  2.1764334E-02  0.0000000E+00   1.000346    
         365          12          31        2001 rtu0850         ru         4997136.       23.62635       277.4692       40.45129       83546.77       82.05039       1546.221      0.0000000E+00  0.0000000E+00  1.4262690E+07   1977679.      1.7803343E-02  1.7803343E-02  1.7803343E-02  1.7803343E-02  1.7803343E-02  0.0000000E+00   1.000066    
         365          12          31        2001 rtu0860         ru         1092708.      0.2193903       2.008690      0.6191351       28489.77       12.23709       559.5107      0.0000000E+00  0.0000000E+00   22852.38       552563.9      8.0873128E-03   3.708371      8.0873128E-03  8.0873128E-03  8.0873128E-03  0.0000000E+00   1.000781    
         365          12          31        2001 rtu0870         ru         285023.7       1.163574       25.96984       3.696151       66603.68       2.330303       64.38331      0.0000000E+00  0.0000000E+00   5825590.       1209516.      5.0076973E-03  5.0076973E-03  5.0076973E-03  5.0076973E-03  5.0076973E-03  0.0000000E+00   6.199208    
         365          12          31        2001 rtu0880         ru         893312.8      4.3078666E-04  1.7822241E-02  3.5005650E-03   195540.6       5.703888       15.96047      0.0000000E+00  0.0000000E+00   53284.09       3436029.      7.4888272E-03  7.4888272E-03  7.4888272E-03  7.4888272E-03  7.4888272E-03  0.0000000E+00   1.003632    
         365          12          31        2001 rtu0890         ru         1501705.       3.578599       58.99094       8.566265       319780.1       20.13553       658.6846      0.0000000E+00  0.0000000E+00   7313783.       4935382.      1.4297036E-02  1.4297036E-02  1.4297036E-02  1.4297036E-02  1.4297036E-02  0.0000000E+00   1.000312    
         365          12          31        2001 rtu0900         ru         2826721.       29.28064       446.1881       65.43879       116677.5       23.94036       1274.794      0.0000000E+00  0.0000000E+00  4.3970104E+07   2417170.      1.5194914E-02   4.982905      1.5194914E-02  1.5194914E-02  1.5194914E-02  0.0000000E+00   1.000362    
         365          12          31        2001 rtu0910         ru         525497.1       44.66695       580.7697       82.54730       62872.83       6.035407       1111.783      0.0000000E+00  0.0000000E+00  1.3242957E+08   3882614.      2.1741703E-02   2.026700      2.1741703E-02  2.1741703E-02  2.1741703E-02  0.0000000E+00   1.000374    
         365          12          31        2001 rtu0920         ru         2540438.       145.1226       1858.250       274.3144       68854.78       74.43398       7445.658      0.0000000E+00  0.0000000E+00  3.4432429E+08   2711827.      4.2402878E-02   8.019955      4.2402878E-02  4.2402878E-02  4.2402878E-02  0.0000000E+00   1.000127    
         365          12          31        2001 rtu0930         ru         2377118.      0.7383010       4.086173      0.8852668       84384.23       8.882524       312.8650      0.0000000E+00  0.0000000E+00   446362.0       2383547.      2.2357674E-02   3.491749      2.2357674E-02  2.2357674E-02  2.2357674E-02  0.0000000E+00   1.001310    
         365          12          31        2001 rtu0940         ru         2550689.       93.63490       1399.956       200.4234       165887.6       48.08204       4151.901      0.0000000E+00  0.0000000E+00  2.1629309E+08   4159846.      4.1155063E-02   3.920948      4.1155063E-02  4.1155063E-02  4.1155063E-02  0.0000000E+00   1.000226    
         365          12          31        2001 rtu0950         ru         634047.2      7.0033007E-04  2.4144165E-04  7.2432496E-04   151520.1       2.883672       8.716475      0.0000000E+00  0.0000000E+00   40828.62       1961326.      7.7177556E-03  7.7177556E-03  7.7177556E-03  7.7177556E-03  7.7177556E-03  0.0000000E+00   1.002221    
         365          12          31        2001 rtu0960         ru         948736.2      7.8958847E-06  3.5285499E-04  1.0585645E-03   203583.2       3.341328       9.739112      0.0000000E+00  0.0000000E+00   40427.68       2847498.      7.8958916E-03  7.8958916E-03  7.8958916E-03  7.8958916E-03  7.8958916E-03  0.0000000E+00   1.016152    
         365          12          31        2001 rtu0970         ru         4794805.       4.266160       54.51385       8.270998       82626.46       323.1497       8263.976      0.0000000E+00  0.0000000E+00  1.9402066E+07   2851009.      3.8570188E-02   3.578546      3.8570188E-02  3.8570188E-02  3.8570188E-02  0.0000000E+00   1.000122    
         365          12          31        2001 rtu0980         ru         1201637.       2.395604       22.35902       3.710706       36180.59       19.45971       1010.796      0.0000000E+00  0.0000000E+00   7961512.       2826642.      3.6054518E-02   4.727412      3.6054518E-02  3.6054518E-02  3.6054518E-02  0.0000000E+00   1.002454    
         365          12          31        2001 rtu0990         ru         590487.1       1.437471       21.74380       3.124952       77472.08       7.003958       215.2198      0.0000000E+00  0.0000000E+00   6680560.       1599752.      4.0856168E-02  4.0856168E-02  4.0856168E-02  4.0856168E-02  4.0856168E-02  0.0000000E+00   1.000233    
         365          12          31        2001 rtu1000         ru         3768377.       252.6705       2377.895       341.3095       121475.2       121.2877       8009.320      0.0000000E+00  0.0000000E+00  5.0648275E+08   6154902.      5.3675883E-02   5.658555      5.3675883E-02  5.3675883E-02  5.3675883E-02  0.0000000E+00   1.000207    
         365          12          31        2001 rtu1010         ru        1.0887466E+07   15.56172       327.2175       45.03718       88250.97       321.0961       3065.318      0.0000000E+00  0.0000000E+00  2.6018950E+07   2238466.      2.3254413E-02  0.1929329      2.3254413E-02  2.3254413E-02  2.3254413E-02  0.0000000E+00   1.000108    
         365          12          31        2001 rtu1020         ru        3.3471786E+07   40.48125       553.3745       76.32534       471913.8       943.2976       4055.840      0.0000000E+00  0.0000000E+00  2.1751300E+07   9121693.      2.1668587E-02  2.1668587E-02  2.1668587E-02  2.1668587E-02  2.1668587E-02  0.0000000E+00   1.000028    
         365          12          31        2001 rtu1030         ru         4327835.       5.741689       62.71541       9.291268       53893.96       47.89408       259.2612      0.0000000E+00  0.0000000E+00   9525067.       1175201.      1.8591588E-02  0.9418244      1.8591588E-02  1.8591588E-02  1.8591588E-02  0.0000000E+00   1.000226    
         365          12          31        2001 rtu1040         ru         4238292.       11.69876       155.8997       22.92978       77364.35       100.5257       1811.204      0.0000000E+00  0.0000000E+00  1.7862512E+07   2715967.      3.3087324E-02   1.947804      3.3087324E-02  3.3087324E-02  3.3087324E-02  0.0000000E+00   1.000173    
         365          12          31        2001 rtu1050         ru         2742928.       55.09210       648.5721       95.47667       100567.1       130.4754       4291.108      0.0000000E+00  0.0000000E+00  8.9254280E+07   3374030.      2.6531577E-02   1.957238      2.6531577E-02  2.6531577E-02  2.6531577E-02  0.0000000E+00   1.000302    
         365          12          31        2001 rtu1060         ru         3580717.       26.59299       376.7922       53.57779       20958.85       193.1287       1339.412      0.0000000E+00  0.0000000E+00  1.5051464E+07   302283.8      1.1039721E-02  0.3689383      1.1039721E-02  1.1039721E-02  1.1039721E-02  0.0000000E+00   1.000126    
         365          12          31        2001 rtu1070         ru         231633.3      0.3956722       4.579589      0.6983013       22510.55       1.183745       36.24927      0.0000000E+00  0.0000000E+00   569079.2       522019.5      1.1087138E-02  1.1087138E-02  1.1087138E-02  1.1087138E-02  1.1087138E-02  0.0000000E+00   1.002105    
         365          12          31        2001 rtu1080         ru         74291.77      0.4413933       4.557410      0.6833617       6979.700       1.249837       52.33490      0.0000000E+00  0.0000000E+00   717146.4       158037.7      5.0638160E-03  8.5966706E-02  5.0638160E-03  5.0638160E-03  5.0638160E-03  0.0000000E+00   1.001685    
         365          12          31        2001 rtu1090         ru         759885.6       270.8281       1608.082       231.5004       35903.80       8.305275       1861.134      0.0000000E+00  0.0000000E+00  3.5883427E+08   849502.0      1.6658133E-02   3.137528      1.6658133E-02  1.6658133E-02  1.6658133E-02  0.0000000E+00   1.000579    
         365          12          31        2001 rtu1100         ru         32039.47      0.3176515       4.930920      0.7221451       3339.675       1.061119       46.48472      0.0000000E+00  0.0000000E+00   597606.0       100201.0      3.0378231E-03  3.0378231E-03  3.0378231E-03  3.0378231E-03  3.0378231E-03  0.0000000E+00   10.88378    
         365          12          31        2001 rtu1110         ru         7490081.       176.9686       2093.902       317.5912       414220.2       235.6544       9957.024      0.0000000E+00  0.0000000E+00  2.4723899E+08   8191975.      4.6063703E-02   14.28895      4.6063703E-02  4.6063703E-02  4.6063703E-02  0.0000000E+00   1.000072    
         365          12          31        2001 rtu1120         ru         2139982.      0.5365995       1.410206      0.4033603       33890.11       41.90400       993.0676      0.0000000E+00  0.0000000E+00   115113.2       870528.2      1.7964678E-02   2.250951      1.7964678E-02  1.7964678E-02  1.7964678E-02  0.0000000E+00   1.000145    
         365          12          31        2001 rtu1130         ru         3530981.      0.6115191       1.772565      0.4896297       316710.3       43.50457       1361.991      0.0000000E+00  0.0000000E+00   378905.8       6166327.      2.2158302E-02   2.613673      2.2158302E-02  2.2158302E-02  2.2158302E-02  0.0000000E+00   1.000896    
         365          12          31        2001 rtu1140         ru         3985490.       1.784176       67.55685       9.211158       111201.6       174.9706       2423.935      0.0000000E+00  0.0000000E+00   2111566.       2369599.      2.0112118E-02   1.892305      2.0112118E-02  2.0112118E-02  2.0112118E-02  0.0000000E+00   1.000235    
         365          12          31        2001 rtu1150         ru         4089148.       99.36890       857.6218       125.3524       290808.0       61.07547       3896.207      0.0000000E+00  0.0000000E+00  1.1633445E+08   6634066.      1.2275094E-02   1.322705      1.2275094E-02  1.2275094E-02  1.2275094E-02  0.0000000E+00   1.000647    
         365          12          31        2001 rtu1160         ru         820249.6      0.5215259       1.368543      0.4217264       7821.255       21.42501       506.0302      0.0000000E+00  0.0000000E+00   25289.93       154768.1      6.6083958E-03   2.527523      6.6083958E-03  6.6083958E-03  6.6083958E-03  0.0000000E+00   1.014325    
         365          12          31        2001 rtu1170         ru         1880818.       24.46503       332.9081       47.61682       28571.97       88.30925       1819.394      0.0000000E+00  0.0000000E+00  1.9933396E+07   495056.6      1.2640655E-02  0.3599961      1.2640655E-02  1.2640655E-02  1.2640655E-02  0.0000000E+00   1.002558    
         365          12          31        2001 rtu1180         ru         3440615.       3.437113       63.68077       9.133197       105619.9       151.0621       2024.593      0.0000000E+00  0.0000000E+00   1727952.       2252625.      6.5440447E-03  6.5440447E-03  6.5440447E-03  6.5440447E-03  6.5440447E-03  0.0000000E+00   1.002440    
         365          12          31        2001 rtu1190         ru         102048.1      3.6521283E-06  4.7362195E-05  1.4208660E-04   16071.38      0.5324109       2.375257      0.0000000E+00  0.0000000E+00   21294.90       397339.8      3.6521272E-03  3.6521272E-03  3.6521272E-03  3.6521272E-03  3.6521272E-03  0.0000000E+00   7.379808    
