 Tordera                   SWAT+ Jul 2 2024        MODULAR Rev 2024.61.0.1                                
        jday         mon         day          yr   name        type              flo            sed           orgn           sedp            no3           solp           chla            nh3            no2           cbod            dox            san            sil            cla            sag            lag            grv           null
                                                                               m^3/s           tons            kgN            kgP            kgN            kgP             kg            kgN            kgN             kg             kg           tons           tons           tons           tons           tons           tons           degc
         366          12          31        2000 rtu0010         ru         7685291.       206.7983       2696.009       395.7285       444344.4       161.0165       10901.69      0.0000000E+00  0.0000000E+00  4.2511146E+08  1.5261464E+07  2.6631974E-02   11.67876      2.6631974E-02  2.6631974E-02  2.6631974E-02  0.0000000E+00   1.000007    
         366          12          31        2000 rtu0020         ru         4631896.       17.29530       537.8051       75.16351       319483.5       112.1813       748.6146      0.0000000E+00  0.0000000E+00  3.0847988E+07   7809247.      1.4587663E-02  1.4587663E-02  1.4587663E-02  1.4587663E-02  1.4587663E-02  0.0000000E+00   1.000020    
         366          12          31        2000 rtu0030         ru         3721656.      7.4930012E-02  0.8577378      0.1282565       23673.94       154.1355       1362.080      0.0000000E+00  0.0000000E+00   107289.8       452449.6      1.7019896E-02  1.7019896E-02  1.7019896E-02  1.7019896E-02  1.7019896E-02  0.0000000E+00   1.000195    
         366          12          31        2000 rtu0040         ru         1793452.      2.6897711E-03  1.3042727E-02  2.2302540E-03   13988.95       71.32178       589.6195      0.0000000E+00  0.0000000E+00   25772.27       729499.8      1.1572424E-02  1.1572424E-02  1.1572424E-02  1.1572424E-02  1.1572424E-02  0.0000000E+00   1.000635    
         366          12          31        2000 rtu0050         ru         763094.9      7.8443318E-06  4.8529539E-05  1.4558865E-04   12055.59       56.61293       1416.937      0.0000000E+00  0.0000000E+00   31419.12       315551.9      7.8443326E-03  7.8443326E-03  7.8443326E-03  7.8443326E-03  7.8443326E-03  0.0000000E+00   1.000773    
         366          12          31        2000 rtu0060         ru         139983.5      6.8257368E-06  6.6460393E-06  1.9938132E-05   3293.654       10.80112       148.7653      0.0000000E+00  0.0000000E+00   22750.74       54173.83      6.8257367E-03  6.8257367E-03  6.8257367E-03  6.8257367E-03  6.8257367E-03  0.0000000E+00   1.009785    
         366          12          31        2000 rtu0070         ru         2366.134      6.0977511E-02  0.6696014      0.1004517       1.642575      0.1458108       4.433897      0.0000000E+00  0.0000000E+00   118741.0       12448.14      2.7438824E-03  2.7438824E-03  2.7438824E-03  2.7438824E-03  2.7438824E-03  0.0000000E+00   1.282067    
         366          12          31        2000 rtu0080         ru         934326.4       27.89337       626.8653       85.95412       24661.98       13.17177       1110.183      0.0000000E+00  0.0000000E+00  6.4964080E+07   345996.3      1.4608794E-02   1.897929      1.4608794E-02  1.4608794E-02  1.4608794E-02  0.0000000E+00   1.000482    
         366          12          31        2000 rtu0090         ru         89.38561      2.2156473E-06  5.2682685E-07  1.5804810E-06   1.360454      5.0463006E-03  0.1227973      0.0000000E+00  0.0000000E+00   20827.19       1110.792      2.2156469E-03  2.2156469E-03  2.2156469E-03  2.2156469E-03  2.2156469E-03  0.0000000E+00   1.896142    
         366          12          31        2000 rtu0100         ru         3874709.       1.642817       46.31702       6.238054       95149.81       209.6290       3468.672      0.0000000E+00  0.0000000E+00   5119304.       2297484.      2.6534770E-02  0.9614952      2.6534770E-02  2.6534770E-02  2.6534770E-02  0.0000000E+00   1.000075    
         366          12          31        2000 rtu0110         ru         5505424.      0.1967026       1.226830      0.1781479       30520.84       283.7052       1639.076      0.0000000E+00  0.0000000E+00   138791.1       681745.1      1.6111994E-02  2.0659043E-02  1.6111994E-02  1.6111994E-02  1.6111994E-02  0.0000000E+00   1.000219    
         366          12          31        2000 rtu0120         ru         5234.510      5.9130309E-07  2.8888434E-07  8.6665312E-07   187.9038      0.5530348       2277.553      0.0000000E+00  0.0000000E+00   1005.782       4899.496      5.9130322E-04  5.9130322E-04  5.9130322E-04  5.9130322E-04  5.9130322E-04  0.0000000E+00   1.006613    
         366          12          31        2000 rtu0130         ru         195913.1      1.6032611E-03  1.7323716E-02  2.6307849E-03   3295.533       17.02967       1344.504      0.0000000E+00  0.0000000E+00   9350.533       36357.96      2.4947615E-03  2.4947615E-03  2.4947615E-03  2.4947615E-03  2.4947615E-03  0.0000000E+00   1.000664    
         366          12          31        2000 rtu0140         ru        1.4866433E+07   65.20950       581.5909       91.00928       225716.8       286.7843       2045.656      0.0000000E+00  0.0000000E+00  3.4461500E+07   5831814.      2.2143094E-02  0.7692813      2.2143094E-02  2.2143094E-02  2.2143094E-02  0.0000000E+00   1.000011    
         366          12          31        2000 rtu0150         ru         1694891.       10.71803       164.7707       24.25738       25626.90       88.22736       7469.482      0.0000000E+00  0.0000000E+00  3.1539152E+07   466542.4      1.4679287E-02   4.102484      1.4679287E-02  1.4679287E-02  1.4679287E-02  0.0000000E+00   1.000124    
         366          12          31        2000 rtu0160         ru         394021.6      1.4479011E-02  0.4161735      5.9216104E-02   67534.05       13.94098       39.91477      0.0000000E+00  0.0000000E+00   138818.2       3680578.      1.0742208E-02  1.0742208E-02  1.0742208E-02  1.0742208E-02  1.0742208E-02  0.0000000E+00   1.000015    
         366          12          31        2000 rtu0170         ru         27516.58      9.3022481E-02   1.146113      0.1723913       1260.632       1.342040       158.1067      0.0000000E+00  0.0000000E+00   519896.0       40532.04      8.6113354E-03  8.6113354E-03  8.6113354E-03  8.6113354E-03  8.6113354E-03  0.0000000E+00   1.003208    
         366          12          31        2000 rtu0180         ru         385962.5       45.01936       589.0118       85.02036       4235.584       5.444612       1941.426      0.0000000E+00  0.0000000E+00  1.1326448E+08   118858.3      1.2475172E-02   2.333256      1.2475172E-02  1.2475172E-02  1.2475172E-02  0.0000000E+00   1.000735    
         366          12          31        2000 rtu0190         ru         4389116.       57.72337       502.2057       72.76791       273672.5       50.73433       3113.660      0.0000000E+00  0.0000000E+00  1.0759181E+08   9662766.      3.4492202E-02  0.7617633      3.4492202E-02  3.4492202E-02  3.4492202E-02  0.0000000E+00   1.000011    
         366          12          31        2000 rtu0200         ru         1655536.       34.32813       694.3985       96.97329       9892.077       22.26028       5598.840      0.0000000E+00  0.0000000E+00  9.0380032E+07   690815.8      2.7059443E-02   7.067143      2.7059443E-02  2.7059443E-02  2.7059443E-02  0.0000000E+00   1.000362    
         366          12          31        2000 rtu0210         ru        1.4478508E+07   16.54043       138.1076       20.64385       674667.2       115.4870       293.3242      0.0000000E+00  0.0000000E+00   4305429.      1.5217437E+07  2.2084039E-02  0.9891375      2.2084039E-02  2.2084039E-02  2.2084039E-02  0.0000000E+00   1.000005    
         366          12          31        2000 rtu0220         ru         3481472.       4.534153       90.89296       14.78792       65003.13       64.83741       5349.572      0.0000000E+00  0.0000000E+00  1.5835200E+07   7145957.      6.4351715E-02   18.34452      6.4351715E-02  6.4351715E-02  6.4351715E-02  0.0000000E+00   1.000124    
         366          12          31        2000 rtu0230         ru        1.9677572E+07   193.4353       1442.546       233.5904       682953.1       239.8801       1937.714      0.0000000E+00  0.0000000E+00  5.3231220E+07  1.7868172E+07  2.6111029E-02  2.6111029E-02  2.6111029E-02  2.6111029E-02  2.6111029E-02  0.0000000E+00   1.000004    
         366          12          31        2000 rtu0240         ru         6835488.       4.794296       109.0915       15.15774       541658.9       135.2696       7292.473      0.0000000E+00  0.0000000E+00  1.4175452E+07  1.8415330E+07  4.6209924E-02   1.061239      4.6209924E-02  4.6209924E-02  4.6209924E-02  0.0000000E+00   1.000005    
         366          12          31        2000 rtu0250         ru         3682832.       71.91234       1152.183       160.1895       160203.2       117.7574       2663.284      0.0000000E+00  0.0000000E+00  1.4085784E+08   7887702.      2.3722770E-02   1.904083      2.3722770E-02  2.3722770E-02  2.3722770E-02  0.0000000E+00   1.000019    
         366          12          31        2000 rtu0260         ru         1509660.       8.885167       270.0413       36.31374       20170.87       17.59125       13374.72      0.0000000E+00  0.0000000E+00  4.7556700E+07   502319.4      2.2875000E-02   7.298436      2.2875000E-02  2.2875000E-02  2.2875000E-02  0.0000000E+00   1.000604    
         366          12          31        2000 rtu0270         ru         638775.4       87.80156       1872.328       251.9393       7313.133       9.271147       7038.330      0.0000000E+00  0.0000000E+00  3.9888877E+08   792103.8      5.9831589E-02   3.226680      5.9831589E-02  5.9831589E-02  5.9831589E-02  0.0000000E+00   1.000696    
         366          12          31        2000 rtu0280         ru         102677.2      3.6752825E-03  8.3329871E-02  1.1366742E-02   624.9244       8.957304       83.42558      0.0000000E+00  0.0000000E+00   34911.89       7636.525      2.3610820E-03  2.3610820E-03  2.3610820E-03  2.3610820E-03  2.3610820E-03  0.0000000E+00   1.002944    
         366          12          31        2000 rtu0290         ru         1198418.       9.837379       237.8302       32.08670       20441.24       81.13438       1726.743      0.0000000E+00  0.0000000E+00  3.3921600E+07   187056.7      8.1434324E-03  0.5653917      8.1434324E-03  8.1434324E-03  8.1434324E-03  0.0000000E+00   1.000257    
         366          12          31        2000 rtu0300         ru         1925180.       24.09425       563.9359       76.43900       29155.11       119.9392       4473.253      0.0000000E+00  0.0000000E+00  8.1803488E+07   348371.9      2.0531353E-02   1.917865      2.0531353E-02  2.0531353E-02  2.0531353E-02  0.0000000E+00   1.000184    
         366          12          31        2000 rtu0310         ru         3059404.       2.549882       43.54516       6.684903       84032.57       59.57967       4734.811      0.0000000E+00  0.0000000E+00  1.8416384E+07   3566656.      6.0508758E-02   6.887698      6.0508758E-02  6.0508758E-02  6.0508758E-02  0.0000000E+00   1.000130    
         366          12          31        2000 rtu0320         ru         212295.7      2.5658169E-06  5.7497505E-06  1.7249249E-05   3814.089       14.80700       103.0937      0.0000000E+00  0.0000000E+00   8022.175       50156.27      2.5658174E-03  2.5658174E-03  2.5658174E-03  2.5658174E-03  2.5658174E-03  0.0000000E+00   1.008698    
         366          12          31        2000 rtu0330         ru         45862.74      2.9971346E-02  0.9769713      0.1311321       3304.083      0.1567388       17.74066      0.0000000E+00  0.0000000E+00   302020.1       87425.86      8.1946123E-03  8.1946123E-03  8.1946123E-03  8.1946123E-03  8.1946123E-03  0.0000000E+00   1.009578    
         366          12          31        2000 rtu0340         ru         2638804.      0.7928860       1.324812      0.4027504       84776.66       129.6565       4499.303      0.0000000E+00  0.0000000E+00   119578.4       2774476.      2.9730933E-02   2.395494      2.9730933E-02  2.9730933E-02  2.9730933E-02  0.0000000E+00   1.000173    
         366          12          31        2000 rtu0350         ru         4544942.       4.937106       117.9962       16.27955       73714.38       308.9528       5135.925      0.0000000E+00  0.0000000E+00  1.5018518E+07   1916770.      3.9709151E-02   2.239565      3.9709151E-02  3.9709151E-02  3.9709151E-02  0.0000000E+00   1.000109    
         366          12          31        2000 rtu0360         ru         1292361.       24.06760       203.6291       32.33201       34213.20       19.69903       2483.781      0.0000000E+00  0.0000000E+00  3.8124376E+07   5102858.      5.1091921E-02   4.976478      5.1091921E-02  5.1091921E-02  5.1091921E-02  0.0000000E+00   1.000255    
         366          12          31        2000 rtu0370         ru         23676.68      3.1421401E-02  0.4449117      6.3906893E-02   80.00238       1.315091       6.479604      0.0000000E+00  0.0000000E+00   8782.597       915.1256      7.9167896E-04  7.9167896E-04  7.9167896E-04  7.9167896E-04  7.9167896E-04  0.0000000E+00   1.015214    
         366          12          31        2000 rtu0380         ru         383270.8       1.594594       21.54986       3.201675       2742.411       25.26669       370.1475      0.0000000E+00  0.0000000E+00   543110.6       37708.61      3.9248508E-03  0.2344388      3.9248508E-03  3.9248508E-03  3.9248508E-03  0.0000000E+00   1.000980    
         366          12          31        2000 rtu0390         ru         3225634.      0.6005599       2.671853      0.7559224       74741.29       120.3526       2955.243      0.0000000E+00  0.0000000E+00   151308.0       3725697.      3.3341963E-02   4.162131      3.3341963E-02  3.3341963E-02  3.3341963E-02  0.0000000E+00   1.000056    
         366          12          31        2000 rtu0400         ru         1147991.      6.1235502E-02  2.0896535E-02  6.4591700E-03   9265.850       52.18873       284.8014      0.0000000E+00  0.0000000E+00   11072.73       74333.00      5.4242872E-03  4.3847848E-02  5.4242872E-03  5.4242872E-03  5.4242872E-03  0.0000000E+00   1.000407    
         366          12          31        2000 rtu0410         ru         4590816.      0.1941440       1.599017      0.4943548       142472.4       112.9368       1741.803      0.0000000E+00  0.0000000E+00   56454.79       3591811.      1.8097969E-02   2.962687      1.8097969E-02  1.8097969E-02  1.8097969E-02  0.0000000E+00   1.000035    
         366          12          31        2000 rtu0420         ru         35972.66      0.2501860      7.7985853E-02  2.4032429E-02   541.1781      0.1359733       8.938486      0.0000000E+00  0.0000000E+00   6110.875       6613.665      2.4551733E-03  0.1460233      2.4551733E-03  2.4551733E-03  2.4551733E-03  0.0000000E+00   1.028425    
         366          12          31        2000 rtu0430         ru         7732076.       24.03503       591.8115       83.60632       126732.7       349.2415       5021.819      0.0000000E+00  0.0000000E+00  2.2255336E+07   3307616.      2.0668039E-02   6.295119      2.0668039E-02  2.0668039E-02  2.0668039E-02  0.0000000E+00   1.000069    
         366          12          31        2000 rtu0440         ru        2.5480102E+07   433.3827       8259.114       1155.427       593967.6       1064.489       15715.11      0.0000000E+00  0.0000000E+00  4.0958637E+08  1.1146039E+07  3.8931336E-02   9.873791      3.8931336E-02  3.8931336E-02  3.8931336E-02  0.0000000E+00   1.000021    
         366          12          31        2000 rtu0450         ru         8711.088      2.1847800E-06  1.2616129E-05  3.7848393E-05   356.5065      0.4960281       27.83422      0.0000000E+00  0.0000000E+00   4747.775       51741.30      2.1847803E-03  2.1847803E-03  2.1847803E-03  2.1847803E-03  2.1847803E-03  0.0000000E+00   1.005252    
         366          12          31        2000 rtu0460         ru         560238.8      2.9531869E-03  4.4528383E-04  1.3358517E-03   75750.03       18.29792       50.06058      0.0000000E+00  0.0000000E+00   58773.55       3345708.      8.7653594E-03  8.7653594E-03  8.7653594E-03  8.7653594E-03  8.7653594E-03  0.0000000E+00   1.000023    
         366          12          31        2000 rtu0470         ru         4916433.       9.333961       220.0415       32.05278       315755.2       89.15968       358.3046      0.0000000E+00  0.0000000E+00  1.9902008E+07   6810990.      1.6605401E-02  1.6605401E-02  1.6605401E-02  1.6605401E-02  1.6605401E-02  0.0000000E+00   1.000022    
         366          12          31        2000 rtu0480         ru         59768.45      0.2762043       3.387944      0.5008174       398.8954       4.035288       44.94248      0.0000000E+00  0.0000000E+00   144072.8       4030.100      1.1330756E-03  1.1330756E-03  1.1330756E-03  1.1330756E-03  1.1330756E-03  0.0000000E+00   1.004861    
         366          12          31        2000 rtu0490         ru         1625757.       180.5465       2744.886       386.9242       25201.88       57.47190       6475.039      0.0000000E+00  0.0000000E+00  4.7409104E+08   505660.1      1.8502781E-02   6.044646      1.8502781E-02  1.8502781E-02  1.8502781E-02  0.0000000E+00   1.000332    
         366          12          31        2000 rtu0500         ru         8720195.      4.1017835E-03  1.5930543E-02  2.5065928E-03   51637.64       333.8833       2673.902      0.0000000E+00  0.0000000E+00   2285.370       801080.0      6.1580711E-03  6.1580711E-03  6.1580711E-03  6.1580711E-03  6.1580711E-03  0.0000000E+00   1.000174    
         366          12          31        2000 rtu0510         ru         4442503.      5.2313134E-03  3.6648393E-02  5.3155725E-03   26021.97       151.2646       733.8412      0.0000000E+00  0.0000000E+00   6093.765       696966.9      9.8538045E-03  9.8538045E-03  9.8538045E-03  9.8538045E-03  9.8538045E-03  0.0000000E+00   1.000463    
         366          12          31        2000 rtu0520         ru         872386.1       1.400560       35.54276       4.973925       14510.67       8.667763       276.5243      0.0000000E+00  0.0000000E+00   3102432.       327212.1      1.0476633E-02  0.9830714      1.0476633E-02  1.0476633E-02  1.0476633E-02  0.0000000E+00   1.000486    
         366          12          31        2000 rtu0530         ru         319674.8      0.4635272       2.957858      0.4331353       4543.400       25.40569       480.2050      0.0000000E+00  0.0000000E+00   1272328.       50220.50      4.8118280E-03  0.2255334      4.8118280E-03  4.8118280E-03  4.8118280E-03  0.0000000E+00   1.000979    
         366          12          31        2000 rtu0540         ru         2010462.       1.620549       22.28595       3.473986       182756.2       16.84418       955.2848      0.0000000E+00  0.0000000E+00   2090590.       5549884.      3.2715760E-02   3.266621      3.2715760E-02  3.2715760E-02  3.2715760E-02  0.0000000E+00   1.000013    
         366          12          31        2000 rtu0550         ru         9692830.       66.11357       1097.108       162.1776       219678.8       429.4897       12207.24      0.0000000E+00  0.0000000E+00  5.8603408E+07   6808332.      3.0466605E-02   13.54300      3.0466605E-02  3.0466605E-02  3.0466605E-02  0.0000000E+00   1.000043    
         366          12          31        2000 rtu0560         ru         8942447.       126.2412       1247.763       190.7921       150771.8       67.05139       4885.276      0.0000000E+00  0.0000000E+00  2.4680576E+08   7280045.      4.9625043E-02   9.543409      4.9625043E-02  4.9625043E-02  4.9625043E-02  0.0000000E+00   1.000040    
         366          12          31        2000 rtu0570         ru         6433548.       6.076557       102.0655       14.85277       281093.4       216.7386       3392.044      0.0000000E+00  0.0000000E+00   3607751.       7620317.      5.9694447E-02  5.9694447E-02  5.9694447E-02  5.9694447E-02  5.9694447E-02  0.0000000E+00   1.000025    
         366          12          31        2000 rtu0580         ru         1357044.       20.31707       378.7800       53.92501       45503.80       64.71820       2258.682      0.0000000E+00  0.0000000E+00  2.3856968E+07   1931286.      2.0378774E-02  0.6242318      2.0378774E-02  2.0378774E-02  2.0378774E-02  0.0000000E+00   1.000109    
         366          12          31        2000 rtu0590         ru         194745.2       2.677419       36.58386       5.449431       992.3808       13.22757       190.2606      0.0000000E+00  0.0000000E+00   2187608.       14262.31      2.5335164E-03  0.1194970      2.5335164E-03  2.5335164E-03  2.5335164E-03  0.0000000E+00   1.002136    
         366          12          31        2000 rtu0600         ru         277704.6       1.472003       22.28636       3.352938       7195.184       9.834317       370.9140      0.0000000E+00  0.0000000E+00   1077835.       168300.5      5.5382424E-03  0.4636256      5.5382424E-03  5.5382424E-03  5.5382424E-03  0.0000000E+00   1.001767    
         366          12          31        2000 rtu0610         ru         3101562.       192.5826       2690.004       404.3538       90464.65       38.23592       4347.863      0.0000000E+00  0.0000000E+00  1.8573197E+08   2039938.      1.5625507E-02   9.159428      1.5625507E-02  1.5625507E-02  1.5625507E-02  0.0000000E+00   1.000080    
         366          12          31        2000 rtu0620         ru         223574.0       4.848515       73.79058       11.04061       7510.540       13.17537       397.6269      0.0000000E+00  0.0000000E+00   2991475.       151157.6      3.6036642E-03  3.6036642E-03  3.6036642E-03  3.6036642E-03  3.6036642E-03  0.0000000E+00   1.001860    
         366          12          31        2000 rtu0630         ru         3260290.       7.321151       126.1054       18.69168       151420.6       101.1621       7528.541      0.0000000E+00  0.0000000E+00  1.1679358E+07   3835132.      2.1468043E-02   2.583726      2.1468043E-02  2.1468043E-02  2.1468043E-02  0.0000000E+00   1.000049    
         366          12          31        2000 rtu0640         ru         1511800.      0.2161262      0.1429953      4.6204623E-02   281132.4       4.607746       28.61603      0.0000000E+00  0.0000000E+00   101667.4       5812634.      1.6852586E-02  0.2787433      1.6852586E-02  1.6852586E-02  1.6852586E-02  0.0000000E+00   1.000004    
         366          12          31        2000 rtu0650         ru        1.8737254E+07   124.5504       1895.997       273.1992       275146.8       83.69008       1161.208      0.0000000E+00  0.0000000E+00  9.1971848E+07   6404264.      3.0292414E-02   7.643729      3.0292414E-02  3.0292414E-02  3.0292414E-02  0.0000000E+00   1.000012    
         366          12          31        2000 rtu0660         ru         244058.9      2.2541912E-02  1.0925404E-03  3.3692081E-04   122.0129       3.159944       1.283537      0.0000000E+00  0.0000000E+00  0.1163514       1151.495      9.4746659E-04  2.9244632E-03  9.4746659E-04  9.4746659E-04  9.4746659E-04  0.0000000E+00   1.001947    
         366          12          31        2000 rtu0670         ru         7629286.      0.6069312       2.395837      0.7301240       282583.5       15.31712       220.4532      0.0000000E+00  0.0000000E+00   39775.56       5483652.      1.3459194E-02   4.317909      1.3459194E-02  1.3459194E-02  1.3459194E-02  0.0000000E+00   1.000011    
         366          12          31        2000 rtu0680         ru         6427903.       30.06448       850.5696       115.0427       92716.46       378.0295       10589.05      0.0000000E+00  0.0000000E+00  1.1940510E+08   3492221.      3.2724317E-02   13.85581      3.2724317E-02  3.2724317E-02  3.2724317E-02  0.0000000E+00   1.000125    
         366          12          31        2000 rtu0690         ru         993405.6      0.6828378       7.547799       1.416448       29008.85       36.46044       2843.009      0.0000000E+00  0.0000000E+00   1998837.       1594715.      2.6021695E-02   4.005650      2.6021695E-02  2.6021695E-02  2.6021695E-02  0.0000000E+00   1.000639    
         366          12          31        2000 rtu0700         ru         2408918.       1.389722       18.99067       4.488315       5156.321       16.99029       6148.515      0.0000000E+00  0.0000000E+00   3709556.       2135183.      4.2303596E-02   19.65079      4.2303596E-02  4.2303596E-02  4.2303596E-02  0.0000000E+00   1.000380    
         366          12          31        2000 rtu0710         ru         172384.2      0.8244077       8.185627       1.267141       5000.095       8.109914       612.7734      0.0000000E+00  0.0000000E+00   3300403.       2424568.      3.0010771E-02  0.6331808      3.0010771E-02  3.0010771E-02  3.0010771E-02  0.0000000E+00   1.000366    
         366          12          31        2000 rtu0720         ru         856751.7      0.6198518       5.223203       1.164121       8030.802       10.14326       1029.951      0.0000000E+00  0.0000000E+00   1574764.       432267.8      1.6205654E-02   4.589074      1.6205654E-02  1.6205654E-02  1.6205654E-02  0.0000000E+00   1.000923    
         366          12          31        2000 rtu0730         ru         1593760.       503.1520       8691.497       1192.442       7734.511       25.44548       18566.94      0.0000000E+00  0.0000000E+00  1.6817761E+09   2800186.      6.4092502E-02   11.75671      6.4092502E-02  6.4092502E-02  6.4092502E-02  0.0000000E+00   1.000365    
         366          12          31        2000 rtu0740         ru         63145.93      3.7966417E-06  4.9780283E-05  1.4934076E-04   13275.78      0.5430254       1.613589      0.0000000E+00  0.0000000E+00   27625.93       289394.5      3.7966406E-03  3.7966406E-03  3.7966406E-03  3.7966406E-03  3.7966406E-03  0.0000000E+00   1.000046    
         366          12          31        2000 rtu0750         ru         42533.11      2.3174764E-06  2.9484652E-05  8.8453897E-05   9475.067      0.1197576      0.6254743      0.0000000E+00  0.0000000E+00   17928.48       170213.1      2.3174763E-03  2.3174763E-03  2.3174763E-03  2.3174763E-03  2.3174763E-03  0.0000000E+00   1.000062    
         366          12          31        2000 rtu0760         ru         3536365.       16.05986       456.0968       62.08898       89177.59       46.57528       8148.671      0.0000000E+00  0.0000000E+00  8.7327152E+07   4493586.      6.8586066E-02   9.754680      6.8586066E-02  6.8586066E-02  6.8586066E-02  0.0000000E+00   1.000123    
         366          12          31        2000 rtu0770         ru         3012298.       32.42816       458.8038       61.60936       33880.12       61.19868       3924.741      0.0000000E+00  0.0000000E+00  9.6706136E+07   2291489.      5.6575753E-02   7.512414      5.6575753E-02  5.6575753E-02  5.6575753E-02  0.0000000E+00   1.000220    
         366          12          31        2000 rtu0780         ru         1092946.       2.469947       77.17262       10.39334       16883.09       100.4588       1058.386      0.0000000E+00  0.0000000E+00   4272623.       151423.4      7.4549885E-03  0.1261825      7.4549885E-03  7.4549885E-03  7.4549885E-03  0.0000000E+00   1.000213    
         366          12          31        2000 rtu0790         ru         6508580.       5.448046       80.01231       12.11207       183253.6       96.01682       3136.436      0.0000000E+00  0.0000000E+00  2.3153936E+07   8459736.      4.8548497E-02   8.987615      4.8548497E-02  4.8548497E-02  4.8548497E-02  0.0000000E+00   1.000058    
         366          12          31        2000 rtu0800         ru         1901386.       1.168672       9.054073       2.394650       20467.14       10.41716       2639.168      0.0000000E+00  0.0000000E+00   2466826.       2634314.      6.3496776E-02   12.18307      6.3496776E-02  6.3496776E-02  6.3496776E-02  0.0000000E+00   1.000722    
         366          12          31        2000 rtu0810         ru         534906.6       3.696656       37.08554       5.609542       6110.587       28.12576       469.4449      0.0000000E+00  0.0000000E+00   8596018.       93823.05      7.8088734E-03  0.1645242      7.8088734E-03  7.8088734E-03  7.8088734E-03  0.0000000E+00   1.001155    
         366          12          31        2000 rtu0820         ru         2100969.       3.356851       46.40359       6.740614       127518.3       28.04347       1359.977      0.0000000E+00  0.0000000E+00   9845913.       4577608.      3.4442361E-02  3.4442361E-02  3.4442361E-02  3.4442361E-02  3.4442361E-02  0.0000000E+00   1.000023    
         366          12          31        2000 rtu0830         ru        1.0407130E+07   1170.055       16893.38       2340.514       185771.2       441.9194       47884.30      0.0000000E+00  0.0000000E+00  3.1344722E+09   8837373.      3.8792655E-02   18.28265      3.8792655E-02  3.8792655E-02  3.8792655E-02  0.0000000E+00   1.000043    
         366          12          31        2000 rtu0840         ru         2952522.       14.92874       207.7177       30.38576       51489.77       209.7864       6912.319      0.0000000E+00  0.0000000E+00  3.6322232E+07   1174016.      2.1823961E-02   1.055333      2.1823961E-02  2.1823961E-02  2.1823961E-02  0.0000000E+00   1.000213    
         366          12          31        2000 rtu0850         ru         5565123.       15.12814       196.2283       29.05257       63891.58       123.3724       2772.795      0.0000000E+00  0.0000000E+00   6985647.       1636605.      1.7852120E-02  1.7852120E-02  1.7852120E-02  1.7852120E-02  1.7852120E-02  0.0000000E+00   1.000052    
         366          12          31        2000 rtu0860         ru         1250472.      0.2075092       1.669919      0.5147520       11946.09       17.94925       689.9161      0.0000000E+00  0.0000000E+00   24238.48       434315.3      8.1094690E-03   3.084311      8.1094690E-03  8.1094690E-03  8.1094690E-03  0.0000000E+00   1.000569    
         366          12          31        2000 rtu0870         ru         86506.80       1.370217       37.31251       5.335192       9970.958       4.612072       55.77939      0.0000000E+00  0.0000000E+00   3252466.       1012328.      5.0214170E-03  5.0214170E-03  5.0214170E-03  5.0214170E-03  5.0214170E-03  0.0000000E+00   1.000052    
         366          12          31        2000 rtu0880         ru         250285.0      8.5526472E-04  3.5319217E-02  5.8884360E-03   32925.92       11.42058       29.30843      0.0000000E+00  0.0000000E+00   49508.96       2888796.      7.5093443E-03  7.5093443E-03  7.5093443E-03  7.5093443E-03  7.5093443E-03  0.0000000E+00   1.000017    
         366          12          31        2000 rtu0890         ru         558868.6       5.174628       95.08803       13.84597       63503.73       31.09865       1231.132      0.0000000E+00  0.0000000E+00   9949933.       3515023.      1.4336205E-02  1.4336205E-02  1.4336205E-02  1.4336205E-02  1.4336205E-02  0.0000000E+00   1.000047    
         366          12          31        2000 rtu0900         ru         3370654.       29.61401       517.7091       75.62311       83199.64       33.97395       1396.035      0.0000000E+00  0.0000000E+00  3.2414524E+07   2094656.      1.5236544E-02   4.279578      1.5236544E-02  1.5236544E-02  1.5236544E-02  0.0000000E+00   1.000184    
         366          12          31        2000 rtu0910         ru         267618.7       37.02398       599.1636       84.47105       4335.592      0.9350966       1348.049      0.0000000E+00  0.0000000E+00  1.3121837E+08   3051015.      2.1801271E-02   1.737126      2.1801271E-02  2.1801271E-02  2.1801271E-02  0.0000000E+00   1.001800    
         366          12          31        2000 rtu0920         ru         2035398.       144.1102       1941.419       284.5674       33513.99       56.87439       8788.889      0.0000000E+00  0.0000000E+00  3.7503434E+08   1693883.      4.2519048E-02   7.550716      4.2519048E-02  4.2519048E-02  4.2519048E-02  0.0000000E+00   1.000155    
         366          12          31        2000 rtu0930         ru         2992015.      0.5922876       3.799207      0.7942799       56816.79       15.66241       427.6171      0.0000000E+00  0.0000000E+00   281128.8       2327371.      2.2418929E-02   2.944228      2.2418929E-02  2.2418929E-02  2.2418929E-02  0.0000000E+00   1.000153    
         366          12          31        2000 rtu0940         ru         2355109.       105.2095       1630.690       232.3231       89587.90       64.28400       6288.469      0.0000000E+00  0.0000000E+00  2.4371178E+08   3383351.      4.1267820E-02   3.481729      4.1267820E-02  4.1267820E-02  4.1267820E-02  0.0000000E+00   1.000081    
         366          12          31        2000 rtu0950         ru         260016.6      1.3948611E-03  2.4210314E-04  7.2630943E-04   51724.74       5.773870       15.79333      0.0000000E+00  0.0000000E+00   43182.04       1628516.      7.7388999E-03  7.7388999E-03  7.7388999E-03  7.7388999E-03  7.7388999E-03  0.0000000E+00   1.000021    
         366          12          31        2000 rtu0960         ru         422628.3      7.9175179E-06  3.5382173E-04  1.0614647E-03   80180.02       6.689988       17.06072      0.0000000E+00  0.0000000E+00   34810.61       2441022.      7.9175243E-03  7.9175243E-03  7.9175243E-03  7.9175243E-03  7.9175243E-03  0.0000000E+00   1.000009    
         366          12          31        2000 rtu0970         ru         6069145.       1.753507       16.68469       2.734706       76232.25       466.5984       13614.69      0.0000000E+00  0.0000000E+00   6764793.       2498491.      3.8675860E-02   3.278332      3.8675860E-02  3.8675860E-02  3.8675860E-02  0.0000000E+00   1.000062    
         366          12          31        2000 rtu0980         ru         1324646.       1.312568       10.70659       1.925861       19315.74       23.54830       1373.063      0.0000000E+00  0.0000000E+00   3163128.       2011132.      3.6153298E-02   3.956796      3.6153298E-02  3.6153298E-02  3.6153298E-02  0.0000000E+00   1.000498    
         366          12          31        2000 rtu0990         ru         303174.5       1.756501       25.81561       3.732446       31533.57       5.165231       257.1186      0.0000000E+00  0.0000000E+00   5163761.       1010784.      4.0968105E-02  4.0968105E-02  4.0968105E-02  4.0968105E-02  4.0968105E-02  0.0000000E+00   1.000071    
         366          12          31        2000 rtu1000         ru         4319660.       223.2267       2533.357       363.9694       88007.48       173.6142       11512.73      0.0000000E+00  0.0000000E+00  5.2552752E+08   5213475.      5.3822942E-02   5.249165      5.3822942E-02  5.3822942E-02  5.3822942E-02  0.0000000E+00   1.000133    
         366          12          31        2000 rtu1010         ru        1.6564563E+07   15.62488       302.9023       42.18170       111380.5       595.6207       5610.880      0.0000000E+00  0.0000000E+00  2.2620114E+07   2306307.      2.3318123E-02  0.1884289      2.3318123E-02  2.3318123E-02  2.3318123E-02  0.0000000E+00   1.000042    
         366          12          31        2000 rtu1020         ru        4.8525272E+07   30.36819       482.8757       67.44205       476713.0       1697.378       7375.403      0.0000000E+00  0.0000000E+00  1.0684984E+07  1.0125919E+07  2.1727953E-02  2.1727953E-02  2.1727953E-02  2.1727953E-02  2.1727953E-02  0.0000000E+00   1.000011    
         366          12          31        2000 rtu1030         ru         6311494.       6.622510       81.94064       12.06765       64786.01       91.65926       436.0180      0.0000000E+00  0.0000000E+00   9572928.       1182875.      1.8642524E-02  0.9357773      1.8642524E-02  1.8642524E-02  1.8642524E-02  0.0000000E+00   1.000052    
         366          12          31        2000 rtu1040         ru         5326870.       6.158593       76.70590       11.41213       61035.69       152.8826       2624.006      0.0000000E+00  0.0000000E+00   9162119.       2462092.      3.3177976E-02   1.760392      3.3177976E-02  3.3177976E-02  3.3177976E-02  0.0000000E+00   1.000078    
         366          12          31        2000 rtu1050         ru         3543475.       49.53264       674.0038       98.73274       67953.67       206.0011       7044.625      0.0000000E+00  0.0000000E+00  8.3385344E+07   2927793.      2.6604265E-02   1.817225      2.6604265E-02  2.6604265E-02  2.6604265E-02  0.0000000E+00   1.000205    
         366          12          31        2000 rtu1060         ru         4760656.       16.75427       272.1688       39.04465       25996.33       288.9005       2135.736      0.0000000E+00  0.0000000E+00   6860068.       305392.0      1.1069966E-02  0.3586642      1.1069966E-02  1.1069966E-02  1.1069966E-02  0.0000000E+00   1.000111    
         366          12          31        2000 rtu1070         ru         135875.3      0.5760051       7.314625       1.118849       13628.56       1.631281       63.84730      0.0000000E+00  0.0000000E+00   778407.4       368829.8      1.1117514E-02  1.1117514E-02  1.1117514E-02  1.1117514E-02  1.1117514E-02  0.0000000E+00   1.000198    
         366          12          31        2000 rtu1080         ru         40288.95      0.4875866       6.188075      0.9224316       614.2670       1.669308       84.44984      0.0000000E+00  0.0000000E+00   662005.8       77617.59      5.0776890E-03  7.1695864E-02  5.0776890E-03  5.0776890E-03  5.0776890E-03  0.0000000E+00   1.003953    
         366          12          31        2000 rtu1090         ru         614378.9       270.6542       2244.148       319.2479       3958.463       11.01779       2009.010      0.0000000E+00  0.0000000E+00  2.4484464E+08   467144.3      1.6703771E-02   2.621837      1.6703771E-02  1.6703771E-02  1.6703771E-02  0.0000000E+00   1.000597    
         366          12          31        2000 rtu1100         ru         21566.76      0.4596162       7.951416       1.167918       259.8251       1.446528       80.96487      0.0000000E+00  0.0000000E+00   850475.4       42052.05      3.0461459E-03  3.0461459E-03  3.0461459E-03  3.0461459E-03  3.0461459E-03  0.0000000E+00   1.009267    
         366          12          31        2000 rtu1110         ru         6750518.       175.8934       2440.758       368.6367       194146.3       286.6995       14469.81      0.0000000E+00  0.0000000E+00  1.7322202E+08   5907608.      4.6189908E-02   12.12801      4.6189908E-02  4.6189908E-02  4.6189908E-02  0.0000000E+00   1.000020    
         366          12          31        2000 rtu1120         ru         2155875.      0.4633450       1.259960      0.3499789       30054.88       63.42075       1413.558      0.0000000E+00  0.0000000E+00   83430.76       799472.8      1.8013896E-02   1.894013      1.8013896E-02  1.8013896E-02  1.8013896E-02  0.0000000E+00   1.000120    
         366          12          31        2000 rtu1130         ru         3460103.      0.5124766       1.429779      0.4004383       193103.9       71.69444       2460.350      0.0000000E+00  0.0000000E+00   107647.3       5311428.      2.2219010E-02   2.175014      2.2219010E-02  2.2219010E-02  2.2219010E-02  0.0000000E+00   1.000035    
         366          12          31        2000 rtu1140         ru         5507724.       2.695115       118.3952       15.98209       89870.91       285.4562       3890.105      0.0000000E+00  0.0000000E+00   3039580.       2050415.      2.0167220E-02   1.650991      2.0167220E-02  2.0167220E-02  2.0167220E-02  0.0000000E+00   1.000093    
         366          12          31        2000 rtu1150         ru         4226866.       102.5158       1206.723       174.5552       249369.3       71.62887       6991.872      0.0000000E+00  0.0000000E+00  9.8092344E+07   6094824.      1.2308724E-02   1.090918      1.2308724E-02  1.2308724E-02  1.2308724E-02  0.0000000E+00   1.000062    
         366          12          31        2000 rtu1160         ru         1276584.      0.4446711       1.158321      0.3569523       11271.64       40.19488       530.7097      0.0000000E+00  0.0000000E+00   11181.08       160000.7      6.6265012E-03   2.140325      6.6265012E-03  6.6265012E-03  6.6265012E-03  0.0000000E+00   1.002209    
         366          12          31        2000 rtu1170         ru         3033371.       23.10722       335.2714       48.36365       38858.54       157.0857       3321.703      0.0000000E+00  0.0000000E+00  1.2979483E+07   511329.5      1.2675287E-02  0.3028435      1.2675287E-02  1.2675287E-02  1.2675287E-02  0.0000000E+00   1.000351    
         366          12          31        2000 rtu1180         ru         5795033.       6.157290       119.7517       17.17947       93597.50       296.5259       4031.759      0.0000000E+00  0.0000000E+00   2545791.       2011410.      6.5619736E-03  6.5619736E-03  6.5619736E-03  6.5619736E-03  6.5619736E-03  0.0000000E+00   1.000237    
         366          12          31        2000 rtu1190         ru         26684.86      3.6621341E-06  4.7491954E-05  1.4247587E-04   2932.744       1.065934       4.263608      0.0000000E+00  0.0000000E+00   14743.79       334863.4      3.6621331E-03  3.6621331E-03  3.6621331E-03  3.6621331E-03  3.6621331E-03  0.0000000E+00   1.000142    
         365          12          31        2001 rtu0010         ru        1.0208102E+07   165.0492       2087.952       309.8578       1195844.       19.31126       3239.614      0.0000000E+00  0.0000000E+00  3.2331002E+08  2.1602632E+07  2.6559209E-02   14.68746      2.6559209E-02  2.6559209E-02  2.6559209E-02  0.0000000E+00   1.000315    
         365          12          31        2001 rtu0020         ru         8282852.       10.68555       218.4781       30.50062       757795.1       80.59642       742.8141      0.0000000E+00  0.0000000E+00  7.5091112E+07  1.0811856E+07  1.4547806E-02  1.4547806E-02  1.4547806E-02  1.4547806E-02  1.4547806E-02  0.0000000E+00   1.000091    
         365          12          31        2001 rtu0030         ru         1197337.      0.1897502       2.470962      0.3688767       16207.77       14.96168       92.77184      0.0000000E+00  0.0000000E+00   332768.7       509119.8      1.6973393E-02  1.6973393E-02  1.6973393E-02  1.6973393E-02  1.6973393E-02  0.0000000E+00   1.000615    
         365          12          31        2001 rtu0040         ru         292476.2      1.7816767E-03  1.4269873E-02  2.3229867E-03   20871.71       3.907789       21.25691      0.0000000E+00  0.0000000E+00   48963.80       610100.5      1.1540805E-02  1.1540805E-02  1.1540805E-02  1.1540805E-02  1.1540805E-02  0.0000000E+00   1.004122    
         365          12          31        2001 rtu0050         ru         292960.4      7.8228995E-06  4.8396945E-05  1.4519088E-04   12512.29       12.59217       70.75583      0.0000000E+00  0.0000000E+00   59673.84       372368.9      7.8229001E-03  7.8229001E-03  7.8229001E-03  7.8229001E-03  7.8229001E-03  0.0000000E+00   1.007486    
         365          12          31        2001 rtu0060         ru         24896.85      6.8070872E-06  6.6278808E-06  1.9883653E-05   2111.338      0.5045888       3.126614      0.0000000E+00  0.0000000E+00   48059.66       52588.34      6.8070870E-03  6.8070870E-03  6.8070870E-03  6.8070870E-03  6.8070870E-03  0.0000000E+00   687.0725    
         365          12          31        2001 rtu0070         ru         4814.335      2.2664635E-02  0.2474095      3.6542524E-02   1183.620      4.0104851E-02   2.859529      0.0000000E+00  0.0000000E+00   135899.4       31381.89      2.7363854E-03  2.7363854E-03  2.7363854E-03  2.7363854E-03  2.7363854E-03  0.0000000E+00   345.2604    
         365          12          31        2001 rtu0080         ru         684302.0       22.27610       494.8197       68.50288       28502.41       8.811810       1054.717      0.0000000E+00  0.0000000E+00  6.2174704E+07   564709.4      1.4568879E-02   2.443592      1.4568879E-02  1.4568879E-02  1.4568879E-02  0.0000000E+00   1.001940    
         365          12          31        2001 rtu0090         ru         438.5827      2.2095937E-06  5.2538746E-07  1.5761627E-06   206.6690      2.3345578E-04  3.0694775E-02  0.0000000E+00  0.0000000E+00   37277.15       3607.881      2.2095933E-03  2.2095933E-03  2.2095933E-03  2.2095933E-03  2.2095933E-03  0.0000000E+00   2.346345    
         365          12          31        2001 rtu0100         ru         1643018.       1.121465       26.19917       3.595711       142226.0       24.19182       253.1366      0.0000000E+00  0.0000000E+00   8568008.       3073297.      2.6462270E-02   1.194992      2.6462270E-02  2.6462270E-02  2.6462270E-02  0.0000000E+00   1.000704    
         365          12          31        2001 rtu0110         ru         1134364.      0.3003675       2.498335      0.3605763       33360.90       25.50229       176.9766      0.0000000E+00  0.0000000E+00   504190.4       864259.2      1.6067972E-02  2.0527679E-02  1.6067972E-02  1.6067972E-02  1.6067972E-02  0.0000000E+00   1.000543    
         365          12          31        2001 rtu0120         ru         8043.317      2.1215371E-06  2.8809504E-07  8.6428525E-07   60.77856      0.8286691       742.3985      0.0000000E+00  0.0000000E+00   1077.758       7690.260      5.8968761E-04  5.8968761E-04  5.8968761E-04  5.8968761E-04  5.8968761E-04  0.0000000E+00   32.52842    
         365          12          31        2001 rtu0130         ru         235796.8      1.8530004E-02  0.1976395      2.9590262E-02   4359.320       16.34653       189.5612      0.0000000E+00  0.0000000E+00   35979.45       74544.30      2.4879454E-03  2.4879454E-03  2.4879454E-03  2.4879454E-03  2.4879454E-03  0.0000000E+00   1.001860    
         365          12          31        2001 rtu0140         ru        1.2534482E+07   42.08296       292.5218       43.86665       268769.3       34.29397       357.1736      0.0000000E+00  0.0000000E+00  4.4497520E+07   6088100.      2.2082593E-02   1.066833      2.2082593E-02  2.2082593E-02  2.2082593E-02  0.0000000E+00   1.000052    
         365          12          31        2001 rtu0150         ru         1386698.       7.611495       111.7336       16.60898       21883.90       64.33619       2724.844      0.0000000E+00  0.0000000E+00  2.2492522E+07   694102.9      1.4639179E-02   3.647694      1.4639179E-02  1.4639179E-02  1.4639179E-02  0.0000000E+00   1.000823    
         365          12          31        2001 rtu0160         ru         2228816.      1.0712860E-05  4.8233272E-04  1.4469982E-03   457743.1      1.3268276E-02   2.846057      0.0000000E+00  0.0000000E+00   53619.56       5238691.      1.0712857E-02  1.0712857E-02  1.0712857E-02  1.0712857E-02  1.0712857E-02  0.0000000E+00   1.001402    
         365          12          31        2001 rtu0170         ru         74151.13      0.6452294       7.816813       1.167386       5780.012       3.464338       102.6402      0.0000000E+00  0.0000000E+00   2276701.       151488.6      8.5878074E-03  8.5878074E-03  8.5878074E-03  8.5878074E-03  8.5878074E-03  0.0000000E+00   1.020815    
         365          12          31        2001 rtu0180         ru         730543.1       59.40992       679.1142       99.11661       16042.94       23.80587       1763.025      0.0000000E+00  0.0000000E+00  1.1796494E+08   355034.5      1.2441087E-02   2.736678      1.2441087E-02  1.2441087E-02  1.2441087E-02  0.0000000E+00   1.003773    
         365          12          31        2001 rtu0190         ru         5296707.       44.69191       254.6174       37.60960       615857.8       5.100217       458.7794      0.0000000E+00  0.0000000E+00  8.1480368E+07  1.1502433E+07  3.4397960E-02  0.9282303      3.4397960E-02  3.4397960E-02  3.4397960E-02  0.0000000E+00   1.001844    
         365          12          31        2001 rtu0200         ru         1969566.       26.59714       566.3332       79.74753       127305.4       9.370990       2126.020      0.0000000E+00  0.0000000E+00  7.8893840E+07   2913972.      2.6985511E-02   8.885678      2.6985511E-02  2.6985511E-02  2.6985511E-02  0.0000000E+00   1.001232    
         365          12          31        2001 rtu0210         ru        1.1251379E+07   20.40081       119.0453       17.47466       464069.2       17.73015       144.2349      0.0000000E+00  0.0000000E+00   9322920.      1.3263833E+07  2.2023700E-02  0.9167749      2.2023700E-02  2.2023700E-02  2.2023700E-02  0.0000000E+00   1.000184    
         365          12          31        2001 rtu0220         ru         5331776.       6.612557       121.5138       19.56955       448139.3       40.05375       3081.567      0.0000000E+00  0.0000000E+00  2.4007678E+07  1.2100807E+07  6.4175896E-02   23.87988      6.4175896E-02  6.4175896E-02  6.4175896E-02  0.0000000E+00   1.000340    
         365          12          31        2001 rtu0230         ru        1.8080986E+07   70.90938       436.9120       70.30021       1259127.       10.92357       432.3818      0.0000000E+00  0.0000000E+00  5.7171968E+07  1.9924486E+07  2.6039688E-02  2.6039688E-02  2.6039688E-02  2.6039688E-02  2.6039688E-02  0.0000000E+00   1.000087    
         365          12          31        2001 rtu0240         ru         9562218.       3.026222       68.15340       9.355525       1220654.       4.667549       353.1170      0.0000000E+00  0.0000000E+00  2.5186102E+07  2.5271020E+07  4.6083666E-02  0.7701821      4.6083666E-02  4.6083666E-02  4.6083666E-02  0.0000000E+00   1.001045    
         365          12          31        2001 rtu0250         ru         4149658.       57.15445       733.0735       103.2813       502956.8       25.05909       1031.812      0.0000000E+00  0.0000000E+00  1.2793202E+08  1.0662248E+07  2.3657953E-02   2.395389      2.3657953E-02  2.3657953E-02  2.3657953E-02  0.0000000E+00   1.001136    
         365          12          31        2001 rtu0260         ru         2179277.       10.15105       304.1897       41.30136       85120.09       21.80255       18033.61      0.0000000E+00  0.0000000E+00  5.2611656E+07   1423441.      2.2812501E-02   8.581219      2.2812501E-02  2.2812501E-02  2.2812501E-02  0.0000000E+00   1.000333    
         365          12          31        2001 rtu0270         ru         1277226.       100.4046       1878.324       255.6484       70758.93       20.66436       7832.431      0.0000000E+00  0.0000000E+00  4.5596675E+08   2422898.      5.9668116E-02   3.756681      5.9668116E-02  5.9668116E-02  5.9668116E-02  0.0000000E+00   1.000428    
         365          12          31        2001 rtu0280         ru         83678.88      8.8482276E-03  0.2680833      3.6005020E-02   414.4396       6.927840       55.23106      0.0000000E+00  0.0000000E+00   101769.3       9498.932      2.3546310E-03  2.3546310E-03  2.3546310E-03  2.3546310E-03  2.3546310E-03  0.0000000E+00   1.004602    
         365          12          31        2001 rtu0290         ru         1073054.       13.50067       285.0456       38.69198       15191.72       48.05137       1109.777      0.0000000E+00  0.0000000E+00  3.4332556E+07   224266.2      8.1211831E-03  0.6512291      8.1211831E-03  8.1211831E-03  8.1211831E-03  0.0000000E+00   1.000406    
         365          12          31        2001 rtu0300         ru         1630257.       32.22169       684.8135       93.73543       26556.03       70.53011       2164.480      0.0000000E+00  0.0000000E+00  8.0734992E+07   481385.5      2.0475257E-02   2.344803      2.0475257E-02  2.0475257E-02  2.0475257E-02  0.0000000E+00   1.000381    
         365          12          31        2001 rtu0310         ru         2888184.       20.39121       427.8482       59.76345       284375.5       33.51114       2702.899      0.0000000E+00  0.0000000E+00  6.9960064E+07   5264105.      6.0343437E-02   7.777670      6.0343437E-02  6.0343437E-02  6.0343437E-02  0.0000000E+00   1.000562    
         365          12          31        2001 rtu0320         ru         25560.71      2.5588065E-06  5.7340408E-06  1.7202121E-05   2290.167      0.2969249       4.688194      0.0000000E+00  0.0000000E+00   17148.24       43161.17      2.5588069E-03  2.5588069E-03  2.5588069E-03  2.5588069E-03  2.5588069E-03  0.0000000E+00   2576.571    
         365          12          31        2001 rtu0330         ru         33762.86      9.6518449E-02   4.088245      0.5457460       2925.094      0.6573684       14.55683      0.0000000E+00  0.0000000E+00   576192.4       84683.48      8.1722224E-03  8.1722224E-03  8.1722224E-03  8.1722224E-03  8.1722224E-03  0.0000000E+00   1.032351    
         365          12          31        2001 rtu0340         ru         1781376.      0.8626923       1.866159      0.4998546       114269.0       53.67237       691.1676      0.0000000E+00  0.0000000E+00   282330.6       3439217.      2.9649703E-02   2.585854      2.9649703E-02  2.9649703E-02  2.9649703E-02  0.0000000E+00   1.001303    
         365          12          31        2001 rtu0350         ru         2593920.       7.787845       182.5306       25.38488       104848.1       95.57170       1611.854      0.0000000E+00  0.0000000E+00  2.2253094E+07   2486379.      3.9600655E-02   2.809268      3.9600655E-02  3.9600655E-02  3.9600655E-02  0.0000000E+00   1.000367    
         365          12          31        2001 rtu0360         ru         2589740.       34.48799       335.2502       51.91940       137431.0       55.53738       2394.243      0.0000000E+00  0.0000000E+00  4.9491000E+07   7299530.      5.0952327E-02   5.932703      5.0952327E-02  5.0952327E-02  5.0952327E-02  0.0000000E+00   1.000486    
         365          12          31        2001 rtu0370         ru         19346.79      8.1637308E-02  0.9698462      0.1363432       50.80760      0.6433635       1.007742      0.0000000E+00  0.0000000E+00   32588.95       953.4092      7.8951591E-04  7.8951591E-04  7.8951591E-04  7.8951591E-04  7.8951591E-04  0.0000000E+00   1.019748    
         365          12          31        2001 rtu0380         ru         333728.9       4.013159       46.99035       6.848804       2318.090       15.27601       119.0016      0.0000000E+00  0.0000000E+00   2246766.       53651.27      3.9141271E-03  0.3087444      3.9141271E-03  3.9141271E-03  3.9141271E-03  0.0000000E+00   1.001356    
         365          12          31        2001 rtu0390         ru         3659647.      0.7884318       3.242105      0.9852061       533438.8       32.25323       838.7975      0.0000000E+00  0.0000000E+00   156348.6       7816216.      3.3250865E-02   5.822762      3.3250865E-02  3.3250865E-02  3.3250865E-02  0.0000000E+00   1.001050    
         365          12          31        2001 rtu0400         ru         667750.7      3.9632775E-02  1.8982640E-02  5.8693779E-03   7703.271       20.57900       29.87718      0.0000000E+00  0.0000000E+00   588.2543       80724.41      5.4094666E-03  4.0288676E-02  5.4094666E-03  5.4094666E-03  5.4094666E-03  0.0000000E+00   1.000693    
         365          12          31        2001 rtu0410         ru         4336903.      0.2644248       2.078655      0.6421375       418774.1       45.26089       388.3874      0.0000000E+00  0.0000000E+00   48370.73       6270024.      1.8048521E-02   3.846199      1.8048521E-02  1.8048521E-02  1.8048521E-02  0.0000000E+00   1.000349    
         365          12          31        2001 rtu0420         ru         28364.96      0.3494488      0.1095664      3.3763126E-02   583.9712      0.1011593       15.35794      0.0000000E+00  0.0000000E+00   8844.639       9807.942      2.4484650E-03  0.2041322      2.4484650E-03  2.4484650E-03  2.4484650E-03  0.0000000E+00   1.060195    
         365          12          31        2001 rtu0430         ru         4960580.       22.79549       509.5199       70.92822       206059.7       114.8957       1901.487      0.0000000E+00  0.0000000E+00  4.2330600E+07   4026454.      2.0611569E-02   8.376959      2.0611569E-02  2.0611569E-02  2.0611569E-02  0.0000000E+00   1.000154    
         365          12          31        2001 rtu0440         ru        1.2990555E+07   430.3388       5158.266       732.3708       576026.2       192.1042       7007.177      0.0000000E+00  0.0000000E+00  7.2344416E+08  1.2778740E+07  3.8824968E-02   12.41122      3.8824968E-02  3.8824968E-02  3.8824968E-02  0.0000000E+00   1.000072    
         365          12          31        2001 rtu0450         ru         51154.32      2.1788105E-06  1.2581660E-05  3.7744980E-05   8283.760      0.2260567      0.1866449      0.0000000E+00  0.0000000E+00   15800.31       122051.0      2.1788110E-03  2.1788110E-03  2.1788110E-03  2.1788110E-03  2.1788110E-03  0.0000000E+00   1.205910    
         365          12          31        2001 rtu0460         ru         2492351.      8.7414046E-06  4.4406721E-04  1.3322019E-03   405069.7       4.801439       11.33346      0.0000000E+00  0.0000000E+00   34738.12       4817442.      8.7414104E-03  8.7414104E-03  8.7414104E-03  8.7414104E-03  8.7414104E-03  0.0000000E+00   1.001236    
         365          12          31        2001 rtu0470         ru         8268286.       6.489397       85.35788       12.21730       664710.0       73.67799       642.4219      0.0000000E+00  0.0000000E+00  5.1823408E+07   8773874.      1.6560031E-02  1.6560031E-02  1.6560031E-02  1.6560031E-02  1.6560031E-02  0.0000000E+00   1.000092    
         365          12          31        2001 rtu0480         ru         55106.66      0.6672100       8.246311       1.192526       246.5336       2.531826       10.64759      0.0000000E+00  0.0000000E+00   329148.8       4825.616      1.1299797E-03  1.1299797E-03  1.1299797E-03  1.1299797E-03  1.1299797E-03  0.0000000E+00   1.006472    
         365          12          31        2001 rtu0490         ru         1478360.       220.8698       2653.580       378.7434       21583.99       26.37757       3857.843      0.0000000E+00  0.0000000E+00  4.1670941E+08   675301.6      1.8452227E-02   7.125838      1.8452227E-02  1.8452227E-02  1.8452227E-02  0.0000000E+00   1.000695    
         365          12          31        2001 rtu0500         ru         1233310.      2.2654422E-02  0.2407745      3.5622228E-02   21765.58       10.73186       38.10012      0.0000000E+00  0.0000000E+00   112784.9       751737.2      6.1412458E-03  6.1412458E-03  6.1412458E-03  6.1412458E-03  6.1412458E-03  0.0000000E+00   1.000723    
         365          12          31        2001 rtu0510         ru         381119.6      1.2270046E-02  0.1300008      1.8667456E-02   25744.03      0.1993608       1.529040      0.0000000E+00  0.0000000E+00   83979.08       558954.8      9.8268818E-03  9.8268818E-03  9.8268818E-03  9.8268818E-03  9.8268818E-03  0.0000000E+00   1.008520    
         365          12          31        2001 rtu0520         ru         766041.1      0.7218736       9.143930       1.357690       28104.21       6.030037       167.7452      0.0000000E+00  0.0000000E+00   1202367.       516126.6      1.0448008E-02   1.217830      1.0448008E-02  1.0448008E-02  1.0448008E-02  0.0000000E+00   1.000710    
         365          12          31        2001 rtu0530         ru         249567.2      0.4738863       2.977020      0.4417678       3701.614       16.30342       500.0109      0.0000000E+00  0.0000000E+00   1274806.       65289.41      4.7986810E-03  0.2606719      4.7986810E-03  4.7986810E-03  4.7986810E-03  0.0000000E+00   1.002111    
         365          12          31        2001 rtu0540         ru         4897160.       1.234972       7.505901       1.483325       609759.3       8.142022       438.6837      0.0000000E+00  0.0000000E+00   848513.9      1.0421542E+07  3.2626368E-02   4.683314      3.2626368E-02  3.2626368E-02  3.2626368E-02  0.0000000E+00   1.002529    
         365          12          31        2001 rtu0550         ru         7734852.       87.80193       1171.260       173.3129       476314.8       121.6912       3817.125      0.0000000E+00  0.0000000E+00  1.1446622E+08   9762032.      3.0383363E-02   19.08570      3.0383363E-02  3.0383363E-02  3.0383363E-02  0.0000000E+00   1.000194    
         365          12          31        2001 rtu0560         ru         8675114.       190.3773       1954.006       295.4867       348470.4       20.88636       3560.464      0.0000000E+00  0.0000000E+00  3.2592906E+08   8080598.      4.9489453E-02   10.26267      4.9489453E-02  4.9489453E-02  4.9489453E-02  0.0000000E+00   1.000070    
         365          12          31        2001 rtu0570         ru         6233916.       10.95359       137.4746       20.02227       652554.1       48.53201       243.5672      0.0000000E+00  0.0000000E+00   9150440.      1.0934842E+07  5.9531346E-02  5.9531346E-02  5.9531346E-02  5.9531346E-02  5.9531346E-02  0.0000000E+00   1.000336    
         365          12          31        2001 rtu0580         ru         1620547.       16.27076       194.7792       27.72654       196520.6       8.916106       407.5141      0.0000000E+00  0.0000000E+00  3.4787100E+07   3926689.      2.0323096E-02  0.8326398      2.0323096E-02  2.0323096E-02  2.0323096E-02  0.0000000E+00   1.001289    
         365          12          31        2001 rtu0590         ru         158189.9       4.154096       44.87447       6.591808       634.7310       7.330568       71.55241      0.0000000E+00  0.0000000E+00   4432356.       14499.24      2.5265939E-03  0.1574310      2.5265939E-03  2.5265939E-03  2.5265939E-03  0.0000000E+00   1.002729    
         365          12          31        2001 rtu0600         ru         275940.9       2.357283       29.71401       4.441413       8356.849       7.564070       185.7130      0.0000000E+00  0.0000000E+00   2718601.       233486.0      5.5231107E-03  0.6155116      5.5231107E-03  5.5231107E-03  5.5231107E-03  0.0000000E+00   1.005656    
         365          12          31        2001 rtu0610         ru         3147355.       194.8165       1846.278       280.8867       90008.88       32.59774       3435.379      0.0000000E+00  0.0000000E+00  3.2857526E+08   2428304.      1.5582813E-02   12.30907      1.5582813E-02  1.5582813E-02  1.5582813E-02  0.0000000E+00   1.000498    
         365          12          31        2001 rtu0620         ru         221070.4       6.360881       85.52672       12.65049       7744.677       9.213540       164.4770      0.0000000E+00  0.0000000E+00   7531136.       193978.7      3.5938181E-03  3.5938181E-03  3.5938181E-03  3.5938181E-03  3.5938181E-03  0.0000000E+00   1.003404    
         365          12          31        2001 rtu0630         ru         3297746.       6.387424       70.04063       10.53039       144319.6       62.50286       914.5820      0.0000000E+00  0.0000000E+00   8946395.       4530080.      2.1409387E-02   3.388686      2.1409387E-02  2.1409387E-02  2.1409387E-02  0.0000000E+00   1.000728    
         365          12          31        2001 rtu0640         ru         4053548.      0.3020148      0.2083088      6.6323437E-02   544616.7      0.2169269       26.26285      0.0000000E+00  0.0000000E+00   108141.0       7873104.      1.6806541E-02  0.3989764      1.6806541E-02  1.6806541E-02  1.6806541E-02  0.0000000E+00   1.005347    
         365          12          31        2001 rtu0650         ru        1.0648765E+07   87.05407       942.4991       138.4162       511696.8       19.19818       799.4005      0.0000000E+00  0.0000000E+00  1.0821458E+08   7316410.      3.0209647E-02   8.283489      3.0209647E-02  3.0209647E-02  3.0209647E-02  0.0000000E+00   1.000066    
         365          12          31        2001 rtu0660         ru         145597.3      3.6741389E-05  1.6093544E-06  7.7905440E-07   50.33882      0.7171044      0.3294500      0.0000000E+00  0.0000000E+00  4.3292142E-02   1161.981      9.4487786E-04  9.4510941E-04  9.4487786E-04  9.4487786E-04  9.4487786E-04  0.0000000E+00   1.003133    
         365          12          31        2001 rtu0670         ru         4845415.      0.6326402       2.324175      0.7169742       211884.0       2.727232       135.3369      0.0000000E+00  0.0000000E+00   50292.80       6304148.      1.3422419E-02   4.284836      1.3422419E-02  1.3422419E-02  1.3422419E-02  0.0000000E+00   1.000308    
         365          12          31        2001 rtu0680         ru         3797867.       36.99620       1076.126       146.6340       159657.0       76.28998       4325.442      0.0000000E+00  0.0000000E+00  1.1178959E+08   4034687.      3.2634906E-02   15.89758      3.2634906E-02  3.2634906E-02  3.2634906E-02  0.0000000E+00   1.000773    
         365          12          31        2001 rtu0690         ru         1100372.       1.883152       36.72174       5.484198       63976.53       22.13534       1149.732      0.0000000E+00  0.0000000E+00   9915296.       2443877.      2.5950598E-02   4.399236      2.5950598E-02  2.5950598E-02  2.5950598E-02  0.0000000E+00   1.001926    
         365          12          31        2001 rtu0700         ru         3360128.       3.677232       59.21288       10.52370       89417.87       33.62357       4858.836      0.0000000E+00  0.0000000E+00  1.7342866E+07   4370042.      4.2188015E-02   22.84297      4.2188015E-02  4.2188015E-02  4.2188015E-02  0.0000000E+00   1.001040    
         365          12          31        2001 rtu0710         ru         777686.8       3.436388       48.28442       7.098763       79669.59       23.12909       622.1248      0.0000000E+00  0.0000000E+00  1.5333199E+07   4524624.      2.9928774E-02  0.6708847      2.9928774E-02  2.9928774E-02  2.9928774E-02  0.0000000E+00   1.002359    
         365          12          31        2001 rtu0720         ru         885923.4      0.7936890       9.302997       1.709489       40916.84       12.27405       969.8095      0.0000000E+00  0.0000000E+00   2389370.       867376.8      1.6161377E-02   4.077786      1.6161377E-02  1.6161377E-02  1.6161377E-02  0.0000000E+00   1.002377    
         365          12          31        2001 rtu0730         ru         2788807.       629.5195       7414.957       1024.504       150536.5       50.33228       11502.84      0.0000000E+00  0.0000000E+00  1.6013745E+09   4918192.      6.3917384E-02   13.48831      6.3917384E-02  6.3917384E-02  6.3917384E-02  0.0000000E+00   1.000738    
         365          12          31        2001 rtu0740         ru         205348.6      3.7862683E-06  4.9644270E-05  1.4893273E-04   37648.61      1.6613051E-04  0.3875484      0.0000000E+00  0.0000000E+00   20867.98       397182.0      3.7862672E-03  3.7862672E-03  3.7862672E-03  3.7862672E-03  3.7862672E-03  0.0000000E+00   705.6132    
         365          12          31        2001 rtu0750         ru         127799.2      2.3111445E-06  2.9404093E-05  8.8212219E-05   18137.84      5.4992597E-05  0.2576550      0.0000000E+00  0.0000000E+00   7164.598       230363.1      2.3111445E-03  2.3111445E-03  2.3111445E-03  2.3111445E-03  2.3111445E-03  0.0000000E+00   1941.478    
         365          12          31        2001 rtu0760         ru         3819043.       59.63855       1625.251       221.5635       163219.5       40.46989       10731.76      0.0000000E+00  0.0000000E+00  2.0465806E+08   6191137.      6.8398677E-02   11.70641      6.8398677E-02  6.8398677E-02  6.8398677E-02  0.0000000E+00   1.000375    
         365          12          31        2001 rtu0770         ru         2000726.       38.85838       496.6632       67.89018       38148.63       13.89407       3854.546      0.0000000E+00  0.0000000E+00  1.5003571E+08   3895838.      5.6421176E-02   8.470347      5.6421176E-02  5.6421176E-02  5.6421176E-02  0.0000000E+00   1.001207    
         365          12          31        2001 rtu0780         ru         1234603.       5.741546       185.9527       24.80602       13779.53       97.42989       848.0828      0.0000000E+00  0.0000000E+00  1.1792240E+07   207038.2      7.4346196E-03  0.1440723      7.4346196E-03  7.4346196E-03  7.4346196E-03  0.0000000E+00   1.000274    
         365          12          31        2001 rtu0790         ru         4563662.       28.42558       539.2469       75.90627       380744.8       18.62864       2484.243      0.0000000E+00  0.0000000E+00  8.5429768E+07   8490215.      4.8415851E-02   10.04913      4.8415851E-02  4.8415851E-02  4.8415851E-02  0.0000000E+00   1.000339    
         365          12          31        2001 rtu0800         ru         2253941.       2.997392       31.99888       5.947084       87561.05       17.90919       2293.431      0.0000000E+00  0.0000000E+00   8456355.       4066531.      6.3323289E-02   13.96603      6.3323289E-02  6.3323289E-02  6.3323289E-02  0.0000000E+00   1.004443    
         365          12          31        2001 rtu0810         ru         169460.5       2.746533       21.46214       3.296923       2946.415       5.165180       52.23376      0.0000000E+00  0.0000000E+00   6473294.       103805.9      7.7875378E-03  0.1446062      7.7875378E-03  7.7875378E-03  7.7875378E-03  0.0000000E+00   1.009419    
         365          12          31        2001 rtu0820         ru         3090558.       1.333641       17.92649       2.582147       411688.2       4.860856       236.2776      0.0000000E+00  0.0000000E+00  1.0477245E+07   7623282.      3.4348253E-02  3.4348253E-02  3.4348253E-02  3.4348253E-02  3.4348253E-02  0.0000000E+00   1.000729    
         365          12          31        2001 rtu0830         ru         8809960.       834.4528       10231.90       1430.703       499520.2       215.4626       20242.62      0.0000000E+00  0.0000000E+00  2.2889595E+09  1.2067616E+07  3.8686663E-02   16.30516      3.8686663E-02  3.8686663E-02  3.8686663E-02  0.0000000E+00   1.000108    
         365          12          31        2001 rtu0840         ru         1276673.       11.38262       147.6318       21.74256       56097.46       42.52234       632.6111      0.0000000E+00  0.0000000E+00  2.8810780E+07   1419626.      2.1764334E-02   1.058295      2.1764334E-02  2.1764334E-02  2.1764334E-02  0.0000000E+00   1.000495    
         365          12          31        2001 rtu0850         ru         4442841.       32.18930       359.4702       51.96083       103430.9       40.95318       323.8839      0.0000000E+00  0.0000000E+00  2.1578808E+07   2324172.      1.7803343E-02  1.7803343E-02  1.7803343E-02  1.7803343E-02  1.7803343E-02  0.0000000E+00   1.000119    
         365          12          31        2001 rtu0860         ru         937938.6      0.2318725       2.352965      0.7252145       45111.50       6.558466       430.6383      0.0000000E+00  0.0000000E+00   21528.89       672326.2      8.0873128E-03   4.342592      8.0873128E-03  8.0873128E-03  8.0873128E-03  0.0000000E+00   1.001365    
         365          12          31        2001 rtu0870         ru         484321.4      0.9601181       14.69832       2.067235       123418.9      5.4917984E-02   73.16362      0.0000000E+00  0.0000000E+00   8414675.       1410019.      5.0076968E-03  5.0076968E-03  5.0076968E-03  5.0076968E-03  5.0076968E-03  0.0000000E+00   35.30736    
         365          12          31        2001 rtu0880         ru         1538788.      7.4888262E-06  3.7409485E-04  1.1222844E-03   358691.0      2.8210760E-03   2.656244      0.0000000E+00  0.0000000E+00   57205.21       3992676.      7.4888268E-03  7.4888268E-03  7.4888268E-03  7.4888268E-03  7.4888268E-03  0.0000000E+00   1.025959    
         365          12          31        2001 rtu0890         ru         2448655.       1.992374       23.05547       3.310028       576932.6       9.227572       88.04215      0.0000000E+00  0.0000000E+00   4697671.       6369264.      1.4297035E-02  1.4297035E-02  1.4297035E-02  1.4297035E-02  1.4297035E-02  0.0000000E+00   1.001678    
         365          12          31        2001 rtu0900         ru         2290531.       29.02749       375.8895       55.43376       150475.0       13.97236       1157.046      0.0000000E+00  0.0000000E+00  5.5646148E+07   2746306.      1.5194914E-02   5.699883      1.5194914E-02  1.5194914E-02  1.5194914E-02  0.0000000E+00   1.000608    
         365          12          31        2001 rtu0910         ru         784815.2       52.43229       563.9670       80.84970       121582.3       11.15225       878.5634      0.0000000E+00  0.0000000E+00  1.3400359E+08   4724850.      2.1741705E-02   2.321828      2.1741705E-02  2.1741705E-02  2.1741705E-02  0.0000000E+00   1.001468    
         365          12          31        2001 rtu0920         ru         3052438.       146.5326       1780.172       264.8129       104384.2       92.19749       6122.826      0.0000000E+00  0.0000000E+00  3.1455760E+08   3737201.      4.2402875E-02   8.511165      4.2402875E-02  4.2402875E-02  4.2402875E-02  0.0000000E+00   1.000317    
         365          12          31        2001 rtu0930         ru         1768734.      0.8863371       4.384334      0.9786791       112182.9       2.126973       198.9701      0.0000000E+00  0.0000000E+00   612818.1       2446253.      2.2357674E-02   4.048837      2.2357674E-02  2.2357674E-02  2.2357674E-02  0.0000000E+00   1.002084    
         365          12          31        2001 rtu0940         ru         2753258.       82.31683       1173.058       169.0728       242641.9       32.01181       2026.709      0.0000000E+00  0.0000000E+00  1.8946696E+08   4947738.      4.1155066E-02   4.370910      4.1155066E-02  4.1155066E-02  4.1155066E-02  0.0000000E+00   1.000489    
         365          12          31        2001 rtu0950         ru         1009815.      7.7177583E-06  2.4144165E-04  7.2432496E-04   251730.6      1.3742757E-03   1.663498      0.0000000E+00  0.0000000E+00   38587.05       2299508.      7.7177556E-03  7.7177556E-03  7.7177556E-03  7.7177556E-03  7.7177556E-03  0.0000000E+00   1.010842    
         365          12          31        2001 rtu0960         ru         1477443.      7.8958856E-06  3.5285496E-04  1.0585645E-03   327544.2      1.8226234E-03   2.444186      0.0000000E+00  0.0000000E+00   46155.51       3261776.      7.8958916E-03  7.8958916E-03  7.8958916E-03  7.8958916E-03  7.8958916E-03  0.0000000E+00   1.072614    
         365          12          31        2001 rtu0970         ru         3533601.       6.790503       92.49237       13.82995       89247.05       180.5864       2935.902      0.0000000E+00  0.0000000E+00  3.2092494E+07   3211338.      3.8570188E-02   3.888563      3.8570188E-02  3.8570188E-02  3.8570188E-02  0.0000000E+00   1.000193    
         365          12          31        2001 rtu0980         ru         1081922.       3.485204       34.07272       5.505717       53144.56       15.42444       651.2979      0.0000000E+00  0.0000000E+00  1.2781709E+07   3649895.      3.6054518E-02   5.510980      3.6054518E-02  3.6054518E-02  3.6054518E-02  0.0000000E+00   1.004458    
         365          12          31        2001 rtu0990         ru         879417.4       1.122379       17.73155       2.526019       123622.8       8.861875       173.9107      0.0000000E+00  0.0000000E+00   8215662.       2193102.      4.0856171E-02  4.0856171E-02  4.0856171E-02  4.0856171E-02  4.0856171E-02  0.0000000E+00   1.000904    
         365          12          31        2001 rtu1000         ru         3227419.       282.8066       2228.947       319.5847       155275.7       69.29355       4527.849      0.0000000E+00  0.0000000E+00  4.8882560E+08   7113191.      5.3675883E-02   6.083449      5.3675883E-02  5.3675883E-02  5.3675883E-02  0.0000000E+00   1.000361    
         365          12          31        2001 rtu1010         ru         5240198.       15.54118       352.4292       48.01606       65363.26       47.45113       528.1537      0.0000000E+00  0.0000000E+00  2.9489068E+07   2176758.      2.3254413E-02  0.1979655      2.3254413E-02  2.3254413E-02  2.3254413E-02  0.0000000E+00   1.000143    
         365          12          31        2001 rtu1020         ru        1.8510004E+07   50.70522       625.3894       85.41773       468407.5       191.8019       747.3890      0.0000000E+00  0.0000000E+00  3.2877206E+07   8142456.      2.1668587E-02  2.1668587E-02  2.1668587E-02  2.1668587E-02  2.1668587E-02  0.0000000E+00   1.000039    
         365          12          31        2001 rtu1030         ru         2356034.       4.876599       43.66201       6.540344       43149.57       4.260125       83.21468      0.0000000E+00  0.0000000E+00   9503302.       1170748.      1.8591588E-02  0.9504518      1.8591588E-02  1.8591588E-02  1.8591588E-02  0.0000000E+00   1.000310    
         365          12          31        2001 rtu1040         ru         3161326.       17.27097       235.5207       34.51024       93904.98       48.44424       1003.364      0.0000000E+00  0.0000000E+00  2.6611844E+07   2977284.      3.3087324E-02   2.140552      3.3087324E-02  3.3087324E-02  3.3087324E-02  0.0000000E+00   1.000275    
         365          12          31        2001 rtu1050         ru         1949895.       60.80251       624.9172       92.48218       133456.0       55.30717       1549.348      0.0000000E+00  0.0000000E+00  9.5367736E+07   3829510.      2.6531575E-02   2.102612      2.6531575E-02  2.6531575E-02  2.6531575E-02  0.0000000E+00   1.000468    
         365          12          31        2001 rtu1060         ru         2410588.       36.50456       482.4479       68.25771       15978.80       97.88607       546.7570      0.0000000E+00  0.0000000E+00  2.3284096E+07   300003.7      1.1039721E-02  0.3802233      1.1039721E-02  1.1039721E-02  1.1039721E-02  0.0000000E+00   1.000190    
         365          12          31        2001 rtu1070         ru         328025.9      0.2164234       1.857100      0.2796664       31454.21      0.7394513       8.750550      0.0000000E+00  0.0000000E+00   361310.2       676639.4      1.1087138E-02  1.1087138E-02  1.1087138E-02  1.1087138E-02  1.1087138E-02  0.0000000E+00   1.007179    
         365          12          31        2001 rtu1080         ru         108498.1      0.3964095       2.939231      0.4461640       13364.25      0.8337897       20.36334      0.0000000E+00  0.0000000E+00   774251.7       238890.9      5.0638155E-03  0.1004731      5.0638155E-03  5.0638155E-03  5.0638155E-03  0.0000000E+00   1.006197    
         365          12          31        2001 rtu1090         ru         907474.2       271.7440       976.4212       144.3872       67947.52       5.615515       1718.357      0.0000000E+00  0.0000000E+00  4.7380701E+08   1234187.      1.6658133E-02   3.661815      1.6658133E-02  1.6658133E-02  1.6658133E-02  0.0000000E+00   1.001432    
         365          12          31        2001 rtu1100         ru         42599.96      0.1765570       1.923932      0.2783505       6428.674      0.6786163       12.13193      0.0000000E+00  0.0000000E+00   346373.8       158624.4      3.0378231E-03  3.0378231E-03  3.0378231E-03  3.0378231E-03  3.0378231E-03  0.0000000E+00   30.40540    
         365          12          31        2001 rtu1110         ru         8250165.       178.5286       1752.782       267.4157       635429.1       185.2549       5471.522      0.0000000E+00  0.0000000E+00  3.2193334E+08  1.0498786E+07  4.6063706E-02   16.48903      4.6063706E-02  4.6063706E-02  4.6063706E-02  0.0000000E+00   1.000159    
         365          12          31        2001 rtu1120         ru         2129952.      0.6113241       1.564317      0.4578468       37818.19       20.50206       575.2980      0.0000000E+00  0.0000000E+00   147110.9       943968.8      1.7964678E-02   2.614056      1.7964678E-02  1.7964678E-02  1.7964678E-02  0.0000000E+00   1.000287    
         365          12          31        2001 rtu1130         ru         3611533.      0.7122371       2.120208      0.5801625       441184.3       15.43389       267.3641      0.0000000E+00  0.0000000E+00   651202.4       7038120.      2.2158302E-02   3.059493      2.2158302E-02  2.2158302E-02  2.2158302E-02  0.0000000E+00   1.001831    
         365          12          31        2001 rtu1140         ru         2474176.      0.8781253       16.90357       2.465460       132837.0       64.96436       964.4070      0.0000000E+00  0.0000000E+00   1189336.       2695274.      2.0112118E-02   2.138803      2.0112118E-02  2.0112118E-02  2.0112118E-02  0.0000000E+00   1.000340    
         365          12          31        2001 rtu1150         ru         3962633.       96.49421       510.8705       76.49297       333043.5       50.68941       811.2174      0.0000000E+00  0.0000000E+00  1.3489528E+08   7191483.      1.2275094E-02   1.558116      1.2275094E-02  1.2275094E-02  1.2275094E-02  0.0000000E+00   1.001252    
         365          12          31        2001 rtu1160         ru         366162.7      0.5998095       1.582514      0.4876559       4392.297       2.713841       482.7370      0.0000000E+00  0.0000000E+00   39468.05       149959.6      6.6083958E-03   2.921645      6.6083958E-03  6.6083958E-03  6.6083958E-03  0.0000000E+00   1.018433    
         365          12          31        2001 rtu1170         ru         733417.9       25.88988       331.4568       47.00044       18363.68       19.77477       322.0692      0.0000000E+00  0.0000000E+00  2.6941920E+07   480139.9      1.2640655E-02  0.4181348      1.2640655E-02  1.2640655E-02  1.2640655E-02  0.0000000E+00   1.003176    
         365          12          31        2001 rtu1180         ru         1095623.      0.7263519       7.784359       1.111943       117931.7       6.012102       22.97279      0.0000000E+00  0.0000000E+00   914847.2       2500011.      6.5440447E-03  6.5440447E-03  6.5440447E-03  6.5440447E-03  6.5440447E-03  0.0000000E+00   1.002901    
         365          12          31        2001 rtu1190         ru         177691.0      3.6521283E-06  4.7362195E-05  1.4208659E-04   29254.06      3.4651769E-04  0.4934127      0.0000000E+00  0.0000000E+00   27904.35       460904.8      3.6521272E-03  3.6521272E-03  3.6521272E-03  3.6521272E-03  3.6521272E-03  0.0000000E+00   49.86024    
