 Tordera                   SWAT+ Jul 2 2024        MODULAR Rev 2024.61.0.1                                
   jday   mon   day    yr   unit  gis_id  name                    in_sed         out_sed        fp_dep         ch_dep        bank_ero        bed_ero         in_no3        in_orgn        out_no3       out_orgn         fp_no3        bank_no3       bed_no3        fp_orgn        ch_orgn        bank_orgn      bed_orgn       in_solp        in_orgp        out_solp       out_orgp       fp_solp        bank_solp      bed_solp       fp_orgp        ch_orgp        bank_orgp      bed_orgp       no3_orgn       solp_orgp      
                                                                    tons            tons          tons           tons            tons           tons           tons           tons           tons          tons           tons           tons           tons           tons            tons           tons           tons           tons           tons           tons           tons           tons           tons           tons           tons           tons           tons           tons           tons           tons         
   365    12    31  2001       1       1  cha001               0.1445E+03     0.8525E+04     0.0000E+00     0.1388E+01     0.8382E+04     0.0000E+00     0.1026E+06     0.1867E+04     0.1026E+06     0.1858E+04     0.0000E+00     0.0000E+00     0.0000E+00     0.0000E+00     0.9047E+01     0.0000E+00     0.0000E+00     0.8522E+02     0.2750E+03     0.8522E+02     0.2736E+03     0.0000E+00     0.0000E+00     0.0000E+00     0.0000E+00     0.1332E+01     0.0000E+00     0.0000E+00     0.7260E+04     0.6040E+01
   365    12    31  2001       2       2  cha002               0.1130E+02     0.3632E+05     0.0000E+00     0.2368E-01     0.3631E+05     0.0000E+00     0.1895E+06     0.3231E+03     0.1895E+06     0.3228E+03     0.0000E+00     0.0000E+00     0.0000E+00     0.0000E+00     0.3282E+00     0.0000E+00     0.0000E+00     0.7614E+02     0.4515E+02     0.7614E+02     0.4510E+02     0.0000E+00     0.0000E+00     0.0000E+00     0.0000E+00     0.4586E-01     0.0000E+00     0.0000E+00     0.2184E+04     0.7788E+00
   365    12    31  2001       3       3  cha003               0.5845E+05     0.5868E+05     0.0000E+00     0.4885E+02     0.2694E+03     0.2330E+01     0.4106E+06     0.9083E+04     0.4106E+06     0.9079E+04     0.0000E+00     0.0000E+00     0.0000E+00     0.0000E+00     0.3308E+01     0.0000E+00     0.0000E+00     0.1163E+04     0.1274E+04     0.1163E+04     0.1273E+04     0.0000E+00     0.0000E+00     0.0000E+00     0.0000E+00     0.4639E+00     0.0000E+00     0.0000E+00     0.5037E+04     0.1420E+02
   365    12    31  2001       4       4  cha004               0.5190E+05     0.5183E+05     0.0000E+00     0.1095E+03     0.3705E+02     0.0000E+00     0.3399E+06     0.3037E+04     0.3399E+06     0.3034E+04     0.0000E+00     0.0000E+00     0.0000E+00     0.0000E+00     0.2805E+01     0.0000E+00     0.0000E+00     0.4970E+03     0.4290E+03     0.4970E+03     0.4286E+03     0.0000E+00     0.0000E+00     0.0000E+00     0.0000E+00     0.3966E+00     0.0000E+00     0.0000E+00     0.7921E+04     0.1141E+02
   365    12    31  2001       5       5  cha005               0.4954E+05     0.4982E+05     0.0000E+00     0.6427E+02     0.3367E+03     0.0000E+00     0.2860E+06     0.2726E+04     0.2860E+06     0.2725E+04     0.0000E+00     0.0000E+00     0.0000E+00     0.0000E+00     0.1604E+01     0.0000E+00     0.0000E+00     0.4338E+03     0.3838E+03     0.4338E+03     0.3836E+03     0.0000E+00     0.0000E+00     0.0000E+00     0.0000E+00     0.2259E+00     0.0000E+00     0.0000E+00     0.3850E+04     0.5765E+01
   365    12    31  2001       6       6  cha006               0.4972E+05     0.4954E+05     0.1078E+03     0.7262E+02     0.1524E-01     0.0000E+00     0.2868E+06     0.2813E+04     0.2849E+06     0.2726E+04     0.1836E+04     0.0000E+00     0.0000E+00     0.8576E+02     0.1261E+01     0.0000E+00     0.0000E+00     0.4094E+03     0.3960E+03     0.4024E+03     0.3838E+03     0.6978E+01     0.0000E+00     0.0000E+00     0.1202E+02     0.1779E+00     0.0000E+00     0.0000E+00     0.4111E+04     0.5460E+01
   365    12    31  2001       7       7  cha007               0.4919E+05     0.4924E+05     0.0000E+00     0.4469E+02     0.9823E+02     0.0000E+00     0.2386E+06     0.1307E+04     0.2386E+06     0.1306E+04     0.0000E+00     0.0000E+00     0.0000E+00     0.0000E+00     0.5555E+00     0.0000E+00     0.0000E+00     0.2267E+03     0.1813E+03     0.2267E+03     0.1812E+03     0.0000E+00     0.0000E+00     0.0000E+00     0.0000E+00     0.7709E-01     0.0000E+00     0.0000E+00     0.1954E+04     0.1839E+01
   365    12    31  2001       8       8  cha008               0.4821E+05     0.4851E+05     0.0000E+00     0.8361E+02     0.3882E+03     0.0000E+00     0.2318E+06     0.1294E+04     0.2318E+06     0.1293E+04     0.0000E+00     0.0000E+00     0.0000E+00     0.0000E+00     0.1058E+01     0.0000E+00     0.0000E+00     0.2218E+03     0.1794E+03     0.2218E+03     0.1793E+03     0.0000E+00     0.0000E+00     0.0000E+00     0.0000E+00     0.1467E+00     0.0000E+00     0.0000E+00     0.3539E+04     0.3358E+01
   365    12    31  2001       9       9  cha009               0.4813E+05     0.4819E+05     0.0000E+00     0.1315E+01     0.5496E+02     0.0000E+00     0.2301E+06     0.8575E+03     0.2301E+06     0.8575E+03     0.0000E+00     0.0000E+00     0.0000E+00     0.0000E+00     0.1137E-01     0.0000E+00     0.0000E+00     0.2130E+03     0.1194E+03     0.2130E+03     0.1194E+03     0.0000E+00     0.0000E+00     0.0000E+00     0.0000E+00     0.1584E-02     0.0000E+00     0.0000E+00     0.5563E+02     0.5131E-01
   365    12    31  2001      10      10  cha010               0.5047E+05     0.5225E+05     0.0000E+00     0.1671E+03     0.1940E+04     0.0000E+00     0.1887E+06     0.1009E+03     0.1887E+06     0.1008E+03     0.0000E+00     0.0000E+00     0.0000E+00     0.0000E+00     0.1559E+00     0.0000E+00     0.0000E+00     0.1794E+03     0.1388E+02     0.1794E+03     0.1386E+02     0.0000E+00     0.0000E+00     0.0000E+00     0.0000E+00     0.2145E-01     0.0000E+00     0.0000E+00     0.4836E+04     0.4575E+01
   365    12    31  2001      11      11  cha011               0.6483E+04     0.6627E+04     0.3725E+01     0.1396E+02     0.1608E+03     0.1206E+01     0.6854E+05     0.6103E+04     0.6851E+05     0.6047E+04     0.3085E+02     0.0000E+00     0.0000E+00     0.5079E+02     0.4646E+01     0.0000E+00     0.0000E+00     0.5868E+03     0.8528E+03     0.5851E+03     0.8450E+03     0.1649E+01     0.0000E+00     0.0000E+00     0.7161E+01     0.6489E+00     0.0000E+00     0.0000E+00     0.1637E+04     0.1368E+02
   365    12    31  2001      12      12  cha012               0.8305E+04     0.8205E+04     0.9016E+02     0.9391E+01     0.1752E-06     0.0000E+00     0.5851E+05     0.7793E+04     0.5811E+05     0.7605E+04     0.4016E+03     0.0000E+00     0.0000E+00     0.1839E+03     0.4147E+01     0.0000E+00     0.0000E+00     0.3240E+03     0.1099E+04     0.3209E+03     0.1072E+04     0.3054E+01     0.0000E+00     0.0000E+00     0.2591E+02     0.5856E+00     0.0000E+00     0.0000E+00     0.6737E+03     0.3847E+01
   365    12    31  2001      13      13  cha013               0.8261E+04     0.8249E+04     0.1060E+02     0.4708E+01     0.2564E+01     0.0000E+00     0.5290E+05     0.7824E+04     0.5286E+05     0.7760E+04     0.3993E+02     0.0000E+00     0.0000E+00     0.6269E+02     0.1468E+01     0.0000E+00     0.0000E+00     0.3046E+03     0.1102E+04     0.3029E+03     0.1093E+04     0.1751E+01     0.0000E+00     0.0000E+00     0.8844E+01     0.2066E+00     0.0000E+00     0.0000E+00     0.2832E+03     0.1469E+01
   365    12    31  2001      14      14  cha014               0.1442E+06     0.1585E+06     0.0000E+00     0.2118E+03     0.1457E+05     0.8030E+00     0.3958E+06     0.2394E+04     0.3958E+06     0.2393E+04     0.0000E+00     0.0000E+00     0.0000E+00     0.0000E+00     0.1658E+01     0.0000E+00     0.0000E+00     0.3747E+03     0.3646E+03     0.3747E+03     0.3643E+03     0.0000E+00     0.0000E+00     0.0000E+00     0.0000E+00     0.2523E+00     0.0000E+00     0.0000E+00     0.4907E+04     0.4509E+01
   365    12    31  2001      15      15  cha015               0.5742E+03     0.1431E+03     0.4233E+03     0.7865E+01     0.2531E-05     0.0000E+00     0.3694E+05     0.9394E+04     0.3118E+05     0.5996E+04     0.5768E+04     0.0000E+00     0.0000E+00     0.3261E+04     0.1377E+03     0.0000E+00     0.0000E+00     0.3466E+03     0.1307E+04     0.2169E+03     0.8345E+03     0.1297E+03     0.0000E+00     0.0000E+00     0.4534E+03     0.1917E+02     0.0000E+00     0.0000E+00     0.6871E+04     0.4820E+02
   365    12    31  2001      16      16  cha016               0.4065E+06     0.4165E+06     0.0000E+00     0.8498E+03     0.1078E+05     0.0000E+00     0.2015E+06     0.2259E+00     0.2015E+06     0.2257E+00     0.0000E+00     0.0000E+00     0.0000E+00     0.0000E+00     0.2100E-03     0.0000E+00     0.0000E+00     0.1601E+02     0.3394E-01     0.1601E+02     0.3391E-01     0.0000E+00     0.0000E+00     0.0000E+00     0.0000E+00     0.3185E-04     0.0000E+00     0.0000E+00     0.2154E+04     0.1537E+00
   365    12    31  2001      17      17  cha017               0.3709E+02     0.5604E+02     0.8686E+00     0.3003E+00     0.2012E+02     0.0000E+00     0.5629E+04     0.3865E+02     0.5548E+04     0.3299E+02     0.8069E+02     0.0000E+00     0.0000E+00     0.5582E+01     0.7228E-01     0.0000E+00     0.0000E+00     0.2423E+02     0.6920E+01     0.2065E+02     0.6053E+01     0.3573E+01     0.0000E+00     0.0000E+00     0.8526E+00     0.1413E-01     0.0000E+00     0.0000E+00     0.2583E+03     0.7295E+00
   365    12    31  2001      18      18  cha018               0.4466E+03     0.4145E+03     0.3141E+02     0.1743E+01     0.1011E+01     0.0000E+00     0.7687E+04     0.6316E+04     0.7655E+04     0.6059E+04     0.3196E+02     0.0000E+00     0.0000E+00     0.2456E+03     0.1150E+02     0.0000E+00     0.0000E+00     0.2748E+02     0.8719E+03     0.2441E+02     0.8364E+03     0.3070E+01     0.0000E+00     0.0000E+00     0.3394E+02     0.1589E+01     0.0000E+00     0.0000E+00     0.2329E+03     0.5562E+00
   365    12    31  2001      19      19  cha019               0.3998E+02     0.2082E+04     0.0000E+00     0.4896E+00     0.2043E+04     0.0000E+00     0.5251E+05     0.3143E+03     0.5251E+05     0.3124E+03     0.0000E+00     0.0000E+00     0.0000E+00     0.0000E+00     0.1927E+01     0.0000E+00     0.0000E+00     0.2661E+02     0.4572E+02     0.2661E+02     0.4544E+02     0.0000E+00     0.0000E+00     0.0000E+00     0.0000E+00     0.2805E+00     0.0000E+00     0.0000E+00     0.3447E+04     0.1744E+01
   365    12    31  2001      20      20  cha020               0.4318E+03     0.4111E+03     0.1898E+02     0.2515E+01     0.7541E+00     0.0000E+00     0.1865E+05     0.1576E+04     0.1854E+05     0.1457E+04     0.1064E+03     0.0000E+00     0.0000E+00     0.1162E+03     0.2880E+01     0.0000E+00     0.0000E+00     0.1539E+03     0.2243E+03     0.1466E+03     0.2074E+03     0.7244E+01     0.0000E+00     0.0000E+00     0.1652E+02     0.4101E+00     0.0000E+00     0.0000E+00     0.6344E+03     0.4270E+01
   365    12    31  2001      21      21  cha021               0.1335E+02     0.8142E+04     0.0000E+00     0.1052E+00     0.8129E+04     0.0000E+00     0.8993E+05     0.9868E+02     0.8993E+05     0.9830E+02     0.0000E+00     0.0000E+00     0.0000E+00     0.0000E+00     0.3847E+00     0.0000E+00     0.0000E+00     0.6209E+02     0.1467E+02     0.6209E+02     0.1461E+02     0.0000E+00     0.0000E+00     0.0000E+00     0.0000E+00     0.5719E-01     0.0000E+00     0.0000E+00     0.3803E+04     0.2646E+01
   365    12    31  2001      22      22  cha022               0.3915E+01     0.1130E+02     0.2669E+00     0.1884E-01     0.7667E+01     0.0000E+00     0.1447E+05     0.7572E+02     0.1445E+05     0.7372E+02     0.2359E+02     0.0000E+00     0.0000E+00     0.1794E+01     0.2107E+00     0.0000E+00     0.0000E+00     0.4237E+02     0.1227E+02     0.4130E+02     0.1196E+02     0.1073E+01     0.0000E+00     0.0000E+00     0.2796E+00     0.3457E-01     0.0000E+00     0.0000E+00     0.7014E+03     0.1478E+01
   365    12    31  2001      23      23  cha023               0.1143E+03     0.1149E+06     0.0000E+00     0.4496E+00     0.1147E+06     0.0000E+00     0.2168E+06     0.8294E+03     0.2168E+06     0.8277E+03     0.0000E+00     0.0000E+00     0.0000E+00     0.0000E+00     0.1617E+01     0.0000E+00     0.0000E+00     0.1225E+03     0.1342E+03     0.1225E+03     0.1339E+03     0.0000E+00     0.0000E+00     0.0000E+00     0.0000E+00     0.2616E+00     0.0000E+00     0.0000E+00     0.5449E+04     0.3064E+01
   365    12    31  2001      24      24  cha024               0.3149E+01     0.5047E+05     0.0000E+00     0.2107E-01     0.5047E+05     0.0000E+00     0.1652E+06     0.7149E+02     0.1652E+06     0.7125E+02     0.0000E+00     0.0000E+00     0.0000E+00     0.0000E+00     0.2385E+00     0.0000E+00     0.0000E+00     0.6871E+02     0.9904E+01     0.6871E+02     0.9871E+01     0.0000E+00     0.0000E+00     0.0000E+00     0.0000E+00     0.3305E-01     0.0000E+00     0.0000E+00     0.8295E+04     0.3441E+01
   365    12    31  2001      25      25  cha025               0.5018E+02     0.2713E+03     0.0000E+00     0.2021E+00     0.2213E+03     0.0000E+00     0.5066E+05     0.7583E+03     0.5066E+05     0.7568E+03     0.0000E+00     0.0000E+00     0.0000E+00     0.0000E+00     0.1534E+01     0.0000E+00     0.0000E+00     0.6505E+02     0.1058E+03     0.6505E+02     0.1056E+03     0.0000E+00     0.0000E+00     0.0000E+00     0.0000E+00     0.2139E+00     0.0000E+00     0.0000E+00     0.1095E+04     0.1401E+01
   365    12    31  2001      26      26  cha026               0.1559E+07     0.1558E+07     0.0000E+00     0.4061E+03     0.6027E+02     0.3803E+01     0.3067E+07     0.3614E+05     0.3067E+07     0.3614E+05     0.0000E+00     0.0000E+00     0.0000E+00     0.0000E+00     0.4105E+01     0.0000E+00     0.0000E+00     0.6843E+04     0.5178E+04     0.6843E+04     0.5177E+04     0.0000E+00     0.0000E+00     0.0000E+00     0.0000E+00     0.5883E+00     0.0000E+00     0.0000E+00     0.1885E+05     0.4105E+02
   365    12    31  2001      27      27  cha027               0.1561E+07     0.1559E+07     0.0000E+00     0.2368E+04     0.2985E+03     0.2105E+02     0.3066E+07     0.3596E+05     0.3066E+07     0.3593E+05     0.0000E+00     0.0000E+00     0.0000E+00     0.0000E+00     0.2371E+02     0.0000E+00     0.0000E+00     0.6829E+04     0.5153E+04     0.6829E+04     0.5150E+04     0.0000E+00     0.0000E+00     0.0000E+00     0.0000E+00     0.3399E+01     0.0000E+00     0.0000E+00     0.1079E+06     0.2345E+03
   365    12    31  2001      28      28  cha028               0.1561E+07     0.1561E+07     0.2367E+02     0.1451E+03     0.2143E+01     0.6126E+00     0.3052E+07     0.3353E+05     0.3052E+07     0.3352E+05     0.1681E+03     0.0000E+00     0.0000E+00     0.1456E+02     0.1265E+01     0.0000E+00     0.0000E+00     0.6663E+04     0.4825E+04     0.6662E+04     0.4823E+04     0.1024E+01     0.0000E+00     0.0000E+00     0.2077E+01     0.1822E+00     0.0000E+00     0.0000E+00     0.6559E+04     0.1379E+02
   365    12    31  2001      29      29  cha029               0.1562E+07     0.1561E+07     0.0000E+00     0.8573E+03     0.1827E+03     0.8895E+01     0.3052E+07     0.3354E+05     0.3052E+07     0.3353E+05     0.0000E+00     0.0000E+00     0.0000E+00     0.0000E+00     0.8085E+01     0.0000E+00     0.0000E+00     0.6657E+04     0.4826E+04     0.6657E+04     0.4825E+04     0.0000E+00     0.0000E+00     0.0000E+00     0.0000E+00     0.1164E+01     0.0000E+00     0.0000E+00     0.3864E+05     0.8235E+02
   365    12    31  2001      30      30  cha030               0.1563E+07     0.1562E+07     0.0000E+00     0.7708E+03     0.1157E+03     0.6704E+01     0.3028E+07     0.3318E+05     0.3028E+07     0.3318E+05     0.0000E+00     0.0000E+00     0.0000E+00     0.0000E+00     0.7125E+01     0.0000E+00     0.0000E+00     0.6552E+04     0.4777E+04     0.6552E+04     0.4776E+04     0.0000E+00     0.0000E+00     0.0000E+00     0.0000E+00     0.1026E+01     0.0000E+00     0.0000E+00     0.3416E+05     0.7207E+02
   365    12    31  2001      31      31  cha031               0.1565E+07     0.1562E+07     0.0000E+00     0.3306E+04     0.6870E+03     0.2997E+02     0.3004E+07     0.3167E+05     0.3004E+07     0.3164E+05     0.0000E+00     0.0000E+00     0.0000E+00     0.0000E+00     0.2932E+02     0.0000E+00     0.0000E+00     0.6428E+04     0.4553E+04     0.6428E+04     0.4549E+04     0.0000E+00     0.0000E+00     0.0000E+00     0.0000E+00     0.4217E+01     0.0000E+00     0.0000E+00     0.1405E+06     0.2935E+03
   365    12    31  2001      32      32  cha032               0.1565E+07     0.1565E+07     0.0000E+00     0.1980E+03     0.4038E+02     0.1761E+01     0.2986E+07     0.3155E+05     0.2986E+07     0.3154E+05     0.0000E+00     0.0000E+00     0.0000E+00     0.0000E+00     0.1748E+01     0.0000E+00     0.0000E+00     0.6390E+04     0.4535E+04     0.6390E+04     0.4535E+04     0.0000E+00     0.0000E+00     0.0000E+00     0.0000E+00     0.2513E+00     0.0000E+00     0.0000E+00     0.8498E+04     0.1774E+02
   365    12    31  2001      33      33  cha033               0.6727E+05     0.6755E+05     0.0000E+00     0.3187E+02     0.3109E+03     0.2282E+01     0.5210E+06     0.1093E+05     0.5210E+06     0.1093E+05     0.0000E+00     0.0000E+00     0.0000E+00     0.0000E+00     0.2317E+01     0.0000E+00     0.0000E+00     0.1326E+04     0.1546E+04     0.1326E+04     0.1545E+04     0.0000E+00     0.0000E+00     0.0000E+00     0.0000E+00     0.3278E+00     0.0000E+00     0.0000E+00     0.3881E+04     0.9844E+01
   365    12    31  2001      34      34  cha034               0.6720E+05     0.6727E+05     0.0000E+00     0.1727E+03     0.2380E+03     0.9275E+00     0.5209E+06     0.1094E+05     0.5209E+06     0.1093E+05     0.0000E+00     0.0000E+00     0.0000E+00     0.0000E+00     0.1202E+02     0.0000E+00     0.0000E+00     0.1326E+04     0.1547E+04     0.1326E+04     0.1546E+04     0.0000E+00     0.0000E+00     0.0000E+00     0.0000E+00     0.1700E+01     0.0000E+00     0.0000E+00     0.2062E+05     0.5225E+02
   365    12    31  2001      35      35  cha035               0.1499E+07     0.1498E+07     0.0000E+00     0.1234E+04     0.4991E+03     0.1033E+02     0.2446E+07     0.2000E+05     0.2446E+07     0.2000E+05     0.0000E+00     0.0000E+00     0.0000E+00     0.0000E+00     0.6785E+01     0.0000E+00     0.0000E+00     0.4831E+04     0.2906E+04     0.4831E+04     0.2905E+04     0.0000E+00     0.0000E+00     0.0000E+00     0.0000E+00     0.9873E+00     0.0000E+00     0.0000E+00     0.3588E+05     0.6780E+02
   365    12    31  2001      36      36  cha036               0.1311E+07     0.1309E+07     0.7304E+03     0.9806E+03     0.4207E+02     0.1666E+01     0.1845E+07     0.1341E+05     0.1844E+07     0.1321E+05     0.1199E+04     0.0000E+00     0.0000E+00     0.1991E+03     0.3098E+01     0.0000E+00     0.0000E+00     0.2674E+04     0.1946E+04     0.2653E+04     0.1917E+04     0.2064E+02     0.0000E+00     0.0000E+00     0.2864E+02     0.4521E+00     0.0000E+00     0.0000E+00     0.2116E+05     0.2742E+02
   365    12    31  2001      37      37  cha037               0.1312E+07     0.1314E+07     0.0000E+00     0.1090E+02     0.1850E+04     0.8374E+01     0.1688E+07     0.1289E+05     0.1688E+07     0.1289E+05     0.0000E+00     0.0000E+00     0.0000E+00     0.0000E+00     0.4601E-01     0.0000E+00     0.0000E+00     0.2223E+04     0.1867E+04     0.2223E+04     0.1867E+04     0.0000E+00     0.0000E+00     0.0000E+00     0.0000E+00     0.6674E-02     0.0000E+00     0.0000E+00     0.2035E+03     0.2569E+00
   365    12    31  2001      38      38  cha038               0.1279E+07     0.1278E+07     0.4699E+03     0.4480E+03     0.5726E+02     0.9088E+00     0.1554E+07     0.9766E+04     0.1554E+07     0.9689E+04     0.5863E+03     0.0000E+00     0.0000E+00     0.7614E+02     0.1053E+01     0.0000E+00     0.0000E+00     0.2113E+04     0.1405E+04     0.2104E+04     0.1394E+04     0.9381E+01     0.0000E+00     0.0000E+00     0.1088E+02     0.1522E+00     0.0000E+00     0.0000E+00     0.7444E+04     0.8982E+01
   365    12    31  2001      39      39  cha039               0.5969E+06     0.5967E+06     0.2663E+03     0.5784E+03     0.5475E+03     0.3271E+01     0.1323E+07     0.8112E+04     0.1322E+07     0.7992E+04     0.9731E+03     0.0000E+00     0.0000E+00     0.1174E+03     0.2480E+01     0.0000E+00     0.0000E+00     0.1788E+04     0.1153E+04     0.1771E+04     0.1136E+04     0.1689E+02     0.0000E+00     0.0000E+00     0.1650E+02     0.3541E+00     0.0000E+00     0.0000E+00     0.1596E+05     0.1907E+02
   365    12    31  2001      40      40  cha040               0.5465E+06     0.5465E+06     0.8999E+02     0.1797E+03     0.2558E+03     0.7936E+00     0.1041E+07     0.7165E+04     0.1041E+07     0.7125E+04     0.3272E+03     0.0000E+00     0.0000E+00     0.3957E+02     0.7431E+00     0.0000E+00     0.0000E+00     0.1517E+04     0.1014E+04     0.1512E+04     0.1008E+04     0.5028E+01     0.0000E+00     0.0000E+00     0.5539E+01     0.1056E+00     0.0000E+00     0.0000E+00     0.3818E+04     0.4953E+01
   365    12    31  2001      41      41  cha041               0.5475E+06     0.5465E+06     0.6396E+03     0.5017E+03     0.1245E+03     0.9721E+00     0.1041E+07     0.7344E+04     0.1039E+07     0.7165E+04     0.1794E+04     0.0000E+00     0.0000E+00     0.1771E+03     0.1878E+01     0.0000E+00     0.0000E+00     0.1508E+04     0.1039E+04     0.1485E+04     0.1014E+04     0.2304E+02     0.0000E+00     0.0000E+00     0.2484E+02     0.2670E+00     0.0000E+00     0.0000E+00     0.1056E+05     0.1316E+02
   365    12    31  2001      42      42  cha042               0.5471E+06     0.5473E+06     0.0000E+00     0.2632E+02     0.2185E+03     0.2846E+00     0.9878E+06     0.7412E+04     0.9878E+06     0.7412E+04     0.0000E+00     0.0000E+00     0.0000E+00     0.0000E+00     0.1272E+00     0.0000E+00     0.0000E+00     0.1429E+04     0.1048E+04     0.1429E+04     0.1048E+04     0.0000E+00     0.0000E+00     0.0000E+00     0.0000E+00     0.1803E-01     0.0000E+00     0.0000E+00     0.5141E+03     0.6762E+00
   365    12    31  2001      43      43  cha043               0.5445E+06     0.5459E+06     0.0000E+00     0.8496E+03     0.2270E+04     0.3901E+01     0.8702E+06     0.6606E+04     0.8702E+06     0.6602E+04     0.0000E+00     0.0000E+00     0.0000E+00     0.0000E+00     0.3483E+01     0.0000E+00     0.0000E+00     0.1184E+04     0.9289E+03     0.1184E+04     0.9285E+03     0.0000E+00     0.0000E+00     0.0000E+00     0.0000E+00     0.4913E+00     0.0000E+00     0.0000E+00     0.1267E+05     0.1541E+02
   365    12    31  2001      44      44  cha044               0.5303E+06     0.5433E+06     0.0000E+00     0.3182E+04     0.1617E+05     0.1230E+02     0.8366E+06     0.5949E+04     0.8366E+06     0.5935E+04     0.0000E+00     0.0000E+00     0.0000E+00     0.0000E+00     0.1374E+02     0.0000E+00     0.0000E+00     0.8976E+03     0.8358E+03     0.8976E+03     0.8339E+03     0.0000E+00     0.0000E+00     0.0000E+00     0.0000E+00     0.1934E+01     0.0000E+00     0.0000E+00     0.4423E+05     0.4352E+02
   365    12    31  2001      45      45  cha045               0.5035E+06     0.5206E+06     0.0000E+00     0.6244E+02     0.1714E+05     0.2560E+00     0.6647E+06     0.4757E+03     0.6647E+06     0.4757E+03     0.0000E+00     0.0000E+00     0.0000E+00     0.0000E+00     0.2619E-01     0.0000E+00     0.0000E+00     0.1685E+03     0.6726E+02     0.1685E+03     0.6726E+02     0.0000E+00     0.0000E+00     0.0000E+00     0.0000E+00     0.3704E-02     0.0000E+00     0.0000E+00     0.6519E+03     0.1510E+00
   365    12    31  2001      46      46  cha046               0.4939E+06     0.5035E+06     0.0000E+00     0.5045E+03     0.1010E+05     0.7883E+00     0.6637E+06     0.4759E+03     0.6637E+06     0.4757E+03     0.0000E+00     0.0000E+00     0.0000E+00     0.0000E+00     0.2014E+00     0.0000E+00     0.0000E+00     0.1682E+03     0.6729E+02     0.1682E+03     0.6726E+02     0.0000E+00     0.0000E+00     0.0000E+00     0.0000E+00     0.2848E-01     0.0000E+00     0.0000E+00     0.5305E+04     0.1168E+01
   365    12    31  2001      47      47  cha047               0.4660E+06     0.4901E+06     0.0000E+00     0.8681E+03     0.2496E+05     0.1296E+01     0.5696E+06     0.4541E+03     0.5696E+06     0.4537E+03     0.0000E+00     0.0000E+00     0.0000E+00     0.0000E+00     0.3469E+00     0.0000E+00     0.0000E+00     0.1556E+03     0.6418E+02     0.1556E+03     0.6413E+02     0.0000E+00     0.0000E+00     0.0000E+00     0.0000E+00     0.4905E-01     0.0000E+00     0.0000E+00     0.7716E+04     0.1820E+01
   365    12    31  2001      48      48  cha048               0.1915E+06     0.1927E+06     0.0000E+00     0.1267E+02     0.1166E+04     0.1146E+01     0.5898E+06     0.5152E+04     0.5898E+06     0.5151E+04     0.0000E+00     0.0000E+00     0.0000E+00     0.0000E+00     0.1639E+00     0.0000E+00     0.0000E+00     0.1924E+04     0.7534E+03     0.1924E+04     0.7534E+03     0.0000E+00     0.0000E+00     0.0000E+00     0.0000E+00     0.2396E-01     0.0000E+00     0.0000E+00     0.4077E+03     0.1278E+01
   365    12    31  2001      49      49  cha049               0.1908E+06     0.1915E+06     0.0000E+00     0.1711E+03     0.9100E+03     0.0000E+00     0.5897E+06     0.5150E+04     0.5897E+06     0.5148E+04     0.0000E+00     0.0000E+00     0.0000E+00     0.0000E+00     0.2162E+01     0.0000E+00     0.0000E+00     0.1922E+04     0.7532E+03     0.1922E+04     0.7529E+03     0.0000E+00     0.0000E+00     0.0000E+00     0.0000E+00     0.3160E+00     0.0000E+00     0.0000E+00     0.5503E+04     0.1680E+02
   365    12    31  2001      50      50  cha050               0.1862E+06     0.1887E+06     0.0000E+00     0.2005E+03     0.2751E+04     0.0000E+00     0.5824E+06     0.2883E+04     0.5824E+06     0.2881E+04     0.0000E+00     0.0000E+00     0.0000E+00     0.0000E+00     0.1471E+01     0.0000E+00     0.0000E+00     0.1577E+04     0.4331E+03     0.1577E+04     0.4329E+03     0.0000E+00     0.0000E+00     0.0000E+00     0.0000E+00     0.2209E+00     0.0000E+00     0.0000E+00     0.6380E+04     0.1632E+02
   365    12    31  2001      51      51  cha051               0.1846E+06     0.1862E+06     0.0000E+00     0.1029E+03     0.1730E+04     0.1801E+00     0.5724E+06     0.2883E+04     0.5724E+06     0.2882E+04     0.0000E+00     0.0000E+00     0.0000E+00     0.0000E+00     0.7619E+00     0.0000E+00     0.0000E+00     0.1408E+04     0.4332E+03     0.1408E+04     0.4331E+03     0.0000E+00     0.0000E+00     0.0000E+00     0.0000E+00     0.1144E+00     0.0000E+00     0.0000E+00     0.3236E+04     0.7599E+01
   365    12    31  2001      52      52  cha052               0.5695E+03     0.1131E+04     0.5489E+01     0.9709E+00     0.5676E+03     0.1629E+00     0.1181E+06     0.8342E+03     0.1176E+06     0.8097E+03     0.4633E+03     0.0000E+00     0.0000E+00     0.2407E+02     0.4006E+00     0.0000E+00     0.0000E+00     0.2523E+03     0.1234E+03     0.2447E+03     0.1199E+03     0.7576E+01     0.0000E+00     0.0000E+00     0.3503E+01     0.5972E-01     0.0000E+00     0.0000E+00     0.1398E+04     0.2454E+01
   365    12    31  2001      53      53  cha053               0.3387E+02     0.3839E+02     0.1111E+01     0.3497E-01     0.5666E+01     0.0000E+00     0.1012E+05     0.6282E+03     0.1010E+05     0.6130E+03     0.2228E+02     0.0000E+00     0.0000E+00     0.1499E+02     0.2532E+00     0.0000E+00     0.0000E+00     0.4987E+02     0.8563E+02     0.4930E+02     0.8356E+02     0.5679E+00     0.0000E+00     0.0000E+00     0.2035E+01     0.3457E-01     0.0000E+00     0.0000E+00     0.7647E+02     0.3255E+00
   365    12    31  2001      54      54  cha054               0.1117E+01     0.4633E+03     0.0000E+00     0.8810E-02     0.4621E+03     0.0000E+00     0.5308E+05     0.1300E+02     0.5308E+05     0.1296E+02     0.0000E+00     0.0000E+00     0.0000E+00     0.0000E+00     0.4365E-01     0.0000E+00     0.0000E+00     0.1044E+02     0.2105E+01     0.1044E+02     0.2098E+01     0.0000E+00     0.0000E+00     0.0000E+00     0.0000E+00     0.7381E-02     0.0000E+00     0.0000E+00     0.2608E+04     0.3495E+00
   365    12    31  2001      55      55  cha055               0.5493E+02     0.1053E+03     0.5478E+01     0.6138E-01     0.5594E+02     0.0000E+00     0.6159E+05     0.8402E+03     0.6135E+05     0.8012E+03     0.2416E+03     0.0000E+00     0.0000E+00     0.3850E+02     0.5387E+00     0.0000E+00     0.0000E+00     0.2448E+03     0.1242E+03     0.2360E+03     0.1185E+03     0.8805E+01     0.0000E+00     0.0000E+00     0.5663E+01     0.7979E-01     0.0000E+00     0.0000E+00     0.7964E+03     0.2566E+01
   365    12    31  2001      56      56  cha056               0.1223E+03     0.1707E+03     0.5944E+01     0.2948E+00     0.5458E+02     0.0000E+00     0.2210E+05     0.1122E+04     0.2203E+05     0.1088E+04     0.6754E+02     0.0000E+00     0.0000E+00     0.3211E+02     0.1291E+01     0.0000E+00     0.0000E+00     0.4711E+02     0.1714E+03     0.4600E+02     0.1665E+03     0.1108E+01     0.0000E+00     0.0000E+00     0.4776E+01     0.1987E+00     0.0000E+00     0.0000E+00     0.4819E+03     0.8935E+00
   365    12    31  2001      57      57  cha057               0.5769E+01     0.2314E+04     0.0000E+00     0.5034E-01     0.2309E+04     0.0000E+00     0.1293E+06     0.8528E+02     0.1293E+06     0.8492E+02     0.0000E+00     0.0000E+00     0.0000E+00     0.0000E+00     0.3613E+00     0.0000E+00     0.0000E+00     0.1203E+03     0.1241E+02     0.1203E+03     0.1236E+02     0.0000E+00     0.0000E+00     0.0000E+00     0.0000E+00     0.5273E-01     0.0000E+00     0.0000E+00     0.6740E+04     0.5366E+01
   365    12    31  2001      58      58  cha058               0.6884E+06     0.6864E+06     0.8187E+03     0.1446E+04     0.2595E+03     0.0000E+00     0.1571E+06     0.4265E+03     0.1569E+06     0.4199E+03     0.1436E+03     0.0000E+00     0.0000E+00     0.6288E+01     0.3140E+00     0.0000E+00     0.0000E+00     0.1489E+03     0.6163E+02     0.1455E+03     0.6067E+02     0.3433E+01     0.0000E+00     0.0000E+00     0.9141E+00     0.4536E-01     0.0000E+00     0.0000E+00     0.1890E+04     0.1495E+01
   365    12    31  2001      59      59  cha059               0.3344E+05     0.3351E+05     0.1538E+02     0.1776E+02     0.1008E+03     0.0000E+00     0.1343E+06     0.3237E+04     0.1342E+06     0.3202E+04     0.1066E+03     0.0000E+00     0.0000E+00     0.3457E+02     0.4644E+00     0.0000E+00     0.0000E+00     0.1209E+03     0.4779E+03     0.1188E+03     0.4728E+03     0.2071E+01     0.0000E+00     0.0000E+00     0.5045E+01     0.6933E-01     0.0000E+00     0.0000E+00     0.4376E+03     0.2552E+00
   365    12    31  2001      60      60  cha060               0.3296E+05     0.3327E+05     0.1707E+02     0.3310E+02     0.3650E+03     0.0000E+00     0.1123E+06     0.1528E+04     0.1121E+06     0.1506E+04     0.1320E+03     0.0000E+00     0.0000E+00     0.2225E+02     0.4600E+00     0.0000E+00     0.0000E+00     0.9085E+02     0.2199E+03     0.8814E+02     0.2168E+03     0.2711E+01     0.0000E+00     0.0000E+00     0.3047E+01     0.6746E-01     0.0000E+00     0.0000E+00     0.6477E+03     0.3504E+00
   365    12    31  2001      61      61  cha061               0.1448E+03     0.1642E+03     0.1519E+02     0.4696E+00     0.3509E+02     0.0000E+00     0.2228E+05     0.1804E+04     0.2213E+05     0.1702E+04     0.1543E+03     0.0000E+00     0.0000E+00     0.9844E+02     0.3272E+01     0.0000E+00     0.0000E+00     0.2723E+02     0.2720E+03     0.2432E+02     0.2567E+03     0.2908E+01     0.0000E+00     0.0000E+00     0.1482E+02     0.4929E+00     0.0000E+00     0.0000E+00     0.3821E+03     0.3405E+00
   365    12    31  2001      62      62  cha062               0.3273E+05     0.3281E+05     0.0000E+00     0.2101E+02     0.1042E+03     0.0000E+00     0.8687E+05     0.1433E+04     0.8687E+05     0.1433E+04     0.0000E+00     0.0000E+00     0.0000E+00     0.0000E+00     0.3692E+00     0.0000E+00     0.0000E+00     0.2097E+02     0.2058E+03     0.2097E+02     0.2057E+03     0.0000E+00     0.0000E+00     0.0000E+00     0.0000E+00     0.5344E-01     0.0000E+00     0.0000E+00     0.2806E+03     0.5364E-01
   365    12    31  2001      63      63  cha063               0.5250E+01     0.1449E+03     0.4962E+00     0.5413E-02     0.1402E+03     0.0000E+00     0.2525E+05     0.8045E+02     0.2515E+05     0.7675E+02     0.1023E+03     0.0000E+00     0.0000E+00     0.3658E+01     0.4041E-01     0.0000E+00     0.0000E+00     0.6612E+02     0.1196E+02     0.6308E+02     0.1142E+02     0.3033E+01     0.0000E+00     0.0000E+00     0.5376E+00     0.6073E-02     0.0000E+00     0.0000E+00     0.2114E+03     0.3621E+00
   365    12    31  2001      64      64  cha064               0.1833E+00     0.1632E+05     0.0000E+00     0.2043E-03     0.1632E+05     0.0000E+00     0.8145E+05     0.1234E+00     0.8145E+05     0.1233E+00     0.0000E+00     0.0000E+00     0.0000E+00     0.0000E+00     0.6868E-04     0.0000E+00     0.0000E+00     0.2355E+01     0.3963E-01     0.2355E+01     0.3961E-01     0.0000E+00     0.0000E+00     0.0000E+00     0.0000E+00     0.2206E-04     0.0000E+00     0.0000E+00     0.4094E+03     0.1150E-01
   365    12    31  2001      65      65  cha065               0.1149E+06     0.1414E+06     0.0000E+00     0.2818E+03     0.2675E+05     0.4107E+00     0.3130E+06     0.2010E+04     0.3130E+06     0.2007E+04     0.0000E+00     0.0000E+00     0.0000E+00     0.0000E+00     0.2325E+01     0.0000E+00     0.0000E+00     0.1691E+03     0.3049E+03     0.1691E+03     0.3045E+03     0.0000E+00     0.0000E+00     0.0000E+00     0.0000E+00     0.3524E+00     0.0000E+00     0.0000E+00     0.5477E+04     0.2876E+01
   365    12    31  2001      66      66  cha066               0.7021E+03     0.7992E+03     0.0000E+00     0.6399E-01     0.9721E+02     0.0000E+00     0.3578E+05     0.1777E+01     0.3578E+05     0.1777E+01     0.0000E+00     0.0000E+00     0.0000E+00     0.0000E+00     0.7793E-04     0.0000E+00     0.0000E+00     0.1009E+02     0.5437E+00     0.1009E+02     0.5436E+00     0.0000E+00     0.0000E+00     0.0000E+00     0.0000E+00     0.2388E-04     0.0000E+00     0.0000E+00     0.1326E+02     0.3698E-02
   365    12    31  2001      67      67  cha067               0.4610E+00     0.7020E+03     0.0000E+00     0.1058E-03     0.7016E+03     0.0000E+00     0.3577E+05     0.1777E+01     0.3577E+05     0.1776E+01     0.0000E+00     0.0000E+00     0.0000E+00     0.0000E+00     0.2031E-03     0.0000E+00     0.0000E+00     0.8329E+01     0.5436E+00     0.8329E+01     0.5435E+00     0.0000E+00     0.0000E+00     0.0000E+00     0.0000E+00     0.6223E-04     0.0000E+00     0.0000E+00     0.3437E+02     0.7912E-02
   365    12    31  2001      68      68  cha068               0.2425E+02     0.4363E+02     0.5226E+01     0.1337E+00     0.2474E+02     0.0000E+00     0.1325E+05     0.6934E+03     0.1310E+05     0.6196E+03     0.1484E+03     0.0000E+00     0.0000E+00     0.7162E+02     0.2119E+01     0.0000E+00     0.0000E+00     0.2078E+03     0.9405E+02     0.2017E+03     0.8405E+02     0.6140E+01     0.0000E+00     0.0000E+00     0.9709E+01     0.2877E+00     0.0000E+00     0.0000E+00     0.6397E+03     0.8863E+01
   365    12    31  2001      69      69  cha069               0.1566E+07     0.1565E+07     0.0000E+00     0.9466E+03     0.1654E+03     0.7936E+01     0.2972E+07     0.3093E+05     0.2972E+07     0.3093E+05     0.0000E+00     0.0000E+00     0.0000E+00     0.0000E+00     0.8168E+01     0.0000E+00     0.0000E+00     0.6181E+04     0.4452E+04     0.6181E+04     0.4451E+04     0.0000E+00     0.0000E+00     0.0000E+00     0.0000E+00     0.1176E+01     0.0000E+00     0.0000E+00     0.4000E+05     0.8108E+02
   365    12    31  2001      70      70  cha070               0.1612E+01     0.2142E+02     0.5374E+00     0.7692E-02     0.2035E+02     0.0000E+00     0.2345E+04     0.2427E+02     0.2242E+04     0.2005E+02     0.1021E+03     0.0000E+00     0.0000E+00     0.4149E+01     0.6638E-01     0.0000E+00     0.0000E+00     0.1688E+02     0.4868E+01     0.1287E+02     0.4148E+01     0.4009E+01     0.0000E+00     0.0000E+00     0.7063E+00     0.1441E-01     0.0000E+00     0.0000E+00     0.1187E+03     0.4858E+00
   365    12    31  2001      71      71  cha071               0.1270E+01     0.1546E+02     0.0000E+00     0.1121E-01     0.1420E+02     0.0000E+00     0.3376E+04     0.1614E+02     0.3376E+04     0.1607E+02     0.0000E+00     0.0000E+00     0.0000E+00     0.0000E+00     0.7070E-01     0.0000E+00     0.0000E+00     0.9824E+01     0.2405E+01     0.9824E+01     0.2394E+01     0.0000E+00     0.0000E+00     0.0000E+00     0.0000E+00     0.1056E-01     0.0000E+00     0.0000E+00     0.1492E+03     0.3687E+00
   365    12    31  2001      72      72  cha072               0.5924E+03     0.5669E+03     0.2694E+02     0.1345E+01     0.2862E+01     0.0000E+00     0.3596E+05     0.9677E+04     0.3582E+05     0.9284E+04     0.1371E+03     0.0000E+00     0.0000E+00     0.3835E+03     0.1010E+02     0.0000E+00     0.0000E+00     0.2958E+03     0.1346E+04     0.2865E+03     0.1291E+04     0.9334E+01     0.0000E+00     0.0000E+00     0.5338E+02     0.1403E+01     0.0000E+00     0.0000E+00     0.9990E+03     0.6832E+01
   365    12    31  2001      73      73  cha073               0.4084E+03     0.4093E+03     0.5608E+02     0.4581E+01     0.6156E+02     0.0000E+00     0.7667E+04     0.6191E+04     0.7608E+04     0.5853E+04     0.5904E+02     0.0000E+00     0.0000E+00     0.3002E+03     0.3822E+02     0.0000E+00     0.0000E+00     0.2527E+02     0.8512E+03     0.1882E+02     0.8047E+03     0.6449E+01     0.0000E+00     0.0000E+00     0.4119E+02     0.5258E+01     0.0000E+00     0.0000E+00     0.6243E+03     0.1126E+01
   365    12    31  2001      74      74  cha074               0.1617E+05     0.1643E+05     0.0000E+00     0.1522E+02     0.2765E+03     0.0000E+00     0.5014E+05     0.2401E-03     0.5014E+05     0.2400E-03     0.0000E+00     0.0000E+00     0.0000E+00     0.0000E+00     0.1132E-06     0.0000E+00     0.0000E+00     0.3214E+01     0.7203E-03     0.3214E+01     0.7200E-03     0.0000E+00     0.0000E+00     0.0000E+00     0.0000E+00     0.3395E-06     0.0000E+00     0.0000E+00     0.1417E+03     0.7877E-02
   365    12    31  2001      75      75  cha075               0.1122E+05     0.1617E+05     0.0000E+00     0.1090E+02     0.4964E+04     0.0000E+00     0.4529E+05     0.2030E-03     0.4529E+05     0.2029E-03     0.0000E+00     0.0000E+00     0.0000E+00     0.0000E+00     0.9875E-07     0.0000E+00     0.0000E+00     0.2943E+01     0.6089E-03     0.2943E+01     0.6086E-03     0.0000E+00     0.0000E+00     0.0000E+00     0.0000E+00     0.2962E-06     0.0000E+00     0.0000E+00     0.1242E+03     0.7355E-02
   365    12    31  2001      76      76  cha076               0.2291E+02     0.3352E+02     0.5521E+00     0.1163E-01     0.1118E+02     0.0000E+00     0.9900E+04     0.6335E+03     0.9897E+04     0.6260E+03     0.2877E+01     0.0000E+00     0.0000E+00     0.7303E+01     0.1676E+00     0.0000E+00     0.0000E+00     0.3336E+02     0.8632E+02     0.3311E+02     0.8530E+02     0.2449E+00     0.0000E+00     0.0000E+00     0.9921E+00     0.2288E-01     0.0000E+00     0.0000E+00     0.4671E+02     0.1282E+00
   365    12    31  2001      77      77  cha077               0.2589E+02     0.4633E+02     0.1065E+01     0.1911E+00     0.2170E+02     0.0000E+00     0.2025E+04     0.3531E+03     0.2017E+04     0.3446E+03     0.8529E+01     0.0000E+00     0.0000E+00     0.7144E+01     0.1320E+01     0.0000E+00     0.0000E+00     0.3403E+02     0.4771E+02     0.3356E+02     0.4654E+02     0.4691E+00     0.0000E+00     0.0000E+00     0.9952E+00     0.1778E+00     0.0000E+00     0.0000E+00     0.8856E+02     0.1448E+01
   365    12    31  2001      78      78  cha078               0.1561E+07     0.1561E+07     0.0000E+00     0.7352E+03     0.2030E+03     0.9879E+01     0.3063E+07     0.3422E+05     0.3063E+07     0.3421E+05     0.0000E+00     0.0000E+00     0.0000E+00     0.0000E+00     0.7110E+01     0.0000E+00     0.0000E+00     0.6786E+04     0.4918E+04     0.6786E+04     0.4917E+04     0.0000E+00     0.0000E+00     0.0000E+00     0.0000E+00     0.1022E+01     0.0000E+00     0.0000E+00     0.3356E+05     0.7277E+02
   365    12    31  2001      79      79  cha079               0.9817E+01     0.2934E+02     0.7977E-01     0.2773E-01     0.1963E+02     0.0000E+00     0.2402E+05     0.1746E+03     0.2402E+05     0.1736E+03     0.7022E+00     0.0000E+00     0.0000E+00     0.7831E+00     0.2293E+00     0.0000E+00     0.0000E+00     0.5259E+02     0.2500E+02     0.5256E+02     0.2486E+02     0.3183E-01     0.0000E+00     0.0000E+00     0.1091E+00     0.3367E-01     0.0000E+00     0.0000E+00     0.7142E+03     0.1476E+01
   365    12    31  2001      80      80  cha080               0.1332E+01     0.1178E+02     0.2797E+00     0.5144E-02     0.1073E+02     0.0000E+00     0.4172E+04     0.1251E+02     0.4103E+04     0.1086E+02     0.6965E+02     0.0000E+00     0.0000E+00     0.1623E+01     0.2326E-01     0.0000E+00     0.0000E+00     0.9673E+01     0.2680E+01     0.8411E+01     0.2405E+01     0.1261E+01     0.0000E+00     0.0000E+00     0.2696E+00     0.5716E-02     0.0000E+00     0.0000E+00     0.1425E+03     0.2238E+00
   365    12    31  2001      81      81  cha081               0.4965E+05     0.4972E+05     0.0000E+00     0.6535E+02     0.1291E+03     0.0000E+00     0.2573E+06     0.2787E+04     0.2573E+06     0.2786E+04     0.0000E+00     0.0000E+00     0.0000E+00     0.0000E+00     0.1605E+01     0.0000E+00     0.0000E+00     0.3886E+03     0.3922E+03     0.3886E+03     0.3920E+03     0.0000E+00     0.0000E+00     0.0000E+00     0.0000E+00     0.2260E+00     0.0000E+00     0.0000E+00     0.3305E+04     0.4896E+01
   365    12    31  2001      82      82  cha082               0.2009E+01     0.5857E+01     0.0000E+00     0.8854E-02     0.3857E+01     0.0000E+00     0.2936E+05     0.2765E+02     0.2936E+05     0.2758E+02     0.0000E+00     0.0000E+00     0.0000E+00     0.0000E+00     0.6102E-01     0.0000E+00     0.0000E+00     0.1522E+02     0.4010E+01     0.1522E+02     0.4002E+01     0.0000E+00     0.0000E+00     0.0000E+00     0.0000E+00     0.8849E-02     0.0000E+00     0.0000E+00     0.7127E+03     0.3538E+00
   365    12    31  2001      83      83  cha083               0.7926E+03     0.5806E+03     0.2227E+03     0.6736E+01     0.1748E+02     0.0000E+00     0.2118E+05     0.1099E+05     0.2100E+05     0.9599E+04     0.1877E+03     0.0000E+00     0.0000E+00     0.1337E+04     0.5335E+02     0.0000E+00     0.0000E+00     0.2744E+03     0.1526E+04     0.2464E+03     0.1333E+04     0.2804E+02     0.0000E+00     0.0000E+00     0.1857E+03     0.7402E+01     0.0000E+00     0.0000E+00     0.2196E+04     0.2245E+02
   365    12    31  2001      84      84  cha084               0.4243E+03     0.4081E+03     0.2370E+02     0.4919E+01     0.1236E+02     0.0000E+00     0.1807E+05     0.1206E+04     0.1792E+05     0.1088E+04     0.1443E+03     0.0000E+00     0.0000E+00     0.1135E+03     0.4672E+01     0.0000E+00     0.0000E+00     0.1517E+03     0.1728E+03     0.1404E+03     0.1560E+03     0.1128E+02     0.0000E+00     0.0000E+00     0.1622E+02     0.6702E+00     0.0000E+00     0.0000E+00     0.9907E+03     0.6571E+01
   365    12    31  2001      85      85  cha085               0.6899E+06     0.6884E+06     0.0000E+00     0.1951E+04     0.4371E+03     0.0000E+00     0.1359E+06     0.1889E+03     0.1359E+06     0.1887E+03     0.0000E+00     0.0000E+00     0.0000E+00     0.0000E+00     0.2241E+00     0.0000E+00     0.0000E+00     0.1144E+03     0.2781E+02     0.1144E+03     0.2778E+02     0.0000E+00     0.0000E+00     0.0000E+00     0.0000E+00     0.3290E-01     0.0000E+00     0.0000E+00     0.1983E+04     0.1489E+01
   365    12    31  2001      86      86  cha086               0.5966E+06     0.5975E+06     0.8502E+02     0.2313E+03     0.1212E+04     0.2909E+01     0.1235E+07     0.8193E+04     0.1235E+07     0.8155E+04     0.1508E+03     0.0000E+00     0.0000E+00     0.3676E+02     0.1118E+01     0.0000E+00     0.0000E+00     0.1581E+04     0.1165E+04     0.1575E+04     0.1159E+04     0.5263E+01     0.0000E+00     0.0000E+00     0.5175E+01     0.1594E+00     0.0000E+00     0.0000E+00     0.5759E+04     0.6658E+01
   365    12    31  2001      87      87  cha087               0.4901E+06     0.4939E+06     0.0000E+00     0.3312E+03     0.4168E+04     0.4029E+00     0.5886E+06     0.4760E+03     0.5886E+06     0.4759E+03     0.0000E+00     0.0000E+00     0.0000E+00     0.0000E+00     0.1294E+00     0.0000E+00     0.0000E+00     0.1579E+03     0.6731E+02     0.1579E+03     0.6729E+02     0.0000E+00     0.0000E+00     0.0000E+00     0.0000E+00     0.1830E-01     0.0000E+00     0.0000E+00     0.2954E+04     0.6731E+00
   365    12    31  2001      88      88  cha088               0.3271E+06     0.4065E+06     0.0000E+00     0.7060E+03     0.8011E+05     0.0000E+00     0.1200E+06     0.1799E-01     0.1200E+06     0.1798E-01     0.0000E+00     0.0000E+00     0.0000E+00     0.0000E+00     0.1787E-04     0.0000E+00     0.0000E+00     0.9044E+01     0.4014E-02     0.9044E+01     0.4009E-02     0.0000E+00     0.0000E+00     0.0000E+00     0.0000E+00     0.4120E-05     0.0000E+00     0.0000E+00     0.1083E+04     0.7552E-01
   365    12    31  2001      89      89  cha089               0.3081E+01     0.5912E+05     0.0000E+00     0.2471E-01     0.5912E+05     0.0000E+00     0.9810E+05     0.5323E+02     0.9810E+05     0.5302E+02     0.0000E+00     0.0000E+00     0.0000E+00     0.0000E+00     0.2102E+00     0.0000E+00     0.0000E+00     0.1783E+02     0.7740E+01     0.1783E+02     0.7709E+01     0.0000E+00     0.0000E+00     0.0000E+00     0.0000E+00     0.3057E-01     0.0000E+00     0.0000E+00     0.3475E+04     0.5706E+00
   365    12    31  2001      90      90  cha090               0.6011E+05     0.6275E+05     0.1981E+03     0.2397E+03     0.3077E+04     0.0000E+00     0.2051E+06     0.1135E+04     0.2047E+06     0.1085E+04     0.3784E+03     0.0000E+00     0.0000E+00     0.4896E+02     0.1359E+01     0.0000E+00     0.0000E+00     0.8670E+02     0.1655E+03     0.7793E+02     0.1582E+03     0.8774E+01     0.0000E+00     0.0000E+00     0.7042E+01     0.1998E+00     0.0000E+00     0.0000E+00     0.4662E+04     0.1145E+01
   365    12    31  2001      91      91  cha091               0.3158E+02     0.8006E+04     0.0000E+00     0.3466E+00     0.7975E+04     0.0000E+00     0.1243E+05     0.4400E+03     0.1243E+05     0.4375E+03     0.0000E+00     0.0000E+00     0.0000E+00     0.0000E+00     0.2461E+01     0.0000E+00     0.0000E+00     0.3251E+01     0.6236E+02     0.3251E+01     0.6201E+02     0.0000E+00     0.0000E+00     0.0000E+00     0.0000E+00     0.3487E+00     0.0000E+00     0.0000E+00     0.5082E+03     0.9028E-01
   365    12    31  2001      92      92  cha092               0.8169E+04     0.8118E+04     0.4463E+02     0.1033E+03     0.9761E+02     0.0000E+00     0.2170E+05     0.1866E+04     0.2163E+05     0.1828E+04     0.6966E+02     0.0000E+00     0.0000E+00     0.2843E+02     0.8887E+01     0.0000E+00     0.0000E+00     0.7863E+02     0.2728E+03     0.7513E+02     0.2673E+03     0.3497E+01     0.0000E+00     0.0000E+00     0.4208E+01     0.1298E+01     0.0000E+00     0.0000E+00     0.1603E+04     0.4762E+01
   365    12    31  2001      93      93  cha093               0.8006E+04     0.8064E+04     0.0000E+00     0.7195E+02     0.1297E+03     0.0000E+00     0.1759E+05     0.4405E+03     0.1759E+05     0.4387E+03     0.0000E+00     0.0000E+00     0.0000E+00     0.0000E+00     0.1807E+01     0.0000E+00     0.0000E+00     0.1160E+02     0.6265E+02     0.1160E+02     0.6240E+02     0.0000E+00     0.0000E+00     0.0000E+00     0.0000E+00     0.2569E+00     0.0000E+00     0.0000E+00     0.6800E+03     0.3755E+00
   365    12    31  2001      94      94  cha094               0.7308E+02     0.4140E+03     0.5415E+01     0.8630E+00     0.3472E+03     0.0000E+00     0.1458E+05     0.1107E+04     0.1453E+05     0.1065E+04     0.5639E+02     0.0000E+00     0.0000E+00     0.3483E+02     0.6843E+01     0.0000E+00     0.0000E+00     0.4009E+02     0.1582E+03     0.3633E+02     0.1522E+03     0.3763E+01     0.0000E+00     0.0000E+00     0.4994E+01     0.9780E+00     0.0000E+00     0.0000E+00     0.9860E+03     0.1797E+01
   365    12    31  2001      95      95  cha095               0.6984E-03     0.1122E+05     0.0000E+00     0.1790E-05     0.1122E+05     0.0000E+00     0.4380E+05     0.1812E-03     0.4380E+05     0.1809E-03     0.0000E+00     0.0000E+00     0.0000E+00     0.0000E+00     0.2628E-06     0.0000E+00     0.0000E+00     0.2883E+01     0.5435E-03     0.2883E+01     0.5427E-03     0.0000E+00     0.0000E+00     0.0000E+00     0.0000E+00     0.7884E-06     0.0000E+00     0.0000E+00     0.3402E+03     0.2015E-01
   365    12    31  2001      96      96  cha096               0.5925E-05     0.3271E+06     0.0000E+00     0.1642E-07     0.3271E+06     0.0000E+00     0.5778E+05     0.2648E-03     0.5778E+05     0.2644E-03     0.0000E+00     0.0000E+00     0.0000E+00     0.0000E+00     0.3668E-06     0.0000E+00     0.0000E+00     0.3341E+01     0.7943E-03     0.3341E+01     0.7932E-03     0.0000E+00     0.0000E+00     0.0000E+00     0.0000E+00     0.1100E-05     0.0000E+00     0.0000E+00     0.4999E+03     0.2742E-01
   365    12    31  2001      97      97  cha097               0.8622E+04     0.6482E+04     0.1778E+04     0.3615E+03     0.1296E-04     0.0000E+00     0.7332E+05     0.1370E+05     0.6335E+05     0.6102E+04     0.9969E+04     0.0000E+00     0.0000E+00     0.7410E+04     0.1833E+03     0.0000E+00     0.0000E+00     0.6234E+03     0.1914E+04     0.4388E+03     0.8527E+03     0.1847E+03     0.0000E+00     0.0000E+00     0.1035E+04     0.2563E+02     0.0000E+00     0.0000E+00     0.2734E+05     0.1874E+03
   365    12    31  2001      98      98  cha098               0.8066E+04     0.8060E+04     0.0000E+00     0.3465E+02     0.2911E+02     0.0000E+00     0.2040E+05     0.4525E+03     0.2040E+05     0.4517E+03     0.0000E+00     0.0000E+00     0.0000E+00     0.0000E+00     0.8558E+00     0.0000E+00     0.0000E+00     0.2721E+02     0.6473E+02     0.2721E+02     0.6461E+02     0.0000E+00     0.0000E+00     0.0000E+00     0.0000E+00     0.1223E+00     0.0000E+00     0.0000E+00     0.4594E+03     0.5349E+00
   365    12    31  2001      99      99  cha099               0.4851E+05     0.4919E+05     0.0000E+00     0.2977E+03     0.9720E+03     0.0000E+00     0.2386E+06     0.1310E+04     0.2386E+06     0.1307E+04     0.0000E+00     0.0000E+00     0.0000E+00     0.0000E+00     0.3778E+01     0.0000E+00     0.0000E+00     0.2266E+03     0.1818E+03     0.2266E+03     0.1813E+03     0.0000E+00     0.0000E+00     0.0000E+00     0.0000E+00     0.5243E+00     0.0000E+00     0.0000E+00     0.1289E+05     0.1214E+02
   365    12    31  2001     100     100  cha100               0.1502E+07     0.1499E+07     0.8231E+03     0.2945E+04     0.5737E+03     0.1831E+02     0.2444E+07     0.2018E+05     0.2441E+07     0.1990E+05     0.2103E+04     0.0000E+00     0.0000E+00     0.2657E+03     0.1565E+02     0.0000E+00     0.0000E+00     0.4681E+04     0.2931E+04     0.4653E+04     0.2891E+04     0.2852E+02     0.0000E+00     0.0000E+00     0.3803E+02     0.2278E+01     0.0000E+00     0.0000E+00     0.8394E+05     0.1520E+03
   365    12    31  2001     101     101  cha101               0.1887E+06     0.1907E+06     0.0000E+00     0.4364E+03     0.2347E+04     0.0000E+00     0.5889E+06     0.3120E+04     0.5889E+06     0.3117E+04     0.0000E+00     0.0000E+00     0.0000E+00     0.0000E+00     0.3385E+01     0.0000E+00     0.0000E+00     0.1886E+04     0.4659E+03     0.1886E+04     0.4654E+03     0.0000E+00     0.0000E+00     0.0000E+00     0.0000E+00     0.5052E+00     0.0000E+00     0.0000E+00     0.1399E+05     0.4190E+02
   365    12    31  2001     102     102  cha102               0.1667E+06     0.1846E+06     0.0000E+00     0.6076E+03     0.1844E+05     0.2612E+01     0.5681E+06     0.2888E+04     0.5681E+06     0.2883E+04     0.0000E+00     0.0000E+00     0.0000E+00     0.0000E+00     0.4997E+01     0.0000E+00     0.0000E+00     0.1332E+04     0.4339E+03     0.1332E+04     0.4332E+03     0.0000E+00     0.0000E+00     0.0000E+00     0.0000E+00     0.7504E+00     0.0000E+00     0.0000E+00     0.2054E+05     0.4634E+02
   365    12    31  2001     103     103  cha103               0.1394E+06     0.1441E+06     0.0000E+00     0.1179E+03     0.4851E+04     0.1683E+00     0.3495E+06     0.2032E+04     0.3495E+06     0.2031E+04     0.0000E+00     0.0000E+00     0.0000E+00     0.0000E+00     0.8038E+00     0.0000E+00     0.0000E+00     0.2229E+03     0.3083E+03     0.2229E+03     0.3082E+03     0.0000E+00     0.0000E+00     0.0000E+00     0.0000E+00     0.1219E+00     0.0000E+00     0.0000E+00     0.2349E+04     0.1450E+01
   365    12    31  2001     104     104  cha104               0.1312E+07     0.1311E+07     0.3977E+03     0.8915E+03     0.1835E+03     0.2917E+01     0.1834E+07     0.1334E+05     0.1834E+07     0.1322E+05     0.6774E+03     0.0000E+00     0.0000E+00     0.1153E+03     0.2963E+01     0.0000E+00     0.0000E+00     0.2663E+04     0.1933E+04     0.2650E+04     0.1917E+04     0.1326E+02     0.0000E+00     0.0000E+00     0.1648E+02     0.4315E+00     0.0000E+00     0.0000E+00     0.1874E+05     0.2462E+02
   365    12    31  2001     105     105  cha105               0.1313E+07     0.1312E+07     0.5582E+03     0.6455E+03     0.6293E+02     0.1720E+01     0.1829E+07     0.1339E+05     0.1828E+07     0.1324E+05     0.9097E+03     0.0000E+00     0.0000E+00     0.1431E+03     0.2052E+01     0.0000E+00     0.0000E+00     0.2590E+04     0.1940E+04     0.2575E+04     0.1919E+04     0.1566E+02     0.0000E+00     0.0000E+00     0.2058E+02     0.2989E+00     0.0000E+00     0.0000E+00     0.1341E+05     0.1692E+02
   365    12    31  2001     106     106  cha106               0.1316E+07     0.1313E+07     0.1421E+04     0.1657E+04     0.1666E+03     0.4318E+01     0.1819E+07     0.1323E+05     0.1816E+07     0.1290E+05     0.2312E+04     0.0000E+00     0.0000E+00     0.3304E+03     0.5066E+01     0.0000E+00     0.0000E+00     0.2512E+04     0.1916E+04     0.2474E+04     0.1868E+04     0.3866E+02     0.0000E+00     0.0000E+00     0.4748E+02     0.7374E+00     0.0000E+00     0.0000E+00     0.3361E+05     0.4089E+02
   365    12    31  2001     107     107  cha107               0.1632E+05     0.2774E+05     0.0000E+00     0.4033E+02     0.1146E+05     0.0000E+00     0.8351E+05     0.4239E+01     0.8351E+05     0.4234E+01     0.0000E+00     0.0000E+00     0.0000E+00     0.0000E+00     0.5144E-02     0.0000E+00     0.0000E+00     0.3354E+01     0.6681E+00     0.3354E+01     0.6673E+00     0.0000E+00     0.0000E+00     0.0000E+00     0.0000E+00     0.8110E-03     0.0000E+00     0.0000E+00     0.9587E+03     0.3742E-01
   365    12    31  2001     108     108  cha108               0.2755E+05     0.3035E+05     0.0000E+00     0.4960E+02     0.2845E+04     0.0000E+00     0.8058E+05     0.7868E+01     0.8058E+05     0.7861E+01     0.0000E+00     0.0000E+00     0.0000E+00     0.0000E+00     0.6837E-02     0.0000E+00     0.0000E+00     0.4293E+01     0.1209E+01     0.4293E+01     0.1208E+01     0.0000E+00     0.0000E+00     0.0000E+00     0.0000E+00     0.1052E-02     0.0000E+00     0.0000E+00     0.6818E+03     0.3494E-01
   365    12    31  2001     109     109  cha109               0.3055E+05     0.3213E+05     0.0000E+00     0.5074E+02     0.1634E+04     0.0000E+00     0.8634E+05     0.1372E+04     0.8634E+05     0.1371E+04     0.0000E+00     0.0000E+00     0.0000E+00     0.0000E+00     0.9958E+00     0.0000E+00     0.0000E+00     0.1120E+02     0.1967E+03     0.1120E+02     0.1965E+03     0.0000E+00     0.0000E+00     0.0000E+00     0.0000E+00     0.1434E+00     0.0000E+00     0.0000E+00     0.7149E+03     0.7811E-01
   365    12    31  2001     110     110  cha110               0.3213E+05     0.3272E+05     0.0000E+00     0.2689E+02     0.6171E+03     0.0000E+00     0.8652E+05     0.1376E+04     0.8652E+05     0.1375E+04     0.0000E+00     0.0000E+00     0.0000E+00     0.0000E+00     0.4979E+00     0.0000E+00     0.0000E+00     0.1209E+02     0.1972E+03     0.1209E+02     0.1971E+03     0.0000E+00     0.0000E+00     0.0000E+00     0.0000E+00     0.7175E-01     0.0000E+00     0.0000E+00     0.3642E+03     0.4222E-01
   365    12    31  2001     111     111  cha111               0.1282E+07     0.1279E+07     0.1530E+04     0.2218E+04     0.9278E+03     0.7754E+01     0.1556E+07     0.9981E+04     0.1554E+07     0.9744E+04     0.1892E+04     0.0000E+00     0.0000E+00     0.2316E+03     0.5565E+01     0.0000E+00     0.0000E+00     0.2129E+04     0.1436E+04     0.2097E+04     0.1402E+04     0.3269E+02     0.0000E+00     0.0000E+00     0.3303E+02     0.8033E+00     0.0000E+00     0.0000E+00     0.3653E+05     0.4442E+02
   365    12    31  2001     112     112  cha112               0.1283E+07     0.1282E+07     0.7431E+03     0.8565E+03     0.4516E+03     0.3279E+01     0.1482E+07     0.8413E+04     0.1481E+07     0.8324E+04     0.7969E+03     0.0000E+00     0.0000E+00     0.8702E+02     0.1859E+01     0.0000E+00     0.0000E+00     0.1953E+04     0.1197E+04     0.1940E+04     0.1185E+04     0.1329E+02     0.0000E+00     0.0000E+00     0.1225E+02     0.2655E+00     0.0000E+00     0.0000E+00     0.1309E+05     0.1542E+02
   365    12    31  2001     113     113  cha113               0.1643E+05     0.6956E+06     0.0000E+00     0.7301E+02     0.6793E+06     0.0000E+00     0.1275E+06     0.1243E+01     0.1275E+06     0.1241E+01     0.0000E+00     0.0000E+00     0.0000E+00     0.0000E+00     0.2658E-02     0.0000E+00     0.0000E+00     0.4287E+02     0.3455E+00     0.4287E+02     0.3448E+00     0.0000E+00     0.0000E+00     0.0000E+00     0.0000E+00     0.7438E-03     0.0000E+00     0.0000E+00     0.2716E+04     0.8706E+00
   365    12    31  2001     114     114  cha114               0.5975E+06     0.5969E+06     0.2563E+03     0.5438E+03     0.2263E+03     0.1798E+01     0.1256E+07     0.8218E+04     0.1255E+07     0.8110E+04     0.8528E+03     0.0000E+00     0.0000E+00     0.1062E+03     0.2221E+01     0.0000E+00     0.0000E+00     0.1734E+04     0.1168E+04     0.1720E+04     0.1153E+04     0.1440E+02     0.0000E+00     0.0000E+00     0.1492E+02     0.3172E+00     0.0000E+00     0.0000E+00     0.1380E+05     0.1664E+02
   365    12    31  2001     115     115  cha115               0.5920E+05     0.6009E+05     0.0000E+00     0.1139E+03     0.1001E+04     0.0000E+00     0.1840E+06     0.7831E+03     0.1840E+06     0.7826E+03     0.0000E+00     0.0000E+00     0.0000E+00     0.0000E+00     0.5439E+00     0.0000E+00     0.0000E+00     0.6625E+02     0.1140E+03     0.6625E+02     0.1139E+03     0.0000E+00     0.0000E+00     0.0000E+00     0.0000E+00     0.7966E-01     0.0000E+00     0.0000E+00     0.1863E+04     0.4754E+00
   365    12    31  2001     116     116  cha116               0.5473E+06     0.5475E+06     0.1698E+03     0.3004E+03     0.7236E+03     0.2317E+01     0.9888E+06     0.7413E+04     0.9882E+06     0.7343E+04     0.5411E+03     0.0000E+00     0.0000E+00     0.6896E+02     0.1305E+01     0.0000E+00     0.0000E+00     0.1450E+04     0.1049E+04     0.1441E+04     0.1039E+04     0.8884E+01     0.0000E+00     0.0000E+00     0.9651E+01     0.1853E+00     0.0000E+00     0.0000E+00     0.5855E+04     0.7603E+01
   365    12    31  2001     117     117  cha117               0.5434E+06     0.5445E+06     0.0000E+00     0.4936E+03     0.1629E+04     0.1774E+01     0.8417E+06     0.6185E+04     0.8417E+06     0.6183E+04     0.0000E+00     0.0000E+00     0.0000E+00     0.0000E+00     0.2069E+01     0.0000E+00     0.0000E+00     0.9810E+03     0.8698E+03     0.9810E+03     0.8695E+03     0.0000E+00     0.0000E+00     0.0000E+00     0.0000E+00     0.2917E+00     0.0000E+00     0.0000E+00     0.6926E+04     0.7300E+01
   365    12    31  2001     118     118  cha118               0.5206E+06     0.5300E+06     0.0000E+00     0.6484E+03     0.1008E+05     0.9530E+00     0.6985E+06     0.5374E+03     0.6985E+06     0.5371E+03     0.0000E+00     0.0000E+00     0.0000E+00     0.0000E+00     0.2837E+00     0.0000E+00     0.0000E+00     0.3181E+03     0.7611E+02     0.3181E+03     0.7607E+02     0.0000E+00     0.0000E+00     0.0000E+00     0.0000E+00     0.4020E-01     0.0000E+00     0.0000E+00     0.6992E+04     0.2965E+01
   365    12    31  2001     119     119  cha119               0.4528E+06     0.4660E+06     0.0000E+00     0.2886E+03     0.1345E+05     0.1913E+00     0.3952E+06     0.3230E+03     0.3952E+06     0.3229E+03     0.0000E+00     0.0000E+00     0.0000E+00     0.0000E+00     0.8948E-01     0.0000E+00     0.0000E+00     0.9268E+02     0.4513E+02     0.9268E+02     0.4512E+02     0.0000E+00     0.0000E+00     0.0000E+00     0.0000E+00     0.1250E-01     0.0000E+00     0.0000E+00     0.1637E+04     0.3518E+00
