 Tordera                   SWAT+ Jul 2 2024        MODULAR Rev 2024.61.0.1                                
   jday	 mon  day   yr    unit   dmd_typ             dmd_num     drcv_typ            rcv_num        src1_obj  src1_typ    src1_num	  	  demand      src1_withdraw    src1_unmet src2_typ    src2_num	  	  demand      src2_withdraw    src2_unmet src3_typ    src3_num	  	  demand      src3_withdraw    src3_unmet
 	       	       	       	       	       	                               	                                           	                   m^3            m^3            m^3                                    m^3            m^3            m^3                                     m^3            m^3            m^3       
   365    12    31  2001       1     muni                  0            1     null                  0       cha                 113       151992.6        25990.5       126002.1
   365    12    31  2001       1     muni                  0            1     null                  0       cha                 107       198718.7        20116.5       178602.2
   365    12    31  2001       1     muni                  0            1     null                  0       cha                  65       273750.0       149045.8       124704.2
   365    12    31  2001       1     hru                1452            1     null                  0       cha                  10            0.0            0.0            0.0
   365    12    31  2001       2     hru                1453            1     null                  0       cha                  10            0.0            0.0            0.0
   365    12    31  2001       3     hru                1454            1     null                  0       cha                  10            0.0            0.0            0.0
   365    12    31  2001       4     hru                1455            1     null                  0       cha                  10            0.0            0.0            0.0
   365    12    31  2001       5     hru                1456            1     null                  0       cha                  10            0.0            0.0            0.0
   365    12    31  2001       6     hru                1457            1     null                  0       cha                  10            0.0            0.0            0.0
   365    12    31  2001       7     hru                1458            1     null                  0       cha                  10            0.0            0.0            0.0
   365    12    31  2001       8     hru                1459            1     null                  0       cha                  10            0.0            0.0            0.0
   365    12    31  2001       9     hru                1460            1     null                  0       cha                  10            0.0            0.0            0.0
   365    12    31  2001      10     hru                1540            1     null                  0       cha                  10            0.0            0.0            0.0
   365    12    31  2001      11     hru                1541            1     null                  0       cha                  10            0.0            0.0            0.0
   365    12    31  2001      12     hru                1542            1     null                  0       cha                  10            0.0            0.0            0.0
   365    12    31  2001      13     hru                1543            1     null                  0       cha                  10            0.0            0.0            0.0
   365    12    31  2001      14     hru                1544            1     null                  0       cha                  10            0.0            0.0            0.0
   365    12    31  2001      15     hru                1545            1     null                  0       cha                  10            0.0            0.0            0.0
   365    12    31  2001      16     hru                1546            1     null                  0       cha                  10            0.0            0.0            0.0
   365    12    31  2001      17     hru                1547            1     null                  0       cha                  10            0.0            0.0            0.0
   365    12    31  2001      18     hru                1548            1     null                  0       cha                  10            0.0            0.0            0.0
   365    12    31  2001      19     hru                1549            1     null                  0       cha                  10            0.0            0.0            0.0
   365    12    31  2001      20     hru                1550            1     null                  0       cha                  10            0.0            0.0            0.0
   365    12    31  2001      21     hru                1551            1     null                  0       cha                  10            0.0            0.0            0.0
   365    12    31  2001      22     hru                1552            1     null                  0       cha                  10            0.0            0.0            0.0
   365    12    31  2001      23     hru                1553            1     null                  0       cha                  10            0.0            0.0            0.0
   365    12    31  2001      24     hru                1554            1     null                  0       cha                  10            0.0            0.0            0.0
   365    12    31  2001      25     hru                1560            1     null                  0       cha                  10        29453.3         5259.5        24193.8
   365    12    31  2001      26     hru                1561            1     null                  0       cha                  10        57223.5         9139.9        48083.7
   365    12    31  2001      27     hru                1562            1     null                  0       cha                  10        11570.9         2228.5         9342.4
   365    12    31  2001      28     hru                1563            1     null                  0       cha                  10        11345.0         2329.8         9015.3
   365    12    31  2001      29     hru                1564            1     null                  0       cha                  10         1238.9          631.1          607.8
   365    12    31  2001      30     hru                1565            1     null                  0       cha                  10         3740.1          888.3         2851.8
   365    12    31  2001      31     hru                1566            1     null                  0       cha                  10        24575.6         5181.6        19394.0
   365    12    31  2001      32     hru                1567            1     null                  0       cha                  10         5017.9         1184.4         3833.6
   365    12    31  2001      33     hru                1568            1     null                  0       cha                  10        13183.8         2057.0        11126.7
   365    12    31  2001      34     hru                1569            1     null                  0       cha                  10         7308.7         1363.6         5945.2
   365    12    31  2001      35     hru                1570            1     null                  0       cha                  10         6498.4         1122.0         5376.4
   365    12    31  2001      36     hru                1571            1     null                  0       cha                  10         7012.6         1309.0         5703.6
   365    12    31  2001      37     hru                1572            1     null                  0       cha                  10         7106.1         1309.0         5797.1
   365    12    31  2001      38     hru                1573            1     null                  0       cha                  10         4737.4          872.7         3864.7
   365    12    31  2001      39     hru                1618            1     null                  0       cha                  10            0.0            0.0            0.0
   365    12    31  2001      40     hru                1619            1     null                  0       cha                  10            0.0            0.0            0.0
   365    12    31  2001      41     hru                1620            1     null                  0       cha                  10            0.0            0.0            0.0
   365    12    31  2001      42     hru                1621            1     null                  0       cha                  10            0.0            0.0            0.0
   365    12    31  2001      43     hru                1702            1     null                  0       cha                  10            0.0            0.0            0.0
   365    12    31  2001      44     hru                1703            1     null                  0       cha                  10            0.0            0.0            0.0
   365    12    31  2001      45     hru                1704            1     null                  0       cha                  10            0.0            0.0            0.0
   365    12    31  2001      46     hru                1705            1     null                  0       cha                  10            0.0            0.0            0.0
   365    12    31  2001      47     hru                1706            1     null                  0       cha                  10            0.0            0.0            0.0
   365    12    31  2001      48     hru                1707            1     null                  0       cha                  10       253516.6        21380.9       232135.6
   365    12    31  2001      49     hru                1708            1     null                  0       cha                  10       214712.8        18108.3       196604.5
   365    12    31  2001      50     hru                1709            1     null                  0       cha                  10        45005.8         5921.8        39084.0
   365    12    31  2001      51     hru                1797            1     null                  0       cha                  10            0.0            0.0            0.0
   365    12    31  2001      52     hru                1798            1     null                  0       cha                  10            0.0            0.0            0.0
   365    12    31  2001      53     hru                1799            1     null                  0       cha                  10            0.0            0.0            0.0
   365    12    31  2001      54     hru                1800            1     null                  0       cha                  10            0.0            0.0            0.0
   365    12    31  2001      55     hru                1801            1     null                  0       cha                  10            0.0            0.0            0.0
   365    12    31  2001      56     hru                1802            1     null                  0       cha                  10            0.0            0.0            0.0
   365    12    31  2001      57     hru                1803            1     null                  0       cha                  10            0.0            0.0            0.0
   365    12    31  2001      58     hru                1842            1     null                  0       cha                  10            0.0            0.0            0.0
   365    12    31  2001      59     hru                1843            1     null                  0       cha                  10            0.0            0.0            0.0
   365    12    31  2001      60     hru                1844            1     null                  0       cha                  10            0.0            0.0            0.0
   365    12    31  2001      61     hru                1845            1     null                  0       cha                  10            0.0            0.0            0.0
   365    12    31  2001      62     hru                1846            1     null                  0       cha                  10            0.0            0.0            0.0
   365    12    31  2001      63     hru                1847            1     null                  0       cha                  10            0.0            0.0            0.0
   365    12    31  2001      64     hru                1848            1     null                  0       cha                  10            0.0            0.0            0.0
   365    12    31  2001      65     hru                1849            1     null                  0       cha                  10            0.0            0.0            0.0
   365    12    31  2001      66     hru                1850            1     null                  0       cha                  10            0.0            0.0            0.0
   365    12    31  2001      67     hru                1851            1     null                  0       cha                  10            0.0            0.0            0.0
   365    12    31  2001      68     hru                1852            1     null                  0       cha                  10            0.0            0.0            0.0
   365    12    31  2001      69     hru                1853            1     null                  0       cha                  10            0.0            0.0            0.0
   365    12    31  2001      70     hru                1865            1     null                  0       cha                  10       713112.3        32414.2       680698.2
   365    12    31  2001      71     hru                1866            1     null                  0       cha                  10      1634658.0         7784.1      1626874.0
   365    12    31  2001      72     hru                1867            1     null                  0       cha                  10        83310.8         9256.8        74054.1
   365    12    31  2001      73     hru                1868            1     null                  0       cha                  10       116457.5         8056.8       108400.6
   365    12    31  2001      74     hru                1869            1     null                  0       cha                  10       147110.7         9194.4       137916.3
   365    12    31  2001      75     hru                1870            1     null                  0       cha                  10         9537.2         1332.4         8204.8
   365    12    31  2001      76     hru                1871            1     null                  0       cha                  10       127732.3         9069.7       118662.5
   365    12    31  2001      77     hru                1872            1     null                  0       cha                  10       142887.4         9085.3       133802.1
   365    12    31  2001      78     hru                1873            1     null                  0       cha                  10        20134.3         2516.8        17617.5
   365    12    31  2001      79     hru                1874            1     null                  0       cha                  10        55540.5         5142.6        50397.9
   365    12    31  2001      80     hru                1875            1     null                  0       cha                  10        85772.8         5485.5        80287.4
   365    12    31  2001      81     hru                1876            1     null                  0       cha                  10         9225.5         1184.4         8041.2
   365    12    31  2001      82     hru                1894            1     null                  0       cha                  10        93814.2         5454.3        88359.9
   365    12    31  2001      83     hru                1895            1     null                  0       cha                  10        47997.9         3272.6        44725.3
   365    12    31  2001      84     hru                1896            1     null                  0       cha                  10        13542.2         1542.8        11999.4
   365    12    31  2001      85     hru                1897            1     null                  0       cha                  10         6732.1          748.0         5984.1
   365    12    31  2001      86     hru                1898            1     null                  0       cha                  10         2181.7          374.0         1807.7
   365    12    31  2001      87     hru                1899            1     null                  0       cha                  10         1075.3          194.8          880.5
   365    12    31  2001      88     hru                1911            1     null                  0       cha                  10            0.0            0.0            0.0
   365    12    31  2001      89     hru                1912            1     null                  0       cha                  10            0.0            0.0            0.0
   365    12    31  2001      90     hru                1913            1     null                  0       cha                  10            0.0            0.0            0.0
   365    12    31  2001      91     hru                1914            1     null                  0       cha                  10            0.0            0.0            0.0
   365    12    31  2001      92     hru                1915            1     null                  0       cha                  10            0.0            0.0            0.0
   365    12    31  2001      93     hru                1916            1     null                  0       cha                  10            0.0            0.0            0.0
   365    12    31  2001      94     hru                1917            1     null                  0       cha                  10            0.0            0.0            0.0
   365    12    31  2001      95     hru                1918            1     null                  0       cha                  10            0.0            0.0            0.0
   365    12    31  2001      96     hru                1919            1     null                  0       cha                  10            0.0            0.0            0.0
   365    12    31  2001      97     hru                1964            1     null                  0       cha                  10       450495.1        27302.7       423192.3
   365    12    31  2001      98     hru                1965            1     null                  0       cha                  10       182384.4        10246.3       172138.1
   365    12    31  2001      99     hru                1966            1     null                  0       cha                  10       395359.8        23453.5       371906.2
   365    12    31  2001     100     hru                1967            1     null                  0       cha                  10       135890.2         7643.8       128246.4
   365    12    31  2001     101     hru                1968            1     null                  0       cha                  10       203134.1        11570.9       191563.2
   365    12    31  2001     102     hru                1969            1     null                  0       cha                  10        47779.8         3272.6        44507.2
   365    12    31  2001     103     hru                1970            1     null                  0       cha                  10         2150.5          311.7         1838.9
   365    12    31  2001     104     hru                1971            1     null                  0       cha                  10         4706.3          467.5         4238.8
   365    12    31  2001     105     hru                1972            1     null                  0       cha                  10         9786.5          748.0         9038.5
   365    12    31  2001     106     hru                1973            1     null                  0       cha                  10        21988.7         1722.0        20266.7
   365    12    31  2001     107     hru                1974            1     null                  0       cha                  10         3786.8          350.6         3436.2
   365    12    31  2001     108     hru                1975            1     null                  0       cha                  10        13246.1          935.0        12311.1
   365    12    31  2001       1     hru                4674            1     null                  0       cha                  40       333243.0        85835.3       247407.7
   365    12    31  2001       2     hru                4675            1     null                  0       cha                  40       569430.3       113886.1       455544.2
   365    12    31  2001       3     hru                4676            1     null                  0       cha                  40        14726.7         7690.6         7036.1
   365    12    31  2001       4     hru                4677            1     null                  0       cha                  40         3880.3         1916.8         1963.5
   365    12    31  2001       5     hru                4678            1     null                  0       cha                  40         3880.3         1916.8         1963.5
   365    12    31  2001       6     hru                4699            1     null                  0       cha                  40       127023.2        44569.5        82453.7
   365    12    31  2001       7     hru                4700            1     null                  0       cha                  40       199425.2        50600.4       148824.8
   365    12    31  2001       8     hru                4701            1     null                  0       cha                  40         6389.3         3194.6         3194.6
   365    12    31  2001       9     hru                4702            1     null                  0       cha                  40         8134.7         3740.1         4394.6
   365    12    31  2001      10     hru                4703            1     null                  0       cha                  40         1262.3          654.5          607.8
   365    12    31  2001      11     hru                4704            1     null                  0       cha                  40          631.1          319.5          311.7
   365    12    31  2001       1     hru                4993            1     null                  0       cha                 118            0.0            0.0            0.0
   365    12    31  2001       2     hru                4994            1     null                  0       cha                 118            0.0            0.0            0.0
   365    12    31  2001       3     hru                4995            1     null                  0       cha                 118            0.0            0.0            0.0
   365    12    31  2001       4     hru                4996            1     null                  0       cha                 118            0.0            0.0            0.0
   365    12    31  2001       5     hru                5059            1     null                  0       cha                 118            0.0            0.0            0.0
   365    12    31  2001       6     hru                5060            1     null                  0       cha                 118            0.0            0.0            0.0
   365    12    31  2001       7     hru                5061            1     null                  0       cha                 118            0.0            0.0            0.0
   365    12    31  2001       8     hru                5062            1     null                  0       cha                 118            0.0            0.0            0.0
   365    12    31  2001       9     hru                5063            1     null                  0       cha                 118            0.0            0.0            0.0
   365    12    31  2001      10     hru                5064            1     null                  0       cha                 118            0.0            0.0            0.0
   365    12    31  2001      11     hru                5065            1     null                  0       cha                 118            0.0            0.0            0.0
   365    12    31  2001      12     hru                5066            1     null                  0       cha                 118            0.0            0.0            0.0
   365    12    31  2001       1     hru                  15            1     null                  0       aqu                 120            0.0            0.0            0.0
   365    12    31  2001       2     hru                  16            1     null                  0       aqu                 120            0.0            0.0            0.0
   365    12    31  2001       3     hru                  17            1     null                  0       aqu                 120            0.0            0.0            0.0
   365    12    31  2001       4     hru                  18            1     null                  0       aqu                 120            0.0            0.0            0.0
   365    12    31  2001       5     hru                  19            1     null                  0       aqu                 120            0.0            0.0            0.0
   365    12    31  2001       6     hru                  20            1     null                  0       aqu                 120            0.0            0.0            0.0
   365    12    31  2001       7     hru                  21            1     null                  0       aqu                 120            0.0            0.0            0.0
   365    12    31  2001       8     hru                  22            1     null                  0       aqu                 120            0.0            0.0            0.0
   365    12    31  2001       9     hru                  23            1     null                  0       aqu                 120            0.0            0.0            0.0
   365    12    31  2001      10     hru                  24            1     null                  0       aqu                 120            0.0            0.0            0.0
   365    12    31  2001      11     hru                  25            1     null                  0       aqu                 120            0.0            0.0            0.0
   365    12    31  2001      12     hru                  26            1     null                  0       aqu                 120            0.0            0.0            0.0
   365    12    31  2001      13     hru                  27            1     null                  0       aqu                 120            0.0            0.0            0.0
   365    12    31  2001      14     hru                  28            1     null                  0       aqu                 120            0.0            0.0            0.0
   365    12    31  2001      15     hru                  29            1     null                  0       aqu                 120            0.0            0.0            0.0
   365    12    31  2001      16     hru                  95            1     null                  0       aqu                 120            0.0            0.0            0.0
   365    12    31  2001      17     hru                  96            1     null                  0       aqu                 120            0.0            0.0            0.0
   365    12    31  2001      18     hru                  97            1     null                  0       aqu                 120            0.0            0.0            0.0
   365    12    31  2001      19     hru                  98            1     null                  0       aqu                 120            0.0            0.0            0.0
   365    12    31  2001      20     hru                  99            1     null                  0       aqu                 120            0.0            0.0            0.0
   365    12    31  2001      21     hru                 100            1     null                  0       aqu                 120            0.0            0.0            0.0
   365    12    31  2001      22     hru                 101            1     null                  0       aqu                 120            0.0            0.0            0.0
   365    12    31  2001      23     hru                 102            1     null                  0       aqu                 120            0.0            0.0            0.0
   365    12    31  2001      24     hru                 103            1     null                  0       aqu                 120            0.0            0.0            0.0
   365    12    31  2001      25     hru                 104            1     null                  0       aqu                 120            0.0            0.0            0.0
   365    12    31  2001      26     hru                 105            1     null                  0       aqu                 120            0.0            0.0            0.0
   365    12    31  2001      27     hru                 106            1     null                  0       aqu                 120            0.0            0.0            0.0
   365    12    31  2001      28     hru                 107            1     null                  0       aqu                 120            0.0            0.0            0.0
   365    12    31  2001      29     hru                 108            1     null                  0       aqu                 120            0.0            0.0            0.0
   365    12    31  2001      30     hru                 109            1     null                  0       aqu                 120            0.0            0.0            0.0
   365    12    31  2001      31     hru                 110            1     null                  0       aqu                 120            0.0            0.0            0.0
   365    12    31  2001      32     hru                 111            1     null                  0       aqu                 120            0.0            0.0            0.0
   365    12    31  2001      33     hru                 112            1     null                  0       aqu                 120            0.0            0.0            0.0
   365    12    31  2001      34     hru                 113            1     null                  0       aqu                 120            0.0            0.0            0.0
   365    12    31  2001      35     hru                 114            1     null                  0       aqu                 120            0.0            0.0            0.0
   365    12    31  2001      36     hru                 115            1     null                  0       aqu                 120            0.0            0.0            0.0
   365    12    31  2001      37     hru                 116            1     null                  0       aqu                 120            0.0            0.0            0.0
   365    12    31  2001      38     hru                 117            1     null                  0       aqu                 120            0.0            0.0            0.0
   365    12    31  2001      39     hru                 118            1     null                  0       aqu                 120            0.0            0.0            0.0
   365    12    31  2001      40     hru                 119            1     null                  0       aqu                 120            0.0            0.0            0.0
   365    12    31  2001      41     hru                 120            1     null                  0       aqu                 120            0.0            0.0            0.0
   365    12    31  2001      42     hru                 121            1     null                  0       aqu                 120            0.0            0.0            0.0
   365    12    31  2001      43     hru                 122            1     null                  0       aqu                 120            0.0            0.0            0.0
   365    12    31  2001      44     hru                 123            1     null                  0       aqu                 120            0.0            0.0            0.0
   365    12    31  2001      45     hru                 124            1     null                  0       aqu                 120            0.0            0.0            0.0
   365    12    31  2001      46     hru                 274            1     null                  0       aqu                 120            0.0            0.0            0.0
   365    12    31  2001      47     hru                 275            1     null                  0       aqu                 120            0.0            0.0            0.0
   365    12    31  2001      48     hru                 276            1     null                  0       aqu                 120            0.0            0.0            0.0
   365    12    31  2001      49     hru                 277            1     null                  0       aqu                 120            0.0            0.0            0.0
   365    12    31  2001      50     hru                 278            1     null                  0       aqu                 120            0.0            0.0            0.0
   365    12    31  2001      51     hru                 279            1     null                  0       aqu                 120            0.0            0.0            0.0
   365    12    31  2001      52     hru                 280            1     null                  0       aqu                 120            0.0            0.0            0.0
   365    12    31  2001      53     hru                 281            1     null                  0       aqu                 120            0.0            0.0            0.0
   365    12    31  2001      54     hru                 282            1     null                  0       aqu                 120            0.0            0.0            0.0
   365    12    31  2001      55     hru                 283            1     null                  0       aqu                 120            0.0            0.0            0.0
   365    12    31  2001      56     hru                 284            1     null                  0       aqu                 120            0.0            0.0            0.0
   365    12    31  2001      57     hru                 285            1     null                  0       aqu                 120            0.0            0.0            0.0
   365    12    31  2001      58     hru                 294            1     null                  0       aqu                 120            0.0            0.0            0.0
   365    12    31  2001      59     hru                 295            1     null                  0       aqu                 120            0.0            0.0            0.0
   365    12    31  2001      60     hru                 296            1     null                  0       aqu                 120            0.0            0.0            0.0
   365    12    31  2001      61     hru                 297            1     null                  0       aqu                 120            0.0            0.0            0.0
   365    12    31  2001      62     hru                 298            1     null                  0       aqu                 120            0.0            0.0            0.0
   365    12    31  2001      63     hru                 299            1     null                  0       aqu                 120            0.0            0.0            0.0
   365    12    31  2001      64     hru                 300            1     null                  0       aqu                 120            0.0            0.0            0.0
   365    12    31  2001      65     hru                 301            1     null                  0       aqu                 120            0.0            0.0            0.0
   365    12    31  2001      66     hru                 302            1     null                  0       aqu                 120            0.0            0.0            0.0
   365    12    31  2001      67     hru                 356            1     null                  0       aqu                 120            0.0            0.0            0.0
   365    12    31  2001      68     hru                 357            1     null                  0       aqu                 120            0.0            0.0            0.0
   365    12    31  2001      69     hru                 358            1     null                  0       aqu                 120            0.0            0.0            0.0
   365    12    31  2001      70     hru                 359            1     null                  0       aqu                 120            0.0            0.0            0.0
   365    12    31  2001      71     hru                 360            1     null                  0       aqu                 120            0.0            0.0            0.0
   365    12    31  2001      72     hru                 361            1     null                  0       aqu                 120            0.0            0.0            0.0
   365    12    31  2001      73     hru                 362            1     null                  0       aqu                 120            0.0            0.0            0.0
   365    12    31  2001      74     hru                 363            1     null                  0       aqu                 120            0.0            0.0            0.0
   365    12    31  2001      75     hru                 364            1     null                  0       aqu                 120            0.0            0.0            0.0
   365    12    31  2001      76     hru                 365            1     null                  0       aqu                 120            0.0            0.0            0.0
   365    12    31  2001      77     hru                 366            1     null                  0       aqu                 120            0.0            0.0            0.0
   365    12    31  2001      78     hru                 367            1     null                  0       aqu                 120            0.0            0.0            0.0
   365    12    31  2001      79     hru                 368            1     null                  0       aqu                 120            0.0            0.0            0.0
   365    12    31  2001      80     hru                 369            1     null                  0       aqu                 120            0.0            0.0            0.0
   365    12    31  2001      81     hru                 370            1     null                  0       aqu                 120            0.0            0.0            0.0
   365    12    31  2001      82     hru                 371            1     null                  0       aqu                 120            0.0            0.0            0.0
   365    12    31  2001      83     hru                 372            1     null                  0       aqu                 120            0.0            0.0            0.0
   365    12    31  2001      84     hru                 373            1     null                  0       aqu                 120            0.0            0.0            0.0
   365    12    31  2001      85     hru                 466            1     null                  0       aqu                 120            0.0            0.0            0.0
   365    12    31  2001      86     hru                 467            1     null                  0       aqu                 120            0.0            0.0            0.0
   365    12    31  2001      87     hru                 468            1     null                  0       aqu                 120            0.0            0.0            0.0
   365    12    31  2001      88     hru                 472            1     null                  0       aqu                 120            0.0            0.0            0.0
   365    12    31  2001      89     hru                 473            1     null                  0       aqu                 120            0.0            0.0            0.0
   365    12    31  2001      90     hru                 474            1     null                  0       aqu                 120            0.0            0.0            0.0
   365    12    31  2001      91     hru                 475            1     null                  0       aqu                 120            0.0            0.0            0.0
   365    12    31  2001      92     hru                 476            1     null                  0       aqu                 120            0.0            0.0            0.0
   365    12    31  2001      93     hru                 477            1     null                  0       aqu                 120            0.0            0.0            0.0
   365    12    31  2001      94     hru                 571            1     null                  0       aqu                 120            0.0            0.0            0.0
   365    12    31  2001      95     hru                 572            1     null                  0       aqu                 120            0.0            0.0            0.0
   365    12    31  2001      96     hru                 573            1     null                  0       aqu                 120            0.0            0.0            0.0
   365    12    31  2001      97     hru                 574            1     null                  0       aqu                 120            0.0            0.0            0.0
   365    12    31  2001      98     hru                 575            1     null                  0       aqu                 120            0.0            0.0            0.0
   365    12    31  2001      99     hru                 576            1     null                  0       aqu                 120            0.0            0.0            0.0
   365    12    31  2001     100     hru                 577            1     null                  0       aqu                 120            0.0            0.0            0.0
   365    12    31  2001     101     hru                 578            1     null                  0       aqu                 120            0.0            0.0            0.0
   365    12    31  2001     102     hru                 579            1     null                  0       aqu                 120            0.0            0.0            0.0
   365    12    31  2001     103     hru                 580            1     null                  0       aqu                 120            0.0            0.0            0.0
   365    12    31  2001     104     hru                 581            1     null                  0       aqu                 120            0.0            0.0            0.0
   365    12    31  2001     105     hru                 582            1     null                  0       aqu                 120            0.0            0.0            0.0
   365    12    31  2001     106     hru                 583            1     null                  0       aqu                 120            0.0            0.0            0.0
   365    12    31  2001     107     hru                 584            1     null                  0       aqu                 120            0.0            0.0            0.0
   365    12    31  2001     108     hru                 585            1     null                  0       aqu                 120            0.0            0.0            0.0
   365    12    31  2001     109     hru                 615            1     null                  0       aqu                 120            0.0            0.0            0.0
   365    12    31  2001     110     hru                 616            1     null                  0       aqu                 120            0.0            0.0            0.0
   365    12    31  2001     111     hru                 617            1     null                  0       aqu                 120            0.0            0.0            0.0
   365    12    31  2001     112     hru                 618            1     null                  0       aqu                 120            0.0            0.0            0.0
   365    12    31  2001     113     hru                 619            1     null                  0       aqu                 120            0.0            0.0            0.0
   365    12    31  2001     114     hru                 620            1     null                  0       aqu                 120            0.0            0.0            0.0
   365    12    31  2001     115     hru                 669            1     null                  0       aqu                 120            0.0            0.0            0.0
   365    12    31  2001     116     hru                 670            1     null                  0       aqu                 120            0.0            0.0            0.0
   365    12    31  2001     117     hru                 671            1     null                  0       aqu                 120            0.0            0.0            0.0
   365    12    31  2001     118     hru                 672            1     null                  0       aqu                 120            0.0            0.0            0.0
   365    12    31  2001     119     hru                 673            1     null                  0       aqu                 120            0.0            0.0            0.0
   365    12    31  2001     120     hru                 674            1     null                  0       aqu                 120            0.0            0.0            0.0
   365    12    31  2001     121     hru                 675            1     null                  0       aqu                 120            0.0            0.0            0.0
   365    12    31  2001     122     hru                 676            1     null                  0       aqu                 120            0.0            0.0            0.0
   365    12    31  2001     123     hru                 677            1     null                  0       aqu                 120            0.0            0.0            0.0
   365    12    31  2001     124     hru                 678            1     null                  0       aqu                 120            0.0            0.0            0.0
   365    12    31  2001     125     hru                 679            1     null                  0       aqu                 120            0.0            0.0            0.0
   365    12    31  2001     126     hru                 680            1     null                  0       aqu                 120            0.0            0.0            0.0
   365    12    31  2001     127     hru                 681            1     null                  0       aqu                 120            0.0            0.0            0.0
   365    12    31  2001     128     hru                 682            1     null                  0       aqu                 120            0.0            0.0            0.0
   365    12    31  2001     129     hru                 683            1     null                  0       aqu                 120            0.0            0.0            0.0
   365    12    31  2001     130     hru                 684            1     null                  0       aqu                 120            0.0            0.0            0.0
   365    12    31  2001     131     hru                 685            1     null                  0       aqu                 120            0.0            0.0            0.0
   365    12    31  2001     132     hru                 686            1     null                  0       aqu                 120            0.0            0.0            0.0
   365    12    31  2001     133     hru                 687            1     null                  0       aqu                 120            0.0            0.0            0.0
   365    12    31  2001     134     hru                 688            1     null                  0       aqu                 120            0.0            0.0            0.0
   365    12    31  2001     135     hru                 689            1     null                  0       aqu                 120            0.0            0.0            0.0
   365    12    31  2001     136     hru                 844            1     null                  0       aqu                 120        58462.5        58462.5            0.0
   365    12    31  2001     137     hru                 845            1     null                  0       aqu                 120        10456.7        10456.7            0.0
   365    12    31  2001     138     hru                 846            1     null                  0       aqu                 120         5228.3         5228.3            0.0
   365    12    31  2001     139     hru                 847            1     null                  0       aqu                 120         7090.6         7090.6            0.0
   365    12    31  2001     140     hru                 848            1     null                  0       aqu                 120         1636.3         1636.3            0.0
   365    12    31  2001     141     hru                 849            1     null                  0       aqu                 120         4768.6         4768.6            0.0
   365    12    31  2001     142     hru                 850            1     null                  0       aqu                 120          529.8          529.8            0.0
   365    12    31  2001     143     hru                 857            1     null                  0       aqu                 120            0.0            0.0            0.0
   365    12    31  2001     144     hru                 858            1     null                  0       aqu                 120            0.0            0.0            0.0
   365    12    31  2001     145     hru                 859            1     null                  0       aqu                 120            0.0            0.0            0.0
   365    12    31  2001     146     hru                 860            1     null                  0       aqu                 120            0.0            0.0            0.0
   365    12    31  2001     147     hru                 861            1     null                  0       aqu                 120            0.0            0.0            0.0
   365    12    31  2001     148     hru                 862            1     null                  0       aqu                 120            0.0            0.0            0.0
   365    12    31  2001     149     hru                 863            1     null                  0       aqu                 120            0.0            0.0            0.0
   365    12    31  2001     150     hru                 864            1     null                  0       aqu                 120            0.0            0.0            0.0
   365    12    31  2001     151     hru                 865            1     null                  0       aqu                 120            0.0            0.0            0.0
   365    12    31  2001     152     hru                 866            1     null                  0       aqu                 120            0.0            0.0            0.0
   365    12    31  2001     153     hru                 867            1     null                  0       aqu                 120            0.0            0.0            0.0
   365    12    31  2001     154     hru                 868            1     null                  0       aqu                 120            0.0            0.0            0.0
   365    12    31  2001     155     hru                 958            1     null                  0       aqu                 120            0.0            0.0            0.0
   365    12    31  2001     156     hru                 959            1     null                  0       aqu                 120            0.0            0.0            0.0
   365    12    31  2001     157     hru                 960            1     null                  0       aqu                 120            0.0            0.0            0.0
   365    12    31  2001     158     hru                 961            1     null                  0       aqu                 120            0.0            0.0            0.0
   365    12    31  2001     159     hru                 962            1     null                  0       aqu                 120            0.0            0.0            0.0
   365    12    31  2001     160     hru                 963            1     null                  0       aqu                 120            0.0            0.0            0.0
   365    12    31  2001     161     hru                 984            1     null                  0       aqu                 120        15942.2        15942.2            0.0
   365    12    31  2001     162     hru                 985            1     null                  0       aqu                 120       110208.3       110208.3            0.0
   365    12    31  2001     163     hru                 986            1     null                  0       aqu                 120         5033.6         5033.6            0.0
   365    12    31  2001     164     hru                 987            1     null                  0       aqu                 120         1059.7         1059.7            0.0
   365    12    31  2001     165     hru                 988            1     null                  0       aqu                 120         2119.4         2119.4            0.0
   365    12    31  2001     166     hru                 989            1     null                  0       aqu                 120        34221.9        34221.9            0.0
   365    12    31  2001     167     hru                 990            1     null                  0       aqu                 120       118350.8       118350.8            0.0
   365    12    31  2001     168     hru                 991            1     null                  0       aqu                 120        20438.1        20438.1            0.0
   365    12    31  2001     169     hru                 992            1     null                  0       aqu                 120        20180.9        20180.9            0.0
   365    12    31  2001     170     hru                 993            1     null                  0       aqu                 120         1636.3         1636.3            0.0
   365    12    31  2001     171     hru                1960            1     null                  0       aqu                 120        36123.1        36123.1            0.0
   365    12    31  2001     172     hru                1961            1     null                  0       aqu                 120         1901.2         1901.2            0.0
   365    12    31  2001     173     hru                1962            1     null                  0       aqu                 120          537.6          537.6            0.0
   365    12    31  2001     174     hru                1963            1     null                  0       aqu                 120         3763.5         3763.5            0.0
   365    12    31  2001     175     hru                2124            1     null                  0       aqu                 120            0.0            0.0            0.0
   365    12    31  2001     176     hru                2125            1     null                  0       aqu                 120            0.0            0.0            0.0
   365    12    31  2001     177     hru                2126            1     null                  0       aqu                 120            0.0            0.0            0.0
   365    12    31  2001     178     hru                2127            1     null                  0       aqu                 120            0.0            0.0            0.0
   365    12    31  2001     179     hru                2128            1     null                  0       aqu                 120            0.0            0.0            0.0
   365    12    31  2001     180     hru                2138            1     null                  0       aqu                 120            0.0            0.0            0.0
   365    12    31  2001     181     hru                2139            1     null                  0       aqu                 120            0.0            0.0            0.0
   365    12    31  2001     182     hru                2140            1     null                  0       aqu                 120            0.0            0.0            0.0
   365    12    31  2001     183     hru                2141            1     null                  0       aqu                 120            0.0            0.0            0.0
   365    12    31  2001     184     hru                2142            1     null                  0       aqu                 120            0.0            0.0            0.0
   365    12    31  2001     185     hru                2143            1     null                  0       aqu                 120            0.0            0.0            0.0
   365    12    31  2001     186     hru                2211            1     null                  0       aqu                 120            0.0            0.0            0.0
   365    12    31  2001     187     hru                2212            1     null                  0       aqu                 120            0.0            0.0            0.0
   365    12    31  2001     188     hru                2213            1     null                  0       aqu                 120            0.0            0.0            0.0
   365    12    31  2001     189     hru                2214            1     null                  0       aqu                 120            0.0            0.0            0.0
   365    12    31  2001     190     hru                2215            1     null                  0       aqu                 120            0.0            0.0            0.0
   365    12    31  2001     191     hru                2216            1     null                  0       aqu                 120            0.0            0.0            0.0
   365    12    31  2001     192     hru                2217            1     null                  0       aqu                 120            0.0            0.0            0.0
   365    12    31  2001     193     hru                2218            1     null                  0       aqu                 120            0.0            0.0            0.0
   365    12    31  2001     194     hru                2219            1     null                  0       aqu                 120            0.0            0.0            0.0
   365    12    31  2001     195     hru                2220            1     null                  0       aqu                 120            0.0            0.0            0.0
   365    12    31  2001     196     hru                2221            1     null                  0       aqu                 120        56904.0        56904.0            0.0
   365    12    31  2001     197     hru                2222            1     null                  0       aqu                 120       148263.8       148263.8            0.0
   365    12    31  2001     198     hru                2223            1     null                  0       aqu                 120        25058.7        25058.7            0.0
   365    12    31  2001     199     hru                2224            1     null                  0       aqu                 120       102260.6       102260.6            0.0
   365    12    31  2001     200     hru                2225            1     null                  0       aqu                 120        18014.8        18014.8            0.0
   365    12    31  2001     201     hru                2226            1     null                  0       aqu                 120         5298.4         5298.4            0.0
   365    12    31  2001     202     hru                2227            1     null                  0       aqu                 120        17999.2        17999.2            0.0
   365    12    31  2001     203     hru                2228            1     null                  0       aqu                 120         9771.0         9771.0            0.0
   365    12    31  2001     204     hru                2298            1     null                  0       aqu                 120            0.0            0.0            0.0
   365    12    31  2001     205     hru                2299            1     null                  0       aqu                 120            0.0            0.0            0.0
   365    12    31  2001     206     hru                2300            1     null                  0       aqu                 120            0.0            0.0            0.0
   365    12    31  2001     207     hru                2301            1     null                  0       aqu                 120            0.0            0.0            0.0
   365    12    31  2001     208     hru                2373            1     null                  0       aqu                 120        31790.8        31790.8            0.0
   365    12    31  2001     209     hru                2374            1     null                  0       aqu                 120        29141.6        29141.6            0.0
   365    12    31  2001     210     hru                2375            1     null                  0       aqu                 120          529.8          529.8            0.0
   365    12    31  2001     211     hru                2376            1     null                  0       aqu                 120         9506.1         9506.1            0.0
   365    12    31  2001     212     hru                2377            1     null                  0       aqu                 120        18061.5        18061.5            0.0
   365    12    31  2001     213     hru                2466            1     null                  0       aqu                 120            0.0            0.0            0.0
   365    12    31  2001     214     hru                2467            1     null                  0       aqu                 120            0.0            0.0            0.0
   365    12    31  2001     215     hru                2468            1     null                  0       aqu                 120            0.0            0.0            0.0
   365    12    31  2001     216     hru                2557            1     null                  0       aqu                 120            0.0            0.0            0.0
   365    12    31  2001     217     hru                2558            1     null                  0       aqu                 120            0.0            0.0            0.0
   365    12    31  2001     218     hru                2642            1     null                  0       aqu                 120         1075.3         1075.3            0.0
   365    12    31  2001     219     hru                2643            1     null                  0       aqu                 120        19869.3        19869.3            0.0
   365    12    31  2001     220     hru                2644            1     null                  0       aqu                 120         1192.1         1192.1            0.0
   365    12    31  2001     221     hru                2822            1     null                  0       aqu                 120            0.0            0.0            0.0
   365    12    31  2001     222     hru                2823            1     null                  0       aqu                 120            0.0            0.0            0.0
   365    12    31  2001     223     hru                2824            1     null                  0       aqu                 120            0.0            0.0            0.0
   365    12    31  2001     224     hru                2939            1     null                  0       aqu                 120         3225.8         3225.8            0.0
   365    12    31  2001     225     hru                2940            1     null                  0       aqu                 120         5018.0         5018.0            0.0
   365    12    31  2001     226     hru                2941            1     null                  0       aqu                 120          483.1          483.1            0.0
   365    12    31  2001     227     hru                2942            1     null                  0       aqu                 120         6763.4         6763.4            0.0
   365    12    31  2001     228     hru                2973            1     null                  0       aqu                 120            0.0            0.0            0.0
   365    12    31  2001     229     hru                2974            1     null                  0       aqu                 120            0.0            0.0            0.0
   365    12    31  2001     230     hru                2975            1     null                  0       aqu                 120            0.0            0.0            0.0
   365    12    31  2001     231     hru                2976            1     null                  0       aqu                 120            0.0            0.0            0.0
   365    12    31  2001     232     hru                2977            1     null                  0       aqu                 120            0.0            0.0            0.0
   365    12    31  2001     233     hru                2978            1     null                  0       aqu                 120            0.0            0.0            0.0
   365    12    31  2001     234     hru                2979            1     null                  0       aqu                 120            0.0            0.0            0.0
   365    12    31  2001     235     hru                2980            1     null                  0       aqu                 120            0.0            0.0            0.0
   365    12    31  2001     236     hru                3070            1     null                  0       aqu                 120            0.0            0.0            0.0
   365    12    31  2001     237     hru                3071            1     null                  0       aqu                 120            0.0            0.0            0.0
   365    12    31  2001     238     hru                3072            1     null                  0       aqu                 120            0.0            0.0            0.0
   365    12    31  2001     239     hru                3164            1     null                  0       aqu                 120            0.0            0.0            0.0
   365    12    31  2001     240     hru                3165            1     null                  0       aqu                 120            0.0            0.0            0.0
   365    12    31  2001     241     hru                3166            1     null                  0       aqu                 120            0.0            0.0            0.0
   365    12    31  2001     242     hru                3167            1     null                  0       aqu                 120            0.0            0.0            0.0
   365    12    31  2001     243     hru                3168            1     null                  0       aqu                 120            0.0            0.0            0.0
   365    12    31  2001     244     hru                3169            1     null                  0       aqu                 120            0.0            0.0            0.0
   365    12    31  2001     245     hru                3170            1     null                  0       aqu                 120            0.0            0.0            0.0
   365    12    31  2001     246     hru                3171            1     null                  0       aqu                 120            0.0            0.0            0.0
   365    12    31  2001     247     hru                3172            1     null                  0       aqu                 120            0.0            0.0            0.0
   365    12    31  2001     248     hru                3173            1     null                  0       aqu                 120            0.0            0.0            0.0
   365    12    31  2001     249     hru                3174            1     null                  0       aqu                 120            0.0            0.0            0.0
   365    12    31  2001     250     hru                3175            1     null                  0       aqu                 120            0.0            0.0            0.0
   365    12    31  2001     251     hru                3405            1     null                  0       aqu                 120        21599.1        21599.1            0.0
   365    12    31  2001     252     hru                3406            1     null                  0       aqu                 120        59888.4        59888.4            0.0
   365    12    31  2001     253     hru                3515            1     null                  0       aqu                 120        39271.0        39271.0            0.0
   365    12    31  2001     254     hru                3516            1     null                  0       aqu                 120        36325.7        36325.7            0.0
   365    12    31  2001     255     hru                3634            1     null                  0       aqu                 120         1963.5         1963.5            0.0
   365    12    31  2001     256     hru                3635            1     null                  0       aqu                 120         9817.8         9817.8            0.0
   365    12    31  2001     257     hru                3636            1     null                  0       aqu                 120          490.9          490.9            0.0
   365    12    31  2001     258     hru                4856            1     null                  0       aqu                 120            0.0            0.0            0.0
   365    12    31  2001     259     hru                4857            1     null                  0       aqu                 120            0.0            0.0            0.0
   365    12    31  2001     260     hru                4858            1     null                  0       aqu                 120            0.0            0.0            0.0
