 Osu                       SWAT+ Apr 12 2023       MODULAR Rev 2023.60.5.6                                
       year     plant_no   plant_name       harv_area(ha)    yld(t)         yld(t/ha)      
        2010           1 gras              0.0000000E+00  0.0000000E+00  0.0000000E+00
        2010           2 frst              0.0000000E+00  0.0000000E+00  0.0000000E+00
        2010           3 frse              0.0000000E+00  0.0000000E+00  0.0000000E+00
        2010           4 agrl              0.0000000E+00  0.0000000E+00  0.0000000E+00
        2010           5 rice               3155.833       7933.779       2.514005    
        2010           6 wetn              0.0000000E+00  0.0000000E+00  0.0000000E+00
        2010           7 wetw              0.0000000E+00  0.0000000E+00  0.0000000E+00
        2010           8 urbn              0.0000000E+00  0.0000000E+00  0.0000000E+00
        2010           9 rye                175.8916       1.125706      6.3999994E-03
        2010          10 orcd              0.0000000E+00  0.0000000E+00  0.0000000E+00
        2011           1 gras              0.0000000E+00  0.0000000E+00  0.0000000E+00
        2011           2 frst              0.0000000E+00  0.0000000E+00  0.0000000E+00
        2011           3 frse              0.0000000E+00  0.0000000E+00  0.0000000E+00
        2011           4 agrl              0.0000000E+00  0.0000000E+00  0.0000000E+00
        2011           5 rice               3155.832       7576.843       2.400902    
        2011           6 wetn              0.0000000E+00  0.0000000E+00  0.0000000E+00
        2011           7 wetw              0.0000000E+00  0.0000000E+00  0.0000000E+00
        2011           8 urbn              0.0000000E+00  0.0000000E+00  0.0000000E+00
        2011           9 rye                175.8916      0.0000000E+00  0.0000000E+00
        2011          10 orcd              0.0000000E+00  0.0000000E+00  0.0000000E+00
        2012           1 gras              0.0000000E+00  0.0000000E+00  0.0000000E+00
        2012           2 frst              0.0000000E+00  0.0000000E+00  0.0000000E+00
        2012           3 frse              0.0000000E+00  0.0000000E+00  0.0000000E+00
        2012           4 agrl              0.0000000E+00  0.0000000E+00  0.0000000E+00
        2012           5 rice               3155.832       8309.332       2.633008    
        2012           6 wetn              0.0000000E+00  0.0000000E+00  0.0000000E+00
        2012           7 wetw              0.0000000E+00  0.0000000E+00  0.0000000E+00
        2012           8 urbn              0.0000000E+00  0.0000000E+00  0.0000000E+00
        2012           9 rye                175.8916       67.13705      0.3816957    
        2012          10 orcd              0.0000000E+00  0.0000000E+00  0.0000000E+00
        2013           1 gras              0.0000000E+00  0.0000000E+00  0.0000000E+00
        2013           2 frst              0.0000000E+00  0.0000000E+00  0.0000000E+00
        2013           3 frse              0.0000000E+00  0.0000000E+00  0.0000000E+00
        2013           4 agrl              0.0000000E+00  0.0000000E+00  0.0000000E+00
        2013           5 rice               3155.832       8457.849       2.680069    
        2013           6 wetn              0.0000000E+00  0.0000000E+00  0.0000000E+00
        2013           7 wetw              0.0000000E+00  0.0000000E+00  0.0000000E+00
        2013           8 urbn              0.0000000E+00  0.0000000E+00  0.0000000E+00
        2013           9 rye                175.8916       4.778621      2.7167989E-02
        2013          10 orcd              0.0000000E+00  0.0000000E+00  0.0000000E+00
        2014           1 gras              0.0000000E+00  0.0000000E+00  0.0000000E+00
        2014           2 frst              0.0000000E+00  0.0000000E+00  0.0000000E+00
        2014           3 frse              0.0000000E+00  0.0000000E+00  0.0000000E+00
        2014           4 agrl              0.0000000E+00  0.0000000E+00  0.0000000E+00
        2014           5 rice               3155.833       7928.569       2.512354    
        2014           6 wetn              0.0000000E+00  0.0000000E+00  0.0000000E+00
        2014           7 wetw              0.0000000E+00  0.0000000E+00  0.0000000E+00
        2014           8 urbn              0.0000000E+00  0.0000000E+00  0.0000000E+00
        2014           9 rye                175.8916      0.1423182      8.0912473E-04
        2014          10 orcd              0.0000000E+00  0.0000000E+00  0.0000000E+00
        2015           1 gras              0.0000000E+00  0.0000000E+00  0.0000000E+00
        2015           2 frst              0.0000000E+00  0.0000000E+00  0.0000000E+00
        2015           3 frse              0.0000000E+00  0.0000000E+00  0.0000000E+00
        2015           4 agrl              0.0000000E+00  0.0000000E+00  0.0000000E+00
        2015           5 rice               3155.831       9684.260       3.068688    
        2015           6 wetn              0.0000000E+00  0.0000000E+00  0.0000000E+00
        2015           7 wetw              0.0000000E+00  0.0000000E+00  0.0000000E+00
        2015           8 urbn              0.0000000E+00  0.0000000E+00  0.0000000E+00
        2015           9 rye                175.8916      0.1447099      8.2272186E-04
        2015          10 orcd              0.0000000E+00  0.0000000E+00  0.0000000E+00
        2016           1 gras              0.0000000E+00  0.0000000E+00  0.0000000E+00
        2016           2 frst              0.0000000E+00  0.0000000E+00  0.0000000E+00
        2016           3 frse              0.0000000E+00  0.0000000E+00  0.0000000E+00
        2016           4 agrl              0.0000000E+00  0.0000000E+00  0.0000000E+00
        2016           5 rice               3155.832       9387.638       2.974695    
        2016           6 wetn              0.0000000E+00  0.0000000E+00  0.0000000E+00
        2016           7 wetw              0.0000000E+00  0.0000000E+00  0.0000000E+00
        2016           8 urbn              0.0000000E+00  0.0000000E+00  0.0000000E+00
        2016           9 rye                175.8916      0.2392006      1.3599319E-03
        2016          10 orcd              0.0000000E+00  0.0000000E+00  0.0000000E+00
        2017           1 gras              0.0000000E+00  0.0000000E+00  0.0000000E+00
        2017           2 frst              0.0000000E+00  0.0000000E+00  0.0000000E+00
        2017           3 frse              0.0000000E+00  0.0000000E+00  0.0000000E+00
        2017           4 agrl              0.0000000E+00  0.0000000E+00  0.0000000E+00
        2017           5 rice               3155.831       8536.972       2.705142    
        2017           6 wetn              0.0000000E+00  0.0000000E+00  0.0000000E+00
        2017           7 wetw              0.0000000E+00  0.0000000E+00  0.0000000E+00
        2017           8 urbn              0.0000000E+00  0.0000000E+00  0.0000000E+00
        2017           9 rye                175.8916      7.1346633E-02  4.0562847E-04
        2017          10 orcd              0.0000000E+00  0.0000000E+00  0.0000000E+00
        2018           1 gras              0.0000000E+00  0.0000000E+00  0.0000000E+00
        2018           2 frst              0.0000000E+00  0.0000000E+00  0.0000000E+00
        2018           3 frse              0.0000000E+00  0.0000000E+00  0.0000000E+00
        2018           4 agrl              0.0000000E+00  0.0000000E+00  0.0000000E+00
        2018           5 rice               3155.828       9871.909       3.128151    
        2018           6 wetn              0.0000000E+00  0.0000000E+00  0.0000000E+00
        2018           7 wetw              0.0000000E+00  0.0000000E+00  0.0000000E+00
        2018           8 urbn              0.0000000E+00  0.0000000E+00  0.0000000E+00
        2018           9 rye                175.8916      8.8704996E-02  5.0431630E-04
        2018          10 orcd              0.0000000E+00  0.0000000E+00  0.0000000E+00
        2019           1 gras              0.0000000E+00  0.0000000E+00  0.0000000E+00
        2019           2 frst              0.0000000E+00  0.0000000E+00  0.0000000E+00
        2019           3 frse              0.0000000E+00  0.0000000E+00  0.0000000E+00
        2019           4 agrl              0.0000000E+00  0.0000000E+00  0.0000000E+00
        2019           5 rice               3155.831       9851.388       3.121646    
        2019           6 wetn              0.0000000E+00  0.0000000E+00  0.0000000E+00
        2019           7 wetw              0.0000000E+00  0.0000000E+00  0.0000000E+00
        2019           8 urbn              0.0000000E+00  0.0000000E+00  0.0000000E+00
        2019           9 rye                175.8916      3.2494202E-02  1.8473994E-04
        2019          10 orcd              0.0000000E+00  0.0000000E+00  0.0000000E+00
        2020           1 gras              0.0000000E+00  0.0000000E+00  0.0000000E+00
        2020           2 frst              0.0000000E+00  0.0000000E+00  0.0000000E+00
        2020           3 frse              0.0000000E+00  0.0000000E+00  0.0000000E+00
        2020           4 agrl              0.0000000E+00  0.0000000E+00  0.0000000E+00
        2020           5 rice               3155.833       8460.011       2.680754    
        2020           6 wetn              0.0000000E+00  0.0000000E+00  0.0000000E+00
        2020           7 wetw              0.0000000E+00  0.0000000E+00  0.0000000E+00
        2020           8 urbn              0.0000000E+00  0.0000000E+00  0.0000000E+00
        2020           9 rye                175.8916      0.3971077      2.2576845E-03
        2020          10 orcd              0.0000000E+00  0.0000000E+00  0.0000000E+00
        2021           1 gras              0.0000000E+00  0.0000000E+00  0.0000000E+00
        2021           2 frst              0.0000000E+00  0.0000000E+00  0.0000000E+00
        2021           3 frse              0.0000000E+00  0.0000000E+00  0.0000000E+00
        2021           4 agrl              0.0000000E+00  0.0000000E+00  0.0000000E+00
        2021           5 rice               3155.832       10147.85       3.215587    
        2021           6 wetn              0.0000000E+00  0.0000000E+00  0.0000000E+00
        2021           7 wetw              0.0000000E+00  0.0000000E+00  0.0000000E+00
        2021           8 urbn              0.0000000E+00  0.0000000E+00  0.0000000E+00
        2021           9 rye                175.8916      7.5078636E-02  4.2684609E-04
        2021          10 orcd              0.0000000E+00  0.0000000E+00  0.0000000E+00
        2022           1 gras              0.0000000E+00  0.0000000E+00  0.0000000E+00
        2022           2 frst              0.0000000E+00  0.0000000E+00  0.0000000E+00
        2022           3 frse              0.0000000E+00  0.0000000E+00  0.0000000E+00
        2022           4 agrl              0.0000000E+00  0.0000000E+00  0.0000000E+00
        2022           5 rice               3155.830       8735.600       2.768083    
        2022           6 wetn              0.0000000E+00  0.0000000E+00  0.0000000E+00
        2022           7 wetw              0.0000000E+00  0.0000000E+00  0.0000000E+00
        2022           8 urbn              0.0000000E+00  0.0000000E+00  0.0000000E+00
        2022           9 rye                175.8916      0.1595325      9.0699323E-04
        2022          10 orcd              0.0000000E+00  0.0000000E+00  0.0000000E+00
        2023           1 gras              0.0000000E+00  0.0000000E+00  0.0000000E+00
        2023           2 frst              0.0000000E+00  0.0000000E+00  0.0000000E+00
        2023           3 frse              0.0000000E+00  0.0000000E+00  0.0000000E+00
        2023           4 agrl              0.0000000E+00  0.0000000E+00  0.0000000E+00
        2023           5 rice               3155.831       7555.881       2.394261    
        2023           6 wetn              0.0000000E+00  0.0000000E+00  0.0000000E+00
        2023           7 wetw              0.0000000E+00  0.0000000E+00  0.0000000E+00
        2023           8 urbn              0.0000000E+00  0.0000000E+00  0.0000000E+00
        2023           9 rye                175.8916      0.4182113      2.3776654E-03
        2023          10 orcd              0.0000000E+00  0.0000000E+00  0.0000000E+00
