single point
         alpha                      138.7404276797757    1.000000000000000   -100.0000000000000
           awc                      23.76269321086189    1.000000000000000   -100.0000000000000
         canmx                      85.75478619605119    1.000000000000000   -100.0000000000000
           cn2                      196.3865728817334    1.000000000000000   -100.0000000000000
       cn3_swf                      101.2368749158549    1.000000000000000   -100.0000000000000
          epco                      161.0540760550969    1.000000000000000   -100.0000000000000
          esco                      71.14515856815797    1.000000000000000   -100.0000000000000
       lat_len                      115.9374999438239    1.000000000000000   -100.0000000000000
       latq_co                      40.44747248888713    1.000000000000000   -100.0000000000000
         perco                      106.0492100331051    1.000000000000000   -100.0000000000000
         petco                      61.50157883171903    1.000000000000000   -100.0000000000000
      revap_co                      117.8859400373221    1.000000000000000   -100.0000000000000
        surlag                      84.31525835173358    1.000000000000000   -100.0000000000000
