single point
         alpha                      157.4346986659761    1.000000000000000   -100.0000000000000
           awc                      72.63862654520085    1.000000000000000   -100.0000000000000
         canmx                      123.3183326017862    1.000000000000000   -100.0000000000000
           cn2                      119.7136177500035    1.000000000000000   -100.0000000000000
       cn3_swf                      103.9425716396116    1.000000000000000   -100.0000000000000
          epco                      103.9939248455373    1.000000000000000   -100.0000000000000
          esco                      100.1000513239003    1.000000000000000   -100.0000000000000
       lat_len                      124.1815529823303    1.000000000000000   -100.0000000000000
       latq_co                      82.70320033920358    1.000000000000000   -100.0000000000000
         perco                      168.5092942801575    1.000000000000000   -100.0000000000000
         petco                      48.53509425496143    1.000000000000000   -100.0000000000000
      revap_co                      106.6441170776199    1.000000000000000   -100.0000000000000
        surlag                      90.20723784671794    1.000000000000000   -100.0000000000000
