single point
         alpha                      100.0000000000010    1.000000000000000   -100.0000000000000
           awc                      100.0000000000010    1.000000000000000   -100.0000000000000
         canmx                      100.0000000000010    1.000000000000000   -100.0000000000000
           cn2                      100.0000000000010    1.000000000000000   -100.0000000000000
       cn3_swf                      100.0000000000010    1.000000000000000   -100.0000000000000
          epco                      100.0000000000010    1.000000000000000   -100.0000000000000
          esco                      100.0000000000010    1.000000000000000   -100.0000000000000
       lat_len                      100.0000000000010    1.000000000000000   -100.0000000000000
       latq_co                      100.0000000000010    1.000000000000000   -100.0000000000000
         perco                      100.0000000000010    1.000000000000000   -100.0000000000000
         petco                      100.0000000000010    1.000000000000000   -100.0000000000000
      revap_co                      100.0000000000010    1.000000000000000   -100.0000000000000
        surlag                      100.0000000000010    1.000000000000000   -100.0000000000000
