single point
         alpha                      111.7233509034924    1.000000000000000   -100.0000000000000
           awc                      51.68280300395337    1.000000000000000   -100.0000000000000
         canmx                      105.4075299698475    1.000000000000000   -100.0000000000000
           cn2                      165.4159343889254    1.000000000000000   -100.0000000000000
       cn3_swf                      119.3384217796396    1.000000000000000   -100.0000000000000
          epco                      114.1710313127883    1.000000000000000   -100.0000000000000
          esco                      89.20849437243008    1.000000000000000   -100.0000000000000
       lat_len                      114.4475548243417    1.000000000000000   -100.0000000000000
       latq_co                      68.52378363612499    1.000000000000000   -100.0000000000000
         perco                      150.8869979108314    1.000000000000000   -100.0000000000000
         petco                      53.36410425644374    1.000000000000000   -100.0000000000000
      revap_co                      85.52261245607760    1.000000000000000   -100.0000000000000
        surlag                      93.67335510484271    1.000000000000000   -100.0000000000000
