single point
         alpha                      101.8102250769940    1.000000000000000   -100.0000000000000
           awc                      35.35503784236377    1.000000000000000   -100.0000000000000
         canmx                      99.38942065876920    1.000000000000000   -100.0000000000000
           cn2                      182.5982109302348    1.000000000000000   -100.0000000000000
       cn3_swf                      105.7754101054629    1.000000000000000   -100.0000000000000
          epco                      132.8364826316202    1.000000000000000   -100.0000000000000
          esco                      78.56794472132307    1.000000000000000   -100.0000000000000
       lat_len                      105.1324354661289    1.000000000000000   -100.0000000000000
       latq_co                      58.92962169767846    1.000000000000000   -100.0000000000000
         perco                      118.1597070983767    1.000000000000000   -100.0000000000000
         petco                      54.06338494563247    1.000000000000000   -100.0000000000000
      revap_co                      90.63761016709172    1.000000000000000   -100.0000000000000
        surlag                      99.58483342072415    1.000000000000000   -100.0000000000000
