single point
         alpha                      106.859    1.000000000000000   -100.0000000000000
           awc                      37.4345    1.000000000000000   -100.0000000000000
         canmx                      33.1977    1.000000000000000   -100.0000000000000
           cn2                      107.714    1.000000000000000   -100.0000000000000
       cn3_swf                      99.9229    1.000000000000000   -100.0000000000000
          epco                      165.341    1.000000000000000   -100.0000000000000
          esco                      133.055    1.000000000000000   -100.0000000000000
       lat_len                      93.7588    1.000000000000000   -100.0000000000000
       latq_co                      62.6797    1.000000000000000   -100.0000000000000
         perco                      101.434    1.000000000000000   -100.0000000000000
         petco                      47.2605    1.000000000000000   -100.0000000000000
      revap_co                      41.4547    1.000000000000000   -100.0000000000000
        surlag                      78.7428    1.000000000000000   -100.0000000000000
