single point
         alpha                      100.8367320120631    1.000000000000000   -100.0000000000000
           awc                      36.36621351737693    1.000000000000000   -100.0000000000000
         canmx                      99.79861794733043    1.000000000000000   -100.0000000000000
           cn2                      176.9636667655962    1.000000000000000   -100.0000000000000
       cn3_swf                      108.4956771999652    1.000000000000000   -100.0000000000000
          epco                      127.2422558555139    1.000000000000000   -100.0000000000000
          esco                      81.03093051693521    1.000000000000000   -100.0000000000000
       lat_len                      108.9158352361079    1.000000000000000   -100.0000000000000
       latq_co                      62.60248955617987    1.000000000000000   -100.0000000000000
         perco                      131.2922231141215    1.000000000000000   -100.0000000000000
         petco                      54.01361461975193    1.000000000000000   -100.0000000000000
      revap_co                      92.03805332956058    1.000000000000000   -100.0000000000000
        surlag                      100.8326860797126    1.000000000000000   -100.0000000000000
