 prueba                    SWAT+ Apr 12 2023       MODULAR Rev 2023.60.5.6                                
  jday   mon   day    yr    unit  gis_id  name                  precip     snofall      snomlt    surq_gen        latq    wateryld        perc          et     ecanopy      eplant       esoil   surq_cont          cn     sw_init    sw_final      sw_ave      sw_300    sno_init   sno_final     snopack         pet       qtile         irr  surq_runon  latq_runon    overbank    surq_cha    surq_res     surq_ls    latq_cha    latq_res     latq_ls     gwtranq       satex  satex_chan   sw_change     lagsurf     laglatq    lagsatex     wet_out
                                                                  mm            mm          mm          mm          mm          mm          mm          mm          mm          mm          mm          mm         ---          mm          mm          mm          mm          mm          mm          mm          mm          mm          mm          mm          mm          mm          mm          mm          mm          mm          mm          mm          mm          mm          mm          mm          mm          mm          mm          mm
   366    12    31  2016       1       1  prueba               259.710       0.000       0.000     788.783       0.000     788.783       0.134     935.024       4.483     190.892     739.649    1577.566       4.086      24.274      55.903      28.070       9.659       0.000       0.000       0.000    1199.722       0.000    1493.058       0.000       0.000       0.000    1577.566       0.000       0.000       0.000       0.000       0.000       0.000       0.000       0.000      31.629       0.000       0.002       0.000       0.000
   365    12    31  2017       1       1  prueba               307.350       0.000       0.000     822.386       0.000     822.386       0.296    1008.208       5.046     197.108     806.054    1644.410       4.086      55.903      16.939      39.182      10.929       0.000       0.000       0.000    1220.420       0.000    1481.224       0.000       0.000       0.000    1644.410       0.000       0.000       0.000       0.000       0.000       0.000       0.000       0.000     -38.964       0.460       0.022       0.000       0.000
   365    12    31  2018       1       1  prueba               684.070       0.000       0.000    1064.571       0.000    1064.571       0.456    1051.954       5.403     184.552     862.000    2125.672       4.086      16.939      74.835      45.916      14.201       0.000       0.000       0.000    1215.769       0.000    1487.539       0.000       0.000       0.000    2125.672       0.000       0.000       0.000       0.000       0.000       0.000       0.000       0.000      57.896       4.419       0.023       0.000       0.000
   365    12    31  2019       1       1  prueba               427.010       0.000       0.000     976.178       0.000     976.178       1.338     990.846       6.152     210.141     774.553    1951.440       4.086      74.835      47.838      59.230      10.028       0.000       0.000       0.000    1229.342       0.000    1510.160       0.000       0.000       0.000    1951.440       0.000       0.000       0.000       0.000       0.000       0.000       0.000       0.000     -26.998       1.167       0.113       0.000       0.000
   366    12    31  2020       1       1  prueba               731.960       0.000       0.000    1162.623       0.000    1162.623       1.399    1011.098       4.434     202.424     804.240    2314.831       4.086      47.838      56.921      60.722      12.910       0.000       0.000       0.000    1163.381       0.000    1450.113       0.000       0.000       0.000    2314.831       0.000       0.000       0.000       0.000       0.000       0.000       0.000       0.000       9.084      13.266       0.121       0.000       0.000
   365    12    31  2021       1       1  prueba               494.860       0.000       0.000     910.333       0.000     910.333       1.724     979.646       7.411     185.725     786.511    1819.323       4.086      56.921      66.712      70.550      14.420       0.000       0.000       0.000    1008.330       0.000    1402.180       0.000       0.000       0.000    1819.323       0.000       0.000       0.000       0.000       0.000       0.000       0.000       0.000       9.791       1.711       0.116       0.000       0.000
   365    12    31  2022       1       1  prueba               616.830       0.000       0.000    1003.700       0.000    1003.700       2.483    1133.163       7.546     224.799     900.819    2004.922       4.086      66.712      72.778      85.104      13.891       0.000       0.000       0.000    1135.485       0.000    1524.427       0.000       0.000       0.000    2004.922       0.000       0.000       0.000       0.000       0.000       0.000       0.000       0.000       6.066       3.155       0.114       0.000       0.000
