 Osu                       SWAT+ Apr 12 2023       MODULAR Rev 2023.60.5.6                                
       year     plant_no   plant_name       harv_area(ha)    yld(t)         yld(t/ha)      
        2010           1 gras              0.0000000E+00  0.0000000E+00  0.0000000E+00
        2010           2 frst              0.0000000E+00  0.0000000E+00  0.0000000E+00
        2010           3 frse              0.0000000E+00  0.0000000E+00  0.0000000E+00
        2010           4 agrl              0.0000000E+00  0.0000000E+00  0.0000000E+00
        2010           5 rice               3155.833       8736.379       2.768328    
        2010           6 wetn              0.0000000E+00  0.0000000E+00  0.0000000E+00
        2010           7 wetw              0.0000000E+00  0.0000000E+00  0.0000000E+00
        2010           8 urbn              0.0000000E+00  0.0000000E+00  0.0000000E+00
        2010           9 rye                175.8916       1.125706      6.3999994E-03
        2010          10 orcd              0.0000000E+00  0.0000000E+00  0.0000000E+00
        2011           1 gras              0.0000000E+00  0.0000000E+00  0.0000000E+00
        2011           2 frst              0.0000000E+00  0.0000000E+00  0.0000000E+00
        2011           3 frse              0.0000000E+00  0.0000000E+00  0.0000000E+00
        2011           4 agrl              0.0000000E+00  0.0000000E+00  0.0000000E+00
        2011           5 rice               3155.832       8882.660       2.814681    
        2011           6 wetn              0.0000000E+00  0.0000000E+00  0.0000000E+00
        2011           7 wetw              0.0000000E+00  0.0000000E+00  0.0000000E+00
        2011           8 urbn              0.0000000E+00  0.0000000E+00  0.0000000E+00
        2011           9 rye                175.8916      0.0000000E+00  0.0000000E+00
        2011          10 orcd              0.0000000E+00  0.0000000E+00  0.0000000E+00
        2012           1 gras              0.0000000E+00  0.0000000E+00  0.0000000E+00
        2012           2 frst              0.0000000E+00  0.0000000E+00  0.0000000E+00
        2012           3 frse              0.0000000E+00  0.0000000E+00  0.0000000E+00
        2012           4 agrl              0.0000000E+00  0.0000000E+00  0.0000000E+00
        2012           5 rice               3155.832       9189.332       2.911857    
        2012           6 wetn              0.0000000E+00  0.0000000E+00  0.0000000E+00
        2012           7 wetw              0.0000000E+00  0.0000000E+00  0.0000000E+00
        2012           8 urbn              0.0000000E+00  0.0000000E+00  0.0000000E+00
        2012           9 rye                175.8916       7.229944      4.1104544E-02
        2012          10 orcd              0.0000000E+00  0.0000000E+00  0.0000000E+00
        2013           1 gras              0.0000000E+00  0.0000000E+00  0.0000000E+00
        2013           2 frst              0.0000000E+00  0.0000000E+00  0.0000000E+00
        2013           3 frse              0.0000000E+00  0.0000000E+00  0.0000000E+00
        2013           4 agrl              0.0000000E+00  0.0000000E+00  0.0000000E+00
        2013           5 rice               3155.832       9279.715       2.940497    
        2013           6 wetn              0.0000000E+00  0.0000000E+00  0.0000000E+00
        2013           7 wetw              0.0000000E+00  0.0000000E+00  0.0000000E+00
        2013           8 urbn              0.0000000E+00  0.0000000E+00  0.0000000E+00
        2013           9 rye                175.8916      0.9039135      5.1390375E-03
        2013          10 orcd              0.0000000E+00  0.0000000E+00  0.0000000E+00
        2014           1 gras              0.0000000E+00  0.0000000E+00  0.0000000E+00
        2014           2 frst              0.0000000E+00  0.0000000E+00  0.0000000E+00
        2014           3 frse              0.0000000E+00  0.0000000E+00  0.0000000E+00
        2014           4 agrl              0.0000000E+00  0.0000000E+00  0.0000000E+00
        2014           5 rice               3155.833       9352.474       2.963551    
        2014           6 wetn              0.0000000E+00  0.0000000E+00  0.0000000E+00
        2014           7 wetw              0.0000000E+00  0.0000000E+00  0.0000000E+00
        2014           8 urbn              0.0000000E+00  0.0000000E+00  0.0000000E+00
        2014           9 rye                175.8916      4.4713855E-02  2.5421259E-04
        2014          10 orcd              0.0000000E+00  0.0000000E+00  0.0000000E+00
        2015           1 gras              0.0000000E+00  0.0000000E+00  0.0000000E+00
        2015           2 frst              0.0000000E+00  0.0000000E+00  0.0000000E+00
        2015           3 frse              0.0000000E+00  0.0000000E+00  0.0000000E+00
        2015           4 agrl              0.0000000E+00  0.0000000E+00  0.0000000E+00
        2015           5 rice               3155.831       10488.13       3.323413    
        2015           6 wetn              0.0000000E+00  0.0000000E+00  0.0000000E+00
        2015           7 wetw              0.0000000E+00  0.0000000E+00  0.0000000E+00
        2015           8 urbn              0.0000000E+00  0.0000000E+00  0.0000000E+00
        2015           9 rye                175.8916      5.7701886E-02  3.2805369E-04
        2015          10 orcd              0.0000000E+00  0.0000000E+00  0.0000000E+00
        2016           1 gras              0.0000000E+00  0.0000000E+00  0.0000000E+00
        2016           2 frst              0.0000000E+00  0.0000000E+00  0.0000000E+00
        2016           3 frse              0.0000000E+00  0.0000000E+00  0.0000000E+00
        2016           4 agrl              0.0000000E+00  0.0000000E+00  0.0000000E+00
        2016           5 rice               3155.832       10248.77       3.247565    
        2016           6 wetn              0.0000000E+00  0.0000000E+00  0.0000000E+00
        2016           7 wetw              0.0000000E+00  0.0000000E+00  0.0000000E+00
        2016           8 urbn              0.0000000E+00  0.0000000E+00  0.0000000E+00
        2016           9 rye                175.8916      5.4206353E-02  3.0818049E-04
        2016          10 orcd              0.0000000E+00  0.0000000E+00  0.0000000E+00
        2017           1 gras              0.0000000E+00  0.0000000E+00  0.0000000E+00
        2017           2 frst              0.0000000E+00  0.0000000E+00  0.0000000E+00
        2017           3 frse              0.0000000E+00  0.0000000E+00  0.0000000E+00
