 april24                   SWAT+ Apr 12 2023       MODULAR Rev 2023.60.5.6                                
   jday   mon   day    yr   unit  gis_id  name                    flo_in          geo_bf         flo_out           peakr         sed_in        sed_out         washld          bedld            dep        deg_btm       deg_bank         hc_sed          width          depth          slope        deg_btm       deg_bank         hc_len      flo_in_mm       aqu_in_mm      flo_out_mm        sed_stor 
                                                                         m^3/s   
    31     1    31  2016         1     1  april24               0.4325E-01     0.0000E+00     0.6308E-01     0.4326E-01     0.4319E-05     0.2149E-05     0.2149E-05     0.0000E+00     0.2149E-05     0.0000E+00     0.0000E+00     0.0000E+00     0.4823E+01     0.3132E+00     0.1850E-02     0.0000E+00     0.0000E+00     0.0000E+00     0.1388E-01     0.0000E+00     0.2058E-01     0.8502E-02
    60     2    29  2016         1     1  april24               0.7127E-02     0.0000E+00     0.1123E-01     0.7127E-02     0.6154E-06     0.2971E-06     0.2971E-06     0.0000E+00     0.2971E-06     0.0000E+00     0.0000E+00     0.0000E+00     0.4823E+01     0.3132E+00     0.1850E-02     0.0000E+00     0.0000E+00     0.0000E+00     0.2437E-02     0.0000E+00     0.3892E-02     0.6418E-02
    91     3    31  2016         1     1  april24               0.1438E-01     0.0000E+00     0.1813E-01     0.1569E-01     0.1934E-05     0.9574E-06     0.9574E-06     0.0000E+00     0.9574E-06     0.0000E+00     0.0000E+00     0.0000E+00     0.4823E+01     0.3132E+00     0.1850E-02     0.0000E+00     0.0000E+00     0.0000E+00     0.7856E-02     0.0000E+00     0.1329E-01     0.4036E-02
   121     4    30  2016         1     1  april24               0.1526E+01     0.0000E+00     0.1403E+01     0.3167E+01     0.6212E-03     0.7300E-03     0.3106E-03     0.0000E+00     0.2909E-03     0.1681E-03     0.2513E-03     0.0000E+00     0.4823E+01     0.3132E+00     0.1850E-02     0.5178E-05     0.5556E-03     0.0000E+00     0.7481E+01     0.0000E+00     0.7065E+01     0.2654E-01
   152     5    31  2016         1     1  april24               0.1279E+03     0.0000E+00     0.1253E+03     0.2139E+03     0.3566E+01     0.4730E+01     0.1783E+01     0.0000E+00     0.1706E+01     0.2933E+01     0.1382E-01     0.0000E+00     0.4823E+01     0.3132E+00     0.1850E-02     0.4700E-01     0.9090E-02     0.0000E+00     0.3081E+03     0.0000E+00     0.3026E+03     0.9395E+02
   182     6    30  2016         1     1  april24               0.1867E+03     0.0000E+00     0.1829E+03     0.3113E+03     0.6391E+01     0.9450E+01     0.3196E+01     0.0000E+00     0.3030E+01     0.6237E+01     0.1678E-01     0.0000E+00     0.4823E+01     0.3132E+00     0.1850E-02     0.9451E-01     0.9194E-02     0.0000E+00     0.4551E+03     0.0000E+00     0.4485E+03     0.1252E+03
   213     7    31  2016         1     1  april24               0.2861E+03     0.0000E+00     0.2843E+03     0.4504E+03     0.5712E+01     0.9818E+01     0.2856E+01     0.0000E+00     0.2748E+01     0.6955E+01     0.7968E-02     0.0000E+00     0.4823E+01     0.3132E+00     0.1850E-02     0.6565E-01     0.5689E-02     0.0000E+00     0.5626E+03     0.0000E+00     0.5566E+03     0.2100E+03
   244     8    31  2016         1     1  april24               0.3563E+03     0.0000E+00     0.3566E+03     0.5533E+03     0.6767E+01     0.1294E+02     0.3383E+01     0.0000E+00     0.3232E+01     0.9556E+01     0.3368E-02     0.0000E+00     0.4823E+01     0.3132E+00     0.1850E-02     0.8187E-01     0.5729E-02     0.0000E+00     0.6762E+03     0.0000E+00     0.6769E+03     0.2075E+03
   274     9    30  2016         1     1  april24               0.2058E+03     0.0000E+00     0.2108E+03     0.3184E+03     0.9347E+01     0.1521E+02     0.4673E+01     0.0000E+00     0.4416E+01     0.1053E+02     0.5501E-02     0.0000E+00     0.4823E+01     0.3132E+00     0.1850E-02     0.1247E+00     0.3194E-02     0.0000E+00     0.4114E+03     0.0000E+00     0.4163E+03     0.2833E+03
   305    10    31  2016         1     1  april24               0.7078E+00     0.0000E+00     0.9824E+00     0.7339E+00     0.1086E-01     0.5433E-02     0.5429E-02     0.0000E+00     0.5425E-02     0.0000E+00     0.3902E-05     0.0000E+00     0.4823E+01     0.3132E+00     0.1850E-02     0.0000E+00     0.9299E-06     0.0000E+00     0.3157E+00     0.0000E+00     0.4786E+00     0.4477E+01
   335    11    30  2016         1     1  april24               0.8780E+01     0.0000E+00     0.7282E+01     0.1936E+02     0.4309E-01     0.5308E-01     0.2154E-01     0.0000E+00     0.2100E-01     0.3028E-01     0.1262E-02     0.0000E+00     0.4823E+01     0.3132E+00     0.1850E-02     0.8622E-03     0.1572E-02     0.0000E+00     0.4321E+02     0.0000E+00     0.3862E+02     0.6633E+00
   366    12    31  2016         1     1  april24               0.1800E+02     0.0000E+00     0.1895E+02     0.2662E+02     0.2032E-01     0.1788E-01     0.1016E-01     0.0000E+00     0.9034E-02     0.4356E-02     0.3363E-02     0.0000E+00     0.4823E+01     0.3132E+00     0.1850E-02     0.1342E-03     0.1913E-02     0.0000E+00     0.2817E+02     0.0000E+00     0.3064E+02     0.2709E+01
    31     1    31  2017         1     1  april24               0.4680E+02     0.0000E+00     0.4550E+02     0.7970E+02     0.1157E+01     0.1305E+01     0.5785E+00     0.0000E+00     0.5526E+00     0.7207E+00     0.5589E-02     0.0000E+00     0.4823E+01     0.3132E+00     0.1850E-02     0.1584E-01     0.1708E-02     0.0000E+00     0.1159E+03     0.0000E+00     0.1129E+03     0.4013E+02
    59     2    28  2017         1     1  april24               0.1920E+01     0.0000E+00     0.2631E+01     0.2080E+01     0.1705E-01     0.8569E-02     0.8523E-02     0.0000E+00     0.8477E-02     0.0000E+00     0.4593E-04     0.0000E+00     0.4823E+01     0.3132E+00     0.1850E-02     0.0000E+00     0.1404E-04     0.0000E+00     0.1205E+01     0.0000E+00     0.1881E+01     0.7604E+01
    90     3    31  2017         1     1  april24               0.2150E+02     0.0000E+00     0.2094E+02     0.3821E+02     0.4469E+00     0.4799E+00     0.2235E+00     0.0000E+00     0.2157E+00     0.2538E+00     0.2676E-02     0.0000E+00     0.4823E+01     0.3132E+00     0.1850E-02     0.6996E-02     0.1278E-02     0.0000E+00     0.6258E+02     0.0000E+00     0.6079E+02     0.1859E+02
   120     4    30  2017         1     1  april24               0.3629E+01     0.0000E+00     0.3201E+01     0.7650E+01     0.2785E-01     0.2872E-01     0.1391E-01     0.0000E+00     0.1343E-01     0.1433E-01     0.4705E-03     0.0000E+00     0.4823E+01     0.3132E+00     0.1850E-02     0.4232E-03     0.4880E-03     0.0000E+00     0.1675E+02     0.0000E+00     0.1568E+02     0.8468E+00
   151     5    31  2017         1     1  april24               0.1325E+03     0.0000E+00     0.1300E+03     0.2215E+03     0.4394E+01     0.5865E+01     0.2197E+01     0.0000E+00     0.2096E+01     0.3655E+01     0.1327E-01     0.0000E+00     0.4823E+01     0.3132E+00     0.1850E-02     0.5676E-01     0.7836E-02     0.0000E+00     0.3176E+03     0.0000E+00     0.3121E+03     0.1129E+03
   181     6    30  2017         1     1  april24               0.1816E+03     0.0000E+00     0.1788E+03     0.3015E+03     0.5783E+01     0.8359E+01     0.2891E+01     0.0000E+00     0.2749E+01     0.5451E+01     0.1700E-01     0.0000E+00     0.4823E+01     0.3132E+00     0.1850E-02     0.8678E-01     0.7850E-02     0.0000E+00     0.4400E+03     0.0000E+00     0.4351E+03     0.1215E+03
   212     7    31  2017         1     1  april24               0.2835E+03     0.0000E+00     0.2807E+03     0.4486E+03     0.5748E+01     0.9965E+01     0.2874E+01     0.0000E+00     0.2766E+01     0.7084E+01     0.6786E-02     0.0000E+00     0.4823E+01     0.3132E+00     0.1850E-02     0.6732E-01     0.3507E-02     0.0000E+00     0.5661E+03     0.0000E+00     0.5584E+03     0.2061E+03
   243     8    31  2017         1     1  april24               0.3541E+03     0.0000E+00     0.3542E+03     0.5502E+03     0.6582E+01     0.1259E+02     0.3291E+01     0.0000E+00     0.3148E+01     0.9299E+01     0.2187E-02     0.0000E+00     0.4823E+01     0.3132E+00     0.1850E-02     0.7999E-01     0.3078E-02     0.0000E+00     0.6715E+03     0.0000E+00     0.6715E+03     0.2003E+03
   273     9    30  2017         1     1  april24               0.2014E+03     0.0000E+00     0.2066E+03     0.3112E+03     0.8879E+01     0.1487E+02     0.4439E+01     0.0000E+00     0.4200E+01     0.1043E+02     0.4391E-02     0.0000E+00     0.4823E+01     0.3132E+00     0.1850E-02     0.1219E+00     0.2218E-02     0.0000E+00     0.4020E+03     0.0000E+00     0.4077E+03     0.2869E+03
   304    10    31  2017         1     1  april24               0.7292E+00     0.0000E+00     0.9497E+00     0.8225E+00     0.4029E-01     0.2015E-01     0.2014E-01     0.0000E+00     0.2014E-01     0.0000E+00     0.3375E-05     0.0000E+00     0.4823E+01     0.3132E+00     0.1850E-02     0.0000E+00     0.1726E-05     0.0000E+00     0.4968E+00     0.0000E+00     0.7731E+00     0.4120E+02
   334    11    30  2017         1     1  april24               0.6788E-05     0.0000E+00     0.5726E-05     0.1017E-04     0.4200E-07     0.1186E-07     0.1186E-07     0.0000E+00     0.1186E-07     0.0000E+00     0.0000E+00     0.0000E+00     0.4823E+01     0.3132E+00     0.1850E-02     0.0000E+00     0.0000E+00     0.0000E+00     0.2989E-04     0.0000E+00     0.1876E-04     0.4789E-03
   365    12    31  2017         1     1  april24               0.1562E-04     0.0000E+00     0.1453E-04     0.2186E-04     0.4757E-07     0.1469E-07     0.1469E-07     0.0000E+00     0.1469E-07     0.0000E+00     0.0000E+00     0.0000E+00     0.4823E+01     0.3132E+00     0.1850E-02     0.0000E+00     0.0000E+00     0.0000E+00     0.3963E-04     0.0000E+00     0.4036E-04     0.4893E-03
    31     1    31  2018         1     1  april24               0.1546E+01     0.0000E+00     0.1401E+01     0.3245E+01     0.2793E-02     0.1789E-02     0.1390E-02     0.0000E+00     0.1239E-02     0.2340E-03     0.1642E-03     0.0000E+00     0.4823E+01     0.3132E+00     0.1850E-02     0.7208E-05     0.3313E-03     0.0000E+00     0.7470E+01     0.0000E+00     0.7054E+01     0.6198E-01
    59     2    28  2018         1     1  april24               0.2825E-02     0.0000E+00     0.2941E-02     0.4837E-02     0.4049E-07     0.1145E-07     0.1145E-07     0.0000E+00     0.1145E-07     0.0000E+00     0.0000E+00     0.0000E+00     0.4823E+01     0.3132E+00     0.1850E-02     0.0000E+00     0.0000E+00     0.0000E+00     0.6464E-02     0.0000E+00     0.1331E-01     0.4375E-04
    90     3    31  2018         1     1  april24               0.5030E-02     0.0000E+00     0.5313E-02     0.9046E-02     0.3996E-07     0.1123E-07     0.1123E-07     0.0000E+00     0.1123E-07     0.0000E+00     0.0000E+00     0.0000E+00     0.4823E+01     0.3132E+00     0.1850E-02     0.0000E+00     0.0000E+00     0.0000E+00     0.1109E-01     0.0000E+00     0.2264E-01     0.6363E-06
   120     4    30  2018         1     1  april24               0.1723E+02     0.0000E+00     0.1665E+02     0.3055E+02     0.6783E-01     0.7302E-01     0.3391E-01     0.0000E+00     0.3250E-01     0.3666E-01     0.2452E-02     0.0000E+00     0.4823E+01     0.3132E+00     0.1850E-02     0.1056E-02     0.1732E-02     0.0000E+00     0.5085E+02     0.0000E+00     0.4907E+02     0.2903E+01
   151     5    31  2018         1     1  april24               0.1422E+03     0.0000E+00     0.1385E+03     0.2408E+03     0.3728E+01     0.4990E+01     0.1864E+01     0.0000E+00     0.1781E+01     0.3114E+01     0.1266E-01     0.0000E+00     0.4823E+01     0.3132E+00     0.1850E-02     0.4838E-01     0.6337E-02     0.0000E+00     0.3540E+03     0.0000E+00     0.3465E+03     0.9417E+02
   181     6    30  2018         1     1  april24               0.1921E+03     0.0000E+00     0.1897E+03     0.3166E+03     0.6139E+01     0.9059E+01     0.3070E+01     0.0000E+00     0.2906E+01     0.5972E+01     0.1704E-01     0.0000E+00     0.4823E+01     0.3132E+00     0.1850E-02     0.8782E-01     0.7815E-02     0.0000E+00     0.4527E+03     0.0000E+00     0.4487E+03     0.1226E+03
   212     7    31  2018         1     1  april24               0.2771E+03     0.0000E+00     0.2749E+03     0.4365E+03     0.5272E+01     0.8954E+01     0.2636E+01     0.0000E+00     0.2539E+01     0.6311E+01     0.7428E-02     0.0000E+00     0.4823E+01     0.3132E+00     0.1850E-02     0.6012E-01     0.3399E-02     0.0000E+00     0.5428E+03     0.0000E+00     0.5358E+03     0.1959E+03
   243     8    31  2018         1     1  april24               0.3549E+03     0.0000E+00     0.3552E+03     0.5505E+03     0.6629E+01     0.1268E+02     0.3314E+01     0.0000E+00     0.3168E+01     0.9362E+01     0.2228E-02     0.0000E+00     0.4823E+01     0.3132E+00     0.1850E-02     0.7985E-01     0.2907E-02     0.0000E+00     0.6684E+03     0.0000E+00     0.6691E+03     0.2037E+03
   273     9    30  2018         1     1  april24               0.2070E+03     0.0000E+00     0.2118E+03     0.3206E+03     0.9982E+01     0.1651E+02     0.4991E+01     0.0000E+00     0.4720E+01     0.1152E+02     0.4462E-02     0.0000E+00     0.4823E+01     0.3132E+00     0.1850E-02     0.1335E+00     0.2217E-02     0.0000E+00     0.4142E+03     0.0000E+00     0.4189E+03     0.3142E+03
   304    10    31  2018         1     1  april24               0.6102E+02     0.0000E+00     0.6006E+02     0.1033E+03     0.2118E+01     0.2191E+01     0.1059E+01     0.0000E+00     0.1021E+01     0.1125E+01     0.7447E-02     0.0000E+00     0.4823E+01     0.3132E+00     0.1850E-02     0.2568E-01     0.2405E-02     0.0000E+00     0.1572E+03     0.0000E+00     0.1528E+03     0.1381E+03
   334    11    30  2018         1     1  april24               0.6566E+01     0.0000E+00     0.7379E+01     0.9264E+01     0.5319E-01     0.2737E-01     0.2660E-01     0.0000E+00     0.2612E-01     0.0000E+00     0.7756E-03     0.0000E+00     0.4823E+01     0.3132E+00     0.1850E-02     0.0000E+00     0.5473E-03     0.0000E+00     0.8759E+01     0.0000E+00     0.1113E+02     0.1272E+02
   365    12    31  2018         1     1  april24               0.9018E-02     0.0000E+00     0.1320E-01     0.9027E-02     0.3237E-05     0.1609E-05     0.1609E-05     0.0000E+00     0.1609E-05     0.0000E+00     0.0000E+00     0.0000E+00     0.4823E+01     0.3132E+00     0.1850E-02     0.0000E+00     0.0000E+00     0.0000E+00     0.2955E-02     0.0000E+00     0.4418E-02     0.6969E-02
    31     1    31  2019         1     1  april24               0.3859E-05     0.0000E+00     0.2751E-05     0.7536E-05     0.3929E-07     0.1052E-07     0.1052E-07     0.0000E+00     0.1052E-07     0.0000E+00     0.0000E+00     0.0000E+00     0.4823E+01     0.3132E+00     0.1850E-02     0.0000E+00     0.0000E+00     0.0000E+00     0.2607E-04     0.0000E+00     0.1049E-04     0.2839E-02
    59     2    28  2019         1     1  april24               0.8665E-05     0.0000E+00     0.7563E-05     0.1528E-04     0.3865E-07     0.1019E-07     0.1019E-07     0.0000E+00     0.1019E-07     0.0000E+00     0.0000E+00     0.0000E+00     0.4823E+01     0.3132E+00     0.1850E-02     0.0000E+00     0.0000E+00     0.0000E+00     0.3742E-04     0.0000E+00     0.2210E-04     0.2704E-06
    90     3    31  2019         1     1  april24               0.8958E-05     0.0000E+00     0.7628E-05     0.1607E-04     0.3865E-07     0.1019E-07     0.1019E-07     0.0000E+00     0.1019E-07     0.0000E+00     0.0000E+00     0.0000E+00     0.4823E+01     0.3132E+00     0.1850E-02     0.0000E+00     0.0000E+00     0.0000E+00     0.3811E-04     0.0000E+00     0.2029E-04     0.2981E-06
   120     4    30  2019         1     1  april24               0.1708E+01     0.0000E+00     0.1543E+01     0.3600E+01     0.4700E-02     0.3359E-02     0.2340E-02     0.0000E+00     0.2154E-02     0.8131E-03     0.2062E-03     0.0000E+00     0.4823E+01     0.3132E+00     0.1850E-02     0.2504E-04     0.3178E-03     0.0000E+00     0.8549E+01     0.0000E+00     0.8081E+01     0.1268E+00
   151     5    31  2019         1     1  april24               0.1235E+03     0.0000E+00     0.1208E+03     0.2078E+03     0.2942E+01     0.3742E+01     0.1471E+01     0.0000E+00     0.1409E+01     0.2258E+01     0.1313E-01     0.0000E+00     0.4823E+01     0.3132E+00     0.1850E-02     0.3799E-01     0.6587E-02     0.0000E+00     0.3060E+03     0.0000E+00     0.3005E+03     0.7880E+02
   181     6    30  2019         1     1  april24               0.1785E+03     0.0000E+00     0.1753E+03     0.2969E+03     0.5593E+01     0.8120E+01     0.2796E+01     0.0000E+00     0.2649E+01     0.5307E+01     0.1645E-01     0.0000E+00     0.4823E+01     0.3132E+00     0.1850E-02     0.8140E-01     0.6731E-02     0.0000E+00     0.4351E+03     0.0000E+00     0.4294E+03     0.1113E+03
   212     7    31  2019         1     1  april24               0.2797E+03     0.0000E+00     0.2771E+03     0.4422E+03     0.5461E+01     0.9395E+01     0.2730E+01     0.0000E+00     0.2629E+01     0.6657E+01     0.7037E-02     0.0000E+00     0.4823E+01     0.3132E+00     0.1850E-02     0.6370E-01     0.3105E-02     0.0000E+00     0.5563E+03     0.0000E+00     0.5488E+03     0.1937E+03
   243     8    31  2019         1     1  april24               0.3607E+03     0.0000E+00     0.3611E+03     0.5605E+03     0.7030E+01     0.1355E+02     0.3515E+01     0.0000E+00     0.3357E+01     0.1003E+02     0.2084E-02     0.0000E+00     0.4823E+01     0.3132E+00     0.1850E-02     0.8524E-01     0.2297E-02     0.0000E+00     0.6847E+03     0.0000E+00     0.6856E+03     0.2146E+03
   273     9    30  2019         1     1  april24               0.2034E+03     0.0000E+00     0.2083E+03     0.3140E+03     0.9339E+01     0.1540E+02     0.4670E+01     0.0000E+00     0.4410E+01     0.1073E+02     0.4471E-02     0.0000E+00     0.4823E+01     0.3132E+00     0.1850E-02     0.1252E+00     0.1548E-02     0.0000E+00     0.4025E+03     0.0000E+00     0.4075E+03     0.2960E+03
   304    10    31  2019         1     1  april24               0.1840E+02     0.0000E+00     0.1772E+02     0.3305E+02     0.3703E+00     0.3735E+00     0.1851E+00     0.0000E+00     0.1788E+00     0.1866E+00     0.1796E-02     0.0000E+00     0.4823E+01     0.3132E+00     0.1850E-02     0.5145E-02     0.8621E-03     0.0000E+00     0.5454E+02     0.0000E+00     0.5268E+02     0.7958E+02
   334    11    30  2019         1     1  april24               0.1485E+01     0.0000E+00     0.1964E+01     0.1687E+01     0.3930E-02     0.1981E-02     0.1965E-02     0.0000E+00     0.1949E-02     0.0000E+00     0.1594E-04     0.0000E+00     0.4823E+01     0.3132E+00     0.1850E-02     0.0000E+00     0.5893E-05     0.0000E+00     0.1018E+01     0.0000E+00     0.1612E+01     0.3543E+01
   365    12    31  2019         1     1  april24               0.1367E+01     0.0000E+00     0.1227E+01     0.2899E+01     0.1939E-02     0.1111E-02     0.9650E-03     0.0000E+00     0.8590E-03     0.0000E+00     0.1460E-03     0.0000E+00     0.4823E+01     0.3132E+00     0.1850E-02     0.0000E+00     0.2705E-03     0.0000E+00     0.6758E+01     0.0000E+00     0.6374E+01     0.3257E-01
    31     1    31  2020         1     1  april24               0.6544E+02     0.0000E+00     0.6303E+02     0.1121E+03     0.2252E+01     0.2842E+01     0.1126E+01     0.0000E+00     0.1085E+01     0.1711E+01     0.5177E-02     0.0000E+00     0.4823E+01     0.3132E+00     0.1850E-02     0.3013E-01     0.1616E-02     0.0000E+00     0.1633E+03     0.0000E+00     0.1586E+03     0.6460E+02
    60     2    29  2020         1     1  april24               0.4143E+01     0.0000E+00     0.5584E+01     0.4508E+01     0.7823E-01     0.3970E-01     0.3911E-01     0.0000E+00     0.3881E-01     0.0000E+00     0.5859E-03     0.0000E+00     0.4823E+01     0.3132E+00     0.1850E-02     0.0000E+00     0.1207E-03     0.0000E+00     0.2522E+01     0.0000E+00     0.3890E+01     0.2245E+02
    91     3    31  2020         1     1  april24               0.1690E+01     0.0000E+00     0.1550E+01     0.3485E+01     0.3848E-02     0.2515E-02     0.1916E-02     0.0000E+00     0.1769E-02     0.4544E-03     0.1448E-03     0.0000E+00     0.4823E+01     0.3132E+00     0.1850E-02     0.1400E-04     0.2219E-03     0.0000E+00     0.7879E+01     0.0000E+00     0.7464E+01     0.1194E+00
   121     4    30  2020         1     1  april24               0.1845E+01     0.0000E+00     0.1664E+01     0.3873E+01     0.5678E-02     0.4378E-02     0.2828E-02     0.0000E+00     0.2642E-02     0.1346E-02     0.2039E-03     0.0000E+00     0.4823E+01     0.3132E+00     0.1850E-02     0.4146E-04     0.2927E-03     0.0000E+00     0.9138E+01     0.0000E+00     0.8641E+01     0.1899E+00
   152     5    31  2020         1     1  april24               0.1468E+03     0.0000E+00     0.1440E+03     0.2468E+03     0.4467E+01     0.5616E+01     0.2234E+01     0.0000E+00     0.2142E+01     0.3371E+01     0.1215E-01     0.0000E+00     0.4823E+01     0.3132E+00     0.1850E-02     0.5724E-01     0.5843E-02     0.0000E+00     0.3670E+03     0.0000E+00     0.3614E+03     0.1200E+03
   182     6    30  2020         1     1  april24               0.1950E+03     0.0000E+00     0.1913E+03     0.3254E+03     0.6185E+01     0.9144E+01     0.3092E+01     0.0000E+00     0.2922E+01     0.6035E+01     0.1585E-01     0.0000E+00     0.4823E+01     0.3132E+00     0.1850E-02     0.8950E-01     0.6365E-02     0.0000E+00     0.4780E+03     0.0000E+00     0.4716E+03     0.1199E+03
   213     7    31  2020         1     1  april24               0.2836E+03     0.0000E+00     0.2819E+03     0.4457E+03     0.5454E+01     0.9335E+01     0.2727E+01     0.0000E+00     0.2626E+01     0.6601E+01     0.6925E-02     0.0000E+00     0.4823E+01     0.3132E+00     0.1850E-02     0.6262E-01     0.1972E-02     0.0000E+00     0.5537E+03     0.0000E+00     0.5477E+03     0.1999E+03
   244     8    31  2020         1     1  april24               0.3591E+03     0.0000E+00     0.3595E+03     0.5575E+03     0.6908E+01     0.1329E+02     0.3454E+01     0.0000E+00     0.3299E+01     0.9835E+01     0.1762E-02     0.0000E+00     0.4823E+01     0.3132E+00     0.1850E-02     0.8348E-01     0.1062E-02     0.0000E+00     0.6790E+03     0.0000E+00     0.6799E+03     0.2120E+03
   274     9    30  2020         1     1  april24               0.2037E+03     0.0000E+00     0.2085E+03     0.3151E+03     0.9546E+01     0.1580E+02     0.4773E+01     0.0000E+00     0.4516E+01     0.1102E+02     0.4436E-02     0.0000E+00     0.4823E+01     0.3132E+00     0.1850E-02     0.1286E+00     0.1555E-02     0.0000E+00     0.4070E+03     0.0000E+00     0.4117E+03     0.2984E+03
   305    10    31  2020         1     1  april24               0.8326E+00     0.0000E+00     0.1095E+01     0.9631E+00     0.4740E-01     0.2370E-01     0.2370E-01     0.0000E+00     0.2369E-01     0.0000E+00     0.5386E-05     0.0000E+00     0.4823E+01     0.3132E+00     0.1850E-02     0.0000E+00     0.3117E-05     0.0000E+00     0.6026E+00     0.0000E+00     0.9101E+00     0.7697E+02
   335    11    30  2020         1     1  april24               0.2510E+02     0.0000E+00     0.2445E+02     0.4339E+02     0.8904E-01     0.1016E+00     0.4452E-01     0.0000E+00     0.4312E-01     0.5287E-01     0.4238E-02     0.0000E+00     0.4823E+01     0.3132E+00     0.1850E-02     0.1494E-02     0.1717E-02     0.0000E+00     0.6779E+02     0.0000E+00     0.6569E+02     0.3779E+01
   366    12    31  2020         1     1  april24               0.6990E-01     0.0000E+00     0.9447E-01     0.7482E-01     0.3187E-04     0.1612E-04     0.1593E-04     0.0000E+00     0.1587E-04     0.0000E+00     0.1909E-06     0.0000E+00     0.4823E+01     0.3132E+00     0.1850E-02     0.0000E+00     0.1031E-06     0.0000E+00     0.4068E-01     0.0000E+00     0.6425E-01     0.2622E-01
    31     1    31  2021         1     1  april24               0.4081E+01     0.0000E+00     0.3824E+01     0.7451E+01     0.1431E-02     0.1639E-02     0.7154E-03     0.0000E+00     0.6079E-03     0.4467E-03     0.4764E-03     0.0000E+00     0.4823E+01     0.3132E+00     0.1850E-02     0.1376E-04     0.6021E-03     0.0000E+00     0.1256E+02     0.0000E+00     0.1186E+02     0.6751E-01
    59     2    28  2021         1     1  april24               0.4274E-05     0.0000E+00     0.2266E-05     0.9728E-05     0.3874E-07     0.9943E-08     0.9943E-08     0.0000E+00     0.9943E-08     0.0000E+00     0.0000E+00     0.0000E+00     0.4823E+01     0.3132E+00     0.1850E-02     0.0000E+00     0.0000E+00     0.0000E+00     0.4771E-04     0.0000E+00     0.1259E-04     0.1682E-04
    90     3    31  2021         1     1  april24               0.6353E-05     0.0000E+00     0.4030E-05     0.1378E-04     0.3873E-07     0.1039E-07     0.1039E-07     0.0000E+00     0.1039E-07     0.0000E+00     0.0000E+00     0.0000E+00     0.4823E+01     0.3132E+00     0.1850E-02     0.0000E+00     0.0000E+00     0.0000E+00     0.5189E-04     0.0000E+00     0.1468E-04     0.5347E-05
   120     4    30  2021         1     1  april24               0.2765E+01     0.0000E+00     0.2226E+01     0.6363E+01     0.3873E-02     0.3106E-02     0.1935E-02     0.0000E+00     0.1764E-02     0.7427E-03     0.4282E-03     0.0000E+00     0.4823E+01     0.3132E+00     0.1850E-02     0.2288E-04     0.6063E-03     0.0000E+00     0.1575E+02     0.0000E+00     0.1437E+02     0.4103E-01
   151     5    31  2021         1     1  april24               0.1306E+03     0.0000E+00     0.1282E+03     0.2187E+03     0.3347E+01     0.4413E+01     0.1673E+01     0.0000E+00     0.1599E+01     0.2727E+01     0.1321E-01     0.0000E+00     0.4823E+01     0.3132E+00     0.1850E-02     0.4300E-01     0.5995E-02     0.0000E+00     0.3187E+03     0.0000E+00     0.3135E+03     0.8723E+02
   181     6    30  2021         1     1  april24               0.1921E+03     0.0000E+00     0.1887E+03     0.3213E+03     0.6378E+01     0.9405E+01     0.3189E+01     0.0000E+00     0.3016E+01     0.6201E+01     0.1551E-01     0.0000E+00     0.4823E+01     0.3132E+00     0.1850E-02     0.9313E-01     0.5871E-02     0.0000E+00     0.4775E+03     0.0000E+00     0.4716E+03     0.1267E+03
   212     7    31  2021         1     1  april24               0.2771E+03     0.0000E+00     0.2748E+03     0.4368E+03     0.5283E+01     0.8976E+01     0.2641E+01     0.0000E+00     0.2546E+01     0.6327E+01     0.7090E-02     0.0000E+00     0.4823E+01     0.3132E+00     0.1850E-02     0.6050E-01     0.1892E-02     0.0000E+00     0.5439E+03     0.0000E+00     0.5366E+03     0.1960E+03
   243     8    31  2021         1     1  april24               0.3639E+03     0.0000E+00     0.3641E+03     0.5663E+03     0.7255E+01     0.1403E+02     0.3628E+01     0.0000E+00     0.3465E+01     0.1040E+02     0.1707E-02     0.0000E+00     0.4823E+01     0.3132E+00     0.1850E-02     0.8854E-01     0.9974E-03     0.0000E+00     0.6953E+03     0.0000E+00     0.6957E+03     0.2195E+03
   273     9    30  2021         1     1  april24               0.2066E+03     0.0000E+00     0.2114E+03     0.3194E+03     0.9564E+01     0.1586E+02     0.4782E+01     0.0000E+00     0.4519E+01     0.1107E+02     0.4784E-02     0.0000E+00     0.4823E+01     0.3132E+00     0.1850E-02     0.1279E+00     0.1551E-02     0.0000E+00     0.4117E+03     0.0000E+00     0.4171E+03     0.2827E+03
   304    10    31  2021         1     1  april24               0.5869E-05     0.0000E+00     0.3485E-05     0.1011E-04     0.5964E-07     0.2013E-07     0.2013E-07     0.0000E+00     0.2013E-07     0.0000E+00     0.0000E+00     0.0000E+00     0.4823E+01     0.3132E+00     0.1850E-02     0.0000E+00     0.0000E+00     0.0000E+00     0.4884E-04     0.0000E+00     0.7371E-05     0.2366E-01
   334    11    30  2021         1     1  april24               0.9370E+01     0.0000E+00     0.8608E+01     0.1796E+02     0.6600E-01     0.7162E-01     0.3299E-01     0.0000E+00     0.3208E-01     0.3741E-01     0.1216E-02     0.0000E+00     0.4823E+01     0.3132E+00     0.1850E-02     0.1069E-02     0.7855E-03     0.0000E+00     0.3292E+02     0.0000E+00     0.3129E+02     0.2689E+01
   365    12    31  2021         1     1  april24               0.7875E+00     0.0000E+00     0.1035E+01     0.8565E+00     0.6981E-03     0.3590E-03     0.3490E-03     0.0000E+00     0.3391E-03     0.0000E+00     0.9955E-05     0.0000E+00     0.4823E+01     0.3132E+00     0.1850E-02     0.0000E+00     0.2593E-05     0.0000E+00     0.4268E+00     0.0000E+00     0.6523E+00     0.5984E+00
    31     1    31  2022         1     1  april24               0.5971E-05     0.0000E+00     0.4987E-05     0.9426E-05     0.3966E-07     0.9744E-08     0.9744E-08     0.0000E+00     0.9744E-08     0.0000E+00     0.0000E+00     0.0000E+00     0.4823E+01     0.3132E+00     0.1850E-02     0.0000E+00     0.0000E+00     0.0000E+00     0.4480E-04     0.0000E+00     0.7681E-05     0.1679E-02
    59     2    28  2022         1     1  april24               0.5095E-05     0.0000E+00     0.3408E-05     0.8083E-05     0.3906E-07     0.9655E-08     0.9655E-08     0.0000E+00     0.9655E-08     0.0000E+00     0.0000E+00     0.0000E+00     0.4823E+01     0.3132E+00     0.1850E-02     0.0000E+00     0.0000E+00     0.0000E+00     0.4344E-04     0.0000E+00     0.6446E-05     0.6705E-03
    90     3    31  2022         1     1  april24               0.5121E-04     0.0000E+00     0.5149E-04     0.7139E-04     0.4461E-07     0.1310E-07     0.1310E-07     0.0000E+00     0.1310E-07     0.0000E+00     0.0000E+00     0.0000E+00     0.4823E+01     0.3132E+00     0.1850E-02     0.0000E+00     0.0000E+00     0.0000E+00     0.1395E-03     0.0000E+00     0.1920E-03     0.6679E-03
   120     4    30  2022         1     1  april24               0.1666E+02     0.0000E+00     0.1591E+02     0.3096E+02     0.1333E+00     0.1414E+00     0.6662E-01     0.0000E+00     0.6511E-01     0.7289E-01     0.1929E-02     0.0000E+00     0.4823E+01     0.3132E+00     0.1850E-02     0.2061E-02     0.1178E-02     0.0000E+00     0.5779E+02     0.0000E+00     0.5560E+02     0.5435E+01
   151     5    31  2022         1     1  april24               0.1225E+03     0.0000E+00     0.1203E+03     0.2045E+03     0.3028E+01     0.3998E+01     0.1514E+01     0.0000E+00     0.1448E+01     0.2471E+01     0.1290E-01     0.0000E+00     0.4823E+01     0.3132E+00     0.1850E-02     0.3901E-01     0.5937E-02     0.0000E+00     0.2932E+03     0.0000E+00     0.2883E+03     0.8124E+02
   181     6    30  2022         1     1  april24               0.1882E+03     0.0000E+00     0.1838E+03     0.3166E+03     0.8586E+01     0.1296E+02     0.4293E+01     0.0000E+00     0.4047E+01     0.8649E+01     0.1635E-01     0.0000E+00     0.4823E+01     0.3132E+00     0.1850E-02     0.1238E+00     0.6592E-02     0.0000E+00     0.4678E+03     0.0000E+00     0.4602E+03     0.1500E+03
   212     7    31  2022         1     1  april24               0.3067E+03     0.0000E+00     0.3058E+03     0.4823E+03     0.6798E+01     0.1146E+02     0.3399E+01     0.0000E+00     0.3258E+01     0.8059E+01     0.6137E-02     0.0000E+00     0.4823E+01     0.3132E+00     0.1850E-02     0.7819E-01     0.1882E-02     0.0000E+00     0.6101E+03     0.0000E+00     0.6049E+03     0.2524E+03
   243     8    31  2022         1     1  april24               0.3385E+03     0.0000E+00     0.3391E+03     0.5212E+03     0.5535E+01     0.1026E+02     0.2767E+01     0.0000E+00     0.2638E+01     0.7495E+01     0.2135E-02     0.0000E+00     0.4823E+01     0.3132E+00     0.1850E-02     0.6368E-01     0.1023E-02     0.0000E+00     0.6168E+03     0.0000E+00     0.6182E+03     0.1808E+03
   273     9    30  2022         1     1  april24               0.2120E+03     0.0000E+00     0.2168E+03     0.3281E+03     0.9587E+01     0.1600E+02     0.4794E+01     0.0000E+00     0.4524E+01     0.1121E+02     0.4325E-02     0.0000E+00     0.4823E+01     0.3132E+00     0.1850E-02     0.1276E+00     0.1418E-02     0.0000E+00     0.4221E+03     0.0000E+00     0.4274E+03     0.2944E+03
   304    10    31  2022         1     1  april24               0.1059E+01     0.0000E+00     0.1387E+01     0.1253E+01     0.6065E-01     0.3033E-01     0.3033E-01     0.0000E+00     0.3032E-01     0.0000E+00     0.7175E-05     0.0000E+00     0.4823E+01     0.3132E+00     0.1850E-02     0.0000E+00     0.4361E-05     0.0000E+00     0.8175E+00     0.0000E+00     0.1216E+01     0.1002E+03
   334    11    30  2022         1     1  april24               0.2120E+01     0.0000E+00     0.1985E+01     0.4259E+01     0.2640E-02     0.3387E-02     0.1320E-02     0.0000E+00     0.1282E-02     0.1879E-02     0.1874E-03     0.0000E+00     0.4823E+01     0.3132E+00     0.1850E-02     0.5788E-04     0.2256E-03     0.0000E+00     0.9654E+01     0.0000E+00     0.9188E+01     0.1519E+00
   365    12    31  2022         1     1  april24               0.2055E+01     0.0000E+00     0.1921E+01     0.4129E+01     0.2180E-02     0.2800E-02     0.1090E-02     0.0000E+00     0.1052E-02     0.1529E-02     0.1812E-03     0.0000E+00     0.4823E+01     0.3132E+00     0.1850E-02     0.4708E-04     0.2199E-03     0.0000E+00     0.9076E+01     0.0000E+00     0.8642E+01     0.1281E+00
