 april24                   SWAT+ Apr 12 2023       MODULAR Rev 2023.60.5.6                                
   jday   mon   day    yr   unit  gis_id  name                 sedyld     sedorgn     sedorgp     surqno3     lat3no3    surqsolp        usle     sedminp     tileno3     lchlabp    tilelabp      satexn
                                                                  tha        kgha        kgha        kgha        kgha        kgha        tons        kgha        kgha        kgha        kgha        kgha
   366    12    31  2016       1       1  april24                0.001       0.000       0.000      13.287       0.000       1.326       0.000       0.000       0.000       0.002       0.000       0.000
   365    12    31  2017       1       1  april24                0.001       0.000       0.000      18.512       0.000       1.346       0.000       0.000       0.000       0.005       0.000       0.000
   365    12    31  2018       1       1  april24                0.001       0.000       0.000      18.921       0.000       1.401       0.000       0.000       0.000       0.008       0.000       0.000
   365    12    31  2019       1       1  april24                0.001       0.000       0.000      19.547       0.000       1.321       0.000       0.000       0.000       0.012       0.000       0.000
   366    12    31  2020       1       1  april24                0.001       0.000       0.000      23.982       0.000       1.448       0.000       0.000       0.000       0.015       0.000       0.000
   365    12    31  2021       1       1  april24                0.001       0.000       0.000      18.627       0.000       1.314       0.000       0.000       0.000       0.017       0.000       0.000
   365    12    31  2022       1       1  april24                0.001       0.000       0.000      18.683       0.000       1.290       0.000       0.000       0.000       0.015       0.000       0.000
