 prueba                    SWAT+ Apr 12 2023       MODULAR Rev 2023.60.5.6                                
   jday   mon   day    yr   unit  gis_id  name                       flo          dep_wt            stor          rchrg           seep          revap         no3_st           minp           orgn           orgp       no3_rchg       no3_loss        no3_lat       no3_seep        flo_cha        flo_res         flo_ls
                                                                       mm              m              mm             mm             mm             mm        kg/ha_N        kg/ha_P        kg/ha_N        kg/ha_P        kg/ha_N        kg/ha_N        kg/ha_N        kg/ha_N             mm             mm             mm
   365    12    31  2022       1      10  aqu010                    0.000          4.628        266.600          1.494          0.075         12.203          0.338          0.000          0.500          0.000          2.874          2.869          0.000          0.000          0.000          0.000          0.000
   365    12    31  2022       2      20  aqu020                    0.000          4.636        266.213          0.000          0.000         10.784          0.000          0.000          0.500          0.000          0.000          0.000          0.000          0.000          0.000          0.000          0.000
   365    12    31  2022       3      30  aqu030                    0.000          4.628        266.600          1.494          0.075         12.203          0.338          0.000          0.500          0.000          2.874          2.869          0.000          0.000          0.000          0.000          0.000
   365    12    31  2022       4      40  aqu040                    0.000          4.636        266.213          0.000          0.000         10.784          0.000          0.000          0.500          0.000          0.000          0.000          0.000          0.000          0.000          0.000          0.000
   365    12    31  2022       5      50  aqu050                    0.000          4.628        266.600          1.494          0.075         12.203          0.338          0.000          0.500          0.000          2.874          2.869          0.000          0.000          0.000          0.000          0.000
   365    12    31  2022       6      60  aqu060                    0.000          4.636        266.206          0.002          0.000         10.802          0.001          0.000          0.500          0.000          0.005          0.005          0.000          0.000          0.000          0.000          0.000
   365    12    31  2022       7      70  aqu070                    0.000          4.636        266.213          0.000          0.000         10.784          0.000          0.000          0.500          0.000          0.000          0.000          0.000          0.000          0.000          0.000          0.000
   365    12    31  2022       8      80  aqu080                    0.000          4.628        266.600          1.494          0.075         12.203          0.338          0.000          0.500          0.000          2.874          2.869          0.000          0.000          0.000          0.000          0.000
   365    12    31  2022       9      90  aqu090                    0.000          4.628        266.600          1.494          0.075         12.203          0.338          0.000          0.500          0.000          2.874          2.869          0.000          0.000          0.000          0.000          0.000
   365    12    31  2022      10     100  aqu100                    0.000          4.628        266.600          1.494          0.075         12.203          0.338          0.000          0.500          0.000          2.874          2.869          0.000          0.000          0.000          0.000          0.000
   365    12    31  2022      11     110  aqu110                    0.000          4.628        266.600          1.494          0.075         12.203          0.338          0.000          0.500          0.000          2.874          2.869          0.000          0.000          0.000          0.000          0.000
   365    12    31  2022      12     120  aqu120                    0.000          4.636        266.213          0.000          0.000         10.784          0.000          0.000          0.500          0.000          0.000          0.000          0.000          0.000          0.000          0.000          0.000
   365    12    31  2022      13     130  aqu130                    0.000          4.628        266.600          1.494          0.075         12.203          0.338          0.000          0.500          0.000          2.874          2.869          0.000          0.000          0.000          0.000          0.000
   365    12    31  2022      14     140  aqu140                    0.000          4.636        266.213          0.000          0.000         10.784          0.000          0.000          0.500          0.000          0.000          0.000          0.000          0.000          0.000          0.000          0.000
   365    12    31  2022      15     150  aqu150                    0.000          4.628        266.600          1.494          0.075         12.203          0.338          0.000          0.500          0.000          2.874          2.869          0.000          0.000          0.000          0.000          0.000
   365    12    31  2022      16     160  aqu160                    0.000          4.636        266.213          0.000          0.000         10.784          0.000          0.000          0.500          0.000          0.000          0.000          0.000          0.000          0.000          0.000          0.000
   365    12    31  2022      17     170  aqu170                    0.000          4.628        266.600          1.494          0.075         12.203          0.338          0.000          0.500          0.000          2.874          2.869          0.000          0.000          0.000          0.000          0.000
   365    12    31  2022      18     180  aqu180                    0.000          4.637        266.185          0.012          0.001         10.810          0.003          0.000          0.500          0.000          0.030          0.030          0.000          0.000          0.000          0.000          0.000
   365    12    31  2022      19     190  aqu190                    0.000          4.628        266.600          1.494          0.075         12.203          0.338          0.000          0.500          0.000          2.874          2.869          0.000          0.000          0.000          0.000          0.000
   365    12    31  2022      20     200  aqu200                    0.000          4.628        266.595          1.494          0.075         12.216          0.338          0.000          0.500          0.000          2.874          2.869          0.000          0.000          0.000          0.000          0.000
   365    12    31  2022      21     210  aqu210                    0.000          4.636        266.213          0.000          0.000         10.784          0.000          0.000          0.500          0.000          0.000          0.000          0.000          0.000          0.000          0.000          0.000
   365    12    31  2022      22     220  aqu220                    0.000          4.628        266.600          1.494          0.075         12.203          0.338          0.000          0.500          0.000          2.874          2.869          0.000          0.000          0.000          0.000          0.000
   365    12    31  2022      23     230  aqu230                    0.000          4.628        266.600          1.494          0.075         12.203          0.338          0.000          0.500          0.000          2.874          2.869          0.000          0.000          0.000          0.000          0.000
   365    12    31  2022      24     240  aqu240                    0.000          4.635        266.288          0.168          0.008         10.958          0.036          0.000          0.500          0.000          0.312          0.310          0.000          0.000          0.000          0.000          0.000
   365    12    31  2022      25     250  aqu250                    0.000          4.637        266.193          0.053          0.003         10.849          0.014          0.000          0.500          0.000          0.119          0.118          0.000          0.000          0.000          0.000          0.000
   365    12    31  2022      26     260  aqu260                    0.000          4.628        266.600          1.494          0.075         12.203          0.338          0.000          0.500          0.000          2.874          2.869          0.000          0.000          0.000          0.000          0.000
   365    12    31  2022      27     270  aqu270                    0.000          4.628        266.600          1.494          0.075         12.203          0.338          0.000          0.500          0.000          2.874          2.869          0.000          0.000          0.000          0.000          0.000
   365    12    31  2022      28     280  aqu280                    0.000          4.636        266.213          0.000          0.000         10.784          0.000          0.000          0.500          0.000          0.000          0.000          0.000          0.000          0.000          0.000          0.000
   365    12    31  2022      29     290  aqu290                    0.000          4.632        266.415          1.144          0.057         11.889          0.038          0.000          0.500          0.000          0.323          0.322          0.000          0.000          0.000          0.000          0.000
   365    12    31  2022      30     300  aqu300                    0.000          4.628        266.600          1.494          0.075         12.203          0.338          0.000          0.500          0.000          2.874          2.869          0.000          0.000          0.000          0.000          0.000
   365    12    31  2022      31     310  aqu310                    0.000          4.636        266.225          0.094          0.005         10.892          0.019          0.000          0.500          0.000          0.166          0.165          0.000          0.000          0.000          0.000          0.000
   365    12    31  2022      32     320  aqu320                    0.000          4.628        266.600          1.494          0.075         12.203          0.338          0.000          0.500          0.000          2.874          2.869          0.000          0.000          0.000          0.000          0.000
   365    12    31  2022      33     330  aqu330                    0.000          4.628        266.600          1.494          0.075         12.203          0.338          0.000          0.500          0.000          2.874          2.869          0.000          0.000          0.000          0.000          0.000
   365    12    31  2022      34     340  aqu340                    0.000          4.628        266.595          1.494          0.075         12.216          0.338          0.000          0.500          0.000          2.874          2.869          0.000          0.000          0.000          0.000          0.000
   365    12    31  2022      35     350  aqu350                    0.000          4.628        266.600          1.494          0.075         12.203          0.338          0.000          0.500          0.000          2.874          2.869          0.000          0.000          0.000          0.000          0.000
   365    12    31  2022      36     360  aqu360                    0.000          4.636        266.213          0.000          0.000         10.784          0.000          0.000          0.500          0.000          0.000          0.000          0.000          0.000          0.000          0.000          0.000
   365    12    31  2022      37     370  aqu370                    0.000          4.628        266.595          1.494          0.075         12.216          0.338          0.000          0.500          0.000          2.874          2.868          0.000          0.000          0.000          0.000          0.000
   365    12    31  2022      38     380  aqu380                    0.000          4.629        266.562          2.598          0.130         13.273          0.039          0.000          0.500          0.000          0.339          0.337          0.000          0.000          0.000          0.000          0.000
   365    12    31  2022      39     390  aqu390                    0.000          4.628        266.600          1.494          0.075         12.203          0.338          0.000          0.500          0.000          2.874          2.869          0.000          0.000          0.000          0.000          0.000
   365    12    31  2022      40     400  aqu400                    0.000          4.622        266.926          4.119          0.206         14.721          0.053          0.000          0.500          0.000          0.460          0.457          0.000          0.000          0.000          0.000          0.000
   365    12    31  2022      41     410  aqu410                    0.000          4.636        266.210          0.029          0.001         10.817          0.007          0.000          0.500          0.000          0.064          0.064          0.000          0.000          0.000          0.000          0.000
   365    12    31  2022      42     420  aqu420                    0.000          4.628        266.595          1.494          0.075         12.216          0.338          0.000          0.500          0.000          2.873          2.868          0.000          0.000          0.000          0.000          0.000
   365    12    31  2022      43     430  aqu430                    0.000          4.628        266.595          1.494          0.075         12.216          0.338          0.000          0.500          0.000          2.873          2.868          0.000          0.000          0.000          0.000          0.000
   365    12    31  2022      44     440  aqu440                    0.000          4.636        266.213          0.000          0.000         10.784          0.000          0.000          0.500          0.000          0.000          0.000          0.000          0.000          0.000          0.000          0.000
   365    12    31  2022      45     450  aqu450                    0.000          4.628        266.600          1.494          0.075         12.203          0.338          0.000          0.500          0.000          2.874          2.869          0.000          0.000          0.000          0.000          0.000
   365    12    31  2022      46     460  aqu460                    0.000          4.636        266.213          0.000          0.000         10.784          0.000          0.000          0.500          0.000          0.000          0.000          0.000          0.000          0.000          0.000          0.000
   365    12    31  2022      47     470  aqu470                    0.000          4.628        266.600          1.494          0.075         12.203          0.338          0.000          0.500          0.000          2.874          2.869          0.000          0.000          0.000          0.000          0.000
   365    12    31  2022      48     480  aqu480                    0.000          4.636        266.213          0.000          0.000         10.784          0.000          0.000          0.500          0.000          0.000          0.000          0.000          0.000          0.000          0.000          0.000
   365    12    31  2022      49     490  aqu490                    0.000          4.628        266.600          1.494          0.075         12.203          0.338          0.000          0.500          0.000          2.874          2.869          0.000          0.000          0.000          0.000          0.000
   365    12    31  2022      50     500  aqu500                    0.000          4.636        266.213          0.000          0.000         10.784          0.000          0.000          0.500          0.000          0.000          0.000          0.000          0.000          0.000          0.000          0.000
   365    12    31  2022      51     510  aqu510                    0.000          4.628        266.600          1.494          0.075         12.203          0.338          0.000          0.500          0.000          2.874          2.869          0.000          0.000          0.000          0.000          0.000
   365    12    31  2022      52     520  aqu520                    0.000          4.636        266.213          0.000          0.000         10.784          0.000          0.000          0.500          0.000          0.000          0.000          0.000          0.000          0.000          0.000          0.000
   365    12    31  2022      53     530  aqu530                    0.000          4.628        266.600          1.494          0.075         12.203          0.338          0.000          0.500          0.000          2.874          2.869          0.000          0.000          0.000          0.000          0.000
   365    12    31  2022      54     540  aqu540                    0.000          4.628        266.595          1.494          0.075         12.216          0.338          0.000          0.500          0.000          2.873          2.868          0.000          0.000          0.000          0.000          0.000
   365    12    31  2022      55     550  aqu550                    0.000          4.636        266.213          0.000          0.000         10.784          0.000          0.000          0.500          0.000          0.000          0.000          0.000          0.000          0.000          0.000          0.000
   365    12    31  2022      56     560  aqu560                    0.000          4.628        266.595          1.494          0.075         12.216          0.338          0.000          0.500          0.000          2.873          2.868          0.000          0.000          0.000          0.000          0.000
   365    12    31  2022      57     570  aqu570                    0.000          4.628        266.595          1.494          0.075         12.216          0.338          0.000          0.500          0.000          2.874          2.868          0.000          0.000          0.000          0.000          0.000
   365    12    31  2022      58     580  aqu580                    0.000          4.636        266.213          0.000          0.000         10.784          0.000          0.000          0.500          0.000          0.000          0.000          0.000          0.000          0.000          0.000          0.000
   365    12    31  2022      59     590  aqu590                    0.000          4.628        266.600          1.494          0.075         12.203          0.338          0.000          0.500          0.000          2.874          2.869          0.000          0.000          0.000          0.000          0.000
   365    12    31  2022      60     600  aqu600                    0.000          4.636        266.213          0.000          0.000         10.784          0.000          0.000          0.500          0.000          0.000          0.000          0.000          0.000          0.000          0.000          0.000
   365    12    31  2022      61     610  aqu610                    0.000          4.628        266.600          1.494          0.075         12.203          0.338          0.000          0.500          0.000          2.874          2.869          0.000          0.000          0.000          0.000          0.000
   365    12    31  2022      62     620  aqu620                    0.000          4.636        266.213          0.000          0.000         10.784          0.000          0.000          0.500          0.000          0.000          0.000          0.000          0.000          0.000          0.000          0.000
   365    12    31  2022      63     630  aqu630                    0.000          4.628        266.600          1.494          0.075         12.203          0.338          0.000          0.500          0.000          2.874          2.869          0.000          0.000          0.000          0.000          0.000
   365    12    31  2022      64     640  aqu640                    0.000          4.636        266.213          0.000          0.000         10.784          0.000          0.000          0.500          0.000          0.000          0.000          0.000          0.000          0.000          0.000          0.000
   365    12    31  2022      65     650  aqu650                    0.000          4.636        266.213          0.000          0.000         10.784          0.000          0.000          0.500          0.000          0.000          0.000          0.000          0.000          0.000          0.000          0.000
   365    12    31  2022      66     660  aqu660                    0.000          4.628        266.603          1.494          0.075         12.205          0.338          0.000          0.500          0.000          2.873          2.868          0.000          0.000          0.000          0.000          0.000
   365    12    31  2022      67     670  aqu670                    0.000          4.628        266.600          1.494          0.075         12.203          0.338          0.000          0.500          0.000          2.874          2.869          0.000          0.000          0.000          0.000          0.000
   365    12    31  2022      68     680  aqu680                    0.000          4.636        266.213          0.000          0.000         10.784          0.000          0.000          0.500          0.000          0.000          0.000          0.000          0.000          0.000          0.000          0.000
   365    12    31  2022      69     690  aqu690                    0.000          4.636        266.213          0.000          0.000         10.784          0.000          0.000          0.500          0.000          0.000          0.000          0.000          0.000          0.000          0.000          0.000
   365    12    31  2022      70     700  aqu700                    0.000          4.628        266.600          1.494          0.075         12.203          0.338          0.000          0.500          0.000          2.874          2.869          0.000          0.000          0.000          0.000          0.000
   365    12    31  2022      71     710  aqu710                    0.000          4.636        266.213          0.000          0.000         10.784          0.000          0.000          0.500          0.000          0.000          0.000          0.000          0.000          0.000          0.000          0.000
   365    12    31  2022      72     720  aqu720                    0.000          4.628        266.595          1.494          0.075         12.216          0.338          0.000          0.500          0.000          2.873          2.868          0.000          0.000          0.000          0.000          0.000
   365    12    31  2022      73     730  aqu730                    0.000          4.636        266.210          0.025          0.001         10.811          0.006          0.000          0.500          0.000          0.055          0.055          0.000          0.000          0.000          0.000          0.000
   365    12    31  2022      74     740  aqu740                    0.000          4.628        266.595          1.494          0.075         12.216          0.338          0.000          0.500          0.000          2.874          2.869          0.000          0.000          0.000          0.000          0.000
   365    12    31  2022      75     770  aqu770                    0.000          4.628        266.600          1.494          0.075         12.203          0.338          0.000          0.500          0.000          2.874          2.869          0.000          0.000          0.000          0.000          0.000
   365    12    31  2022      76     780  aqu780                    0.000          4.636        266.213          0.000          0.000         10.784          0.000          0.000          0.500          0.000          0.000          0.000          0.000          0.000          0.000          0.000          0.000
   365    12    31  2022      77     790  aqu790                    0.000          4.628        266.600          1.494          0.075         12.203          0.338          0.000          0.500          0.000          2.874          2.869          0.000          0.000          0.000          0.000          0.000
   365    12    31  2022      78      63  aqu_deep063               0.000         19.922       2390.643          0.005          0.000          0.000          0.000          0.000          0.500          0.000          0.000          0.000          0.000          0.000          0.000          0.000          0.000
   365    12    31  2022      79      74  aqu_deep074               0.000         19.917       2390.803          0.079          0.000          0.000          0.000          0.000          0.500          0.000          0.000          0.000          0.000          0.000          0.000          0.000          0.000
   365    12    31  2022      80      79  aqu_deep079               0.000         19.922       2390.644          0.006          0.000          0.000          0.000          0.000          0.500          0.000          0.000          0.000          0.000          0.000          0.000          0.000          0.000
