single point
         alpha                      177.2928002462003    1.000000000000000   -100.0000000000000
           awc                      199.0000000000001    1.000000000000000   -100.0000000000000
         canmx                      17.56732442092058    1.000000000000000   -100.0000000000000
           cn2                      32.19789527614156    1.000000000000000   -100.0000000000000
       cn3_swf                      48.41844167723751    1.000000000000000   -100.0000000000000
          epco                      1.000000000000000    1.000000000000000   -100.0000000000000
          esco                      199.0000000000001    1.000000000000000   -100.0000000000000
       lat_len                      163.9814185547771    1.000000000000000   -100.0000000000000
       latq_co                      199.0000000000001    1.000000000000000   -100.0000000000000
         perco                      170.2979034130908    1.000000000000000   -100.0000000000000
         petco                      122.7862548694587    1.000000000000000   -100.0000000000000
      revap_co                      13.42093744939332    1.000000000000000   -100.0000000000000
        surlag                      32.10999966802781    1.000000000000000   -100.0000000000000
