single point
         alpha                      199.0000000000001    1.000000000000000   -100.0000000000000
           awc                      199.0000000000001    1.000000000000000   -100.0000000000000
         canmx                      130.3036027832681    1.000000000000000   -100.0000000000000
           cn2                      80.91508245277417    1.000000000000000   -100.0000000000000
       cn3_swf                      105.9264980041340    1.000000000000000   -100.0000000000000
          epco                      18.48515198883987    1.000000000000000   -100.0000000000000
          esco                      199.0000000000001    1.000000000000000   -100.0000000000000
       lat_len                      199.0000000000001    1.000000000000000   -100.0000000000000
       latq_co                      199.0000000000001    1.000000000000000   -100.0000000000000
         perco                      139.8374170162687    1.000000000000000   -100.0000000000000
         petco                      199.0000000000001    1.000000000000000   -100.0000000000000
      revap_co                      28.00914188311088    1.000000000000000   -100.0000000000000
        surlag                      63.79136864320363    1.000000000000000   -100.0000000000000
