single point
         alpha                      113.8769257895172    1.000000000000000   -100.0000000000000
           awc                      199.0000000000001    1.000000000000000   -100.0000000000000
         canmx                      199.0000000000001    1.000000000000000   -100.0000000000000
           cn2                      58.92208622734864    1.000000000000000   -100.0000000000000
       cn3_swf                      57.61126240161045    1.000000000000000   -100.0000000000000
          epco                      23.58638330172460    1.000000000000000   -100.0000000000000
          esco                      199.0000000000001    1.000000000000000   -100.0000000000000
       lat_len                      199.0000000000001    1.000000000000000   -100.0000000000000
       latq_co                      199.0000000000001    1.000000000000000   -100.0000000000000
         perco                      149.0303016064994    1.000000000000000   -100.0000000000000
         petco                      124.7118092720597    1.000000000000000   -100.0000000000000
      revap_co                      34.24969212927431    1.000000000000000   -100.0000000000000
        surlag                      56.02557524346269    1.000000000000000   -100.0000000000000
