 prueba                    SWAT+ Apr 12 2023       MODULAR Rev 2023.60.5.6                                
   jday   mon   day    yr   unit  gis_id  name                 sedyld     sedorgn     sedorgp     surqno3     lat3no3    surqsolp        usle     sedminp     tileno3     lchlabp    tilelabp      satexn
                                                                  tha        kgha        kgha        kgha        kgha        kgha        tons        kgha        kgha        kgha        kgha        kgha
   366    12    31  2016       1       1  prueba                 0.001       0.000       0.000      10.437       0.000       0.994       0.000       0.000       0.000       0.001       0.000       0.000
   365    12    31  2017       1       1  prueba                 0.001       0.000       0.000      13.984       0.000       0.994       0.000       0.000       0.000       0.003       0.000       0.000
   365    12    31  2018       1       1  prueba                 0.001       0.000       0.000      14.688       0.000       1.240       0.000       0.000       0.000       0.004       0.000       0.000
   365    12    31  2019       1       1  prueba                 0.002       0.000       0.000      16.011       0.000       1.102       0.000       0.000       0.000       0.011       0.000       0.000
   366    12    31  2020       1       1  prueba                 0.001       0.000       0.000      15.741       0.000       1.368       0.000       0.000       0.000       0.013       0.000       0.000
   365    12    31  2021       1       1  prueba                 0.001       0.000       0.000      14.475       0.000       1.089       0.000       0.000       0.000       0.015       0.000       0.000
   365    12    31  2022       1       1  prueba                 0.003       0.000       0.000       0.925       0.000       0.161       0.000       0.109       0.000       0.021       0.000       0.000
