 prueba                    SWAT+ Apr 12 2023       MODULAR Rev 2023.60.5.6                                
        jday         mon         day          yr   name        type              flo            sed           orgn           sedp            no3           solp           chla            nh3            no2           cbod            dox            san            sil            cla            sag            lag            grv           null
                                                                               m^3/s           tons            kgN            kgP            kgN            kgP             kg            kgN            kgN             kg             kg           tons           tons           tons           tons           tons           tons           degc
         365          12          31        2022 rtu010          ru         213239.8      7.3506169E-02  3.0704377E-06  9.2113169E-06   265.0774       23.53532      0.0000000E+00  0.0000000E+00  0.0000000E+00  0.0000000E+00  0.0000000E+00  4.1817338E-04  4.1817338E-04  4.1817338E-04  4.1817338E-04  4.1817338E-04  0.0000000E+00  0.1519193      0.0000000E+00  0.0000000E+00
         365          12          31        2022 rtu020          ru         20.27496      3.6456993E-07  8.2028224E-09  2.4608459E-08  7.3632136E-02  1.6711885E-02  0.0000000E+00  0.0000000E+00  0.0000000E+00  0.0000000E+00  0.0000000E+00  3.6456986E-04  3.6456986E-04  3.6456986E-04  3.6456986E-04  3.6456986E-04  0.0000000E+00  0.1605090      0.0000000E+00  0.0000000E+00
         365          12          31        2022 rtu030          ru         977.8254      1.4018308E-04  5.9509597E-04  1.5793003E-04   3.699162       1.052303      0.0000000E+00  0.0000000E+00  0.0000000E+00  0.0000000E+00  0.0000000E+00  4.9582432E-04  4.9908995E-04  5.0192134E-04  5.8088877E-04  5.3650123E-04  0.0000000E+00  0.1586063      0.0000000E+00  0.0000000E+00
         365          12          31        2022 rtu040          ru         401.0051      1.9286605E-05  2.0103226E-07  6.0309691E-07   1.506223      0.4208556      0.0000000E+00  0.0000000E+00  0.0000000E+00  0.0000000E+00  0.0000000E+00  4.5241765E-04  4.5287708E-04  4.5326556E-04  4.6437743E-04  4.5810576E-04  0.0000000E+00  0.1588655      0.0000000E+00  0.0000000E+00
         365          12          31        2022 rtu050          ru         212265.6      9.7266868E-02  3.5724427E-06  1.0717325E-05   263.9182       23.43961      0.0000000E+00  0.0000000E+00  0.0000000E+00  0.0000000E+00  0.0000000E+00  4.8987899E-04  4.8987899E-04  4.8987899E-04  4.8987899E-04  4.8987899E-04  0.0000000E+00  0.1519242      0.0000000E+00  0.0000000E+00
         365          12          31        2022 rtu060          ru         236728.6      0.1000819      3.9131874E-06  1.1739560E-05   301.4247       25.92243      0.0000000E+00  0.0000000E+00  0.0000000E+00  0.0000000E+00  0.0000000E+00  4.8762449E-04  4.8762449E-04  4.8762449E-04  4.8762449E-04  4.8762449E-04  0.0000000E+00  0.1514906      0.0000000E+00  0.0000000E+00
         365          12          31        2022 rtu070          ru         319723.7      0.1023525      5.2035057E-06  1.5610518E-05   440.5037       34.85770      0.0000000E+00  0.0000000E+00  0.0000000E+00  0.0000000E+00  0.0000000E+00  4.7186625E-04  4.7186625E-04  4.7186625E-04  4.7186625E-04  4.7186625E-04  0.0000000E+00  0.1510804      0.0000000E+00  0.0000000E+00
         365          12          31        2022 rtu080          ru         463430.2      0.1050926      7.3779224E-06   1.137655       626.8596       50.49589      0.0000000E+00  0.0000000E+00  0.0000000E+00  0.0000000E+00  0.0000000E+00  4.5263319E-04  4.5263319E-04  4.5263319E-04  4.5263319E-04  4.5263319E-04  0.0000000E+00  0.1511452      0.0000000E+00  0.0000000E+00
         365          12          31        2022 rtu090          ru         848554.1      0.1032569      1.2894571E-05   1.911054       1188.309       89.34199      0.0000000E+00  0.0000000E+00  0.0000000E+00  0.0000000E+00  0.0000000E+00  4.1498357E-04  4.1498357E-04  4.1498357E-04  4.1498357E-04  4.1498357E-04  0.0000000E+00  0.1502184      0.0000000E+00  0.0000000E+00
         365          12          31        2022 rtu100          ru         87624.90      7.9138279E-02  1.5493789E-06  4.6481341E-06   128.6174       10.98820      0.0000000E+00  0.0000000E+00  0.0000000E+00  0.0000000E+00  0.0000000E+00  5.3015538E-04  5.3015538E-04  5.3015538E-04  5.3015538E-04  5.3015538E-04  0.0000000E+00  0.1537173      0.0000000E+00  0.0000000E+00
         365          12          31        2022 rtu110          ru         2084159.      0.1075000      2.9074097E-05   5.462186       2403.123       212.5206      0.0000000E+00  0.0000000E+00  0.0000000E+00  0.0000000E+00  0.0000000E+00  3.5388232E-04  3.5388232E-04  3.5388232E-04  3.5388232E-04  3.5388232E-04  0.0000000E+00  0.1482511      0.0000000E+00  0.0000000E+00
         365          12          31        2022 rtu120          ru         380499.7      9.3005992E-02  5.8536575E-06  0.9238490       529.1645       41.40846      0.0000000E+00  0.0000000E+00  0.0000000E+00  0.0000000E+00  0.0000000E+00  4.3497345E-04  4.3497345E-04  4.3497345E-04  4.3497345E-04  4.3497345E-04  0.0000000E+00  0.1514734      0.0000000E+00  0.0000000E+00
         365          12          31        2022 rtu130          ru         1093068.      0.1008618      1.5842203E-05   1.878599       1526.874       115.7357      0.0000000E+00  0.0000000E+00  0.0000000E+00  0.0000000E+00  0.0000000E+00  3.9269240E-04  3.9269240E-04  3.9269240E-04  3.9269240E-04  3.9269240E-04  0.0000000E+00  0.1490692      0.0000000E+00  0.0000000E+00
         365          12          31        2022 rtu140          ru         195931.8      8.1667192E-02  1.4669902E-05  4.4009728E-05   276.3625       7.973779      0.0000000E+00  0.0000000E+00  0.0000000E+00  0.0000000E+00  0.0000000E+00  3.4440440E-04  3.4440440E-04  3.4440440E-04  3.4440440E-04  3.4440440E-04  0.0000000E+00  0.1920377      0.0000000E+00  0.0000000E+00
         365          12          31        2022 rtu150          ru         91909.26      0.1241153      7.2744397E-06  2.1823316E-05   137.8741       3.702184      0.0000000E+00  0.0000000E+00  0.0000000E+00  0.0000000E+00  0.0000000E+00  4.2176776E-04  4.2176776E-04  4.2176776E-04  4.2176776E-04  4.2176776E-04  0.0000000E+00  0.1998212      0.0000000E+00  0.0000000E+00
         365          12          31        2022 rtu160          ru         178179.3      7.9518735E-02  1.2207845E-05  3.6623544E-05   263.4004       7.240109      0.0000000E+00  0.0000000E+00  0.0000000E+00  0.0000000E+00  0.0000000E+00  3.2298005E-04  3.2298005E-04  3.2298005E-04  3.2298005E-04  3.2298005E-04  0.0000000E+00  0.1940907      0.0000000E+00  0.0000000E+00
         365          12          31        2022 rtu170          ru         1640428.      0.1070416      2.3247609E-05   4.937384       2269.987       170.3153      0.0000000E+00  0.0000000E+00  0.0000000E+00  0.0000000E+00  0.0000000E+00  3.7194701E-04  3.7194701E-04  3.7194701E-04  3.7194701E-04  3.7194701E-04  0.0000000E+00  0.1488681      0.0000000E+00  0.0000000E+00
         365          12          31        2022 rtu180          ru         2851293.      0.1251536      3.7754828E-05   4.956007       3476.024       288.9620      0.0000000E+00  0.0000000E+00  0.0000000E+00  0.0000000E+00  0.0000000E+00  3.2853836E-04  3.2853836E-04  3.2853836E-04  3.2853836E-04  3.2853836E-04  0.0000000E+00  0.1496413      0.0000000E+00  0.0000000E+00
         365          12          31        2022 rtu190          ru         28911.99      0.1005512      2.2778736E-06  6.8336235E-06   40.30220       1.148843      0.0000000E+00  0.0000000E+00  0.0000000E+00  0.0000000E+00  0.0000000E+00  4.8620568E-04  4.8620568E-04  4.8620568E-04  4.8620568E-04  4.8620568E-04  0.0000000E+00  0.2065373      0.0000000E+00  0.0000000E+00
         365          12          31        2022 rtu200          ru         201692.0      8.4582306E-02  1.5836858E-05  4.7510577E-05   280.1863       8.211756      0.0000000E+00  0.0000000E+00  0.0000000E+00  0.0000000E+00  0.0000000E+00  3.5868533E-04  3.5868533E-04  3.5868533E-04  3.5868533E-04  3.5868533E-04  0.0000000E+00  0.1932359      0.0000000E+00  0.0000000E+00
         365          12          31        2022 rtu210          ru         3620868.      0.1471999      4.6964793E-05   4.407464       4583.005       366.4937      0.0000000E+00  0.0000000E+00  0.0000000E+00  0.0000000E+00  0.0000000E+00  3.1371039E-04  3.1371039E-04  3.1371039E-04  3.1371039E-04  3.1371039E-04  0.0000000E+00  0.1514131      0.0000000E+00  0.0000000E+00
         365          12          31        2022 rtu220          ru         32508.13      8.5938573E-02  2.2826907E-06  6.8480754E-06   44.89012       1.293774      0.0000000E+00  0.0000000E+00  0.0000000E+00  0.0000000E+00  0.0000000E+00  4.2707054E-04  4.2707054E-04  4.2707054E-04  4.2707054E-04  4.2707054E-04  0.0000000E+00  0.2062590      0.0000000E+00  0.0000000E+00
         365          12          31        2022 rtu230          ru         371795.6      7.2262816E-02  4.7406170E-06  0.8631244       516.4141       40.42132      0.0000000E+00  0.0000000E+00  0.0000000E+00  0.0000000E+00  0.0000000E+00  3.6614129E-04  3.6614129E-04  3.6614129E-04  3.6614129E-04  3.6614129E-04  0.0000000E+00  0.1515551      0.0000000E+00  0.0000000E+00
         365          12          31        2022 rtu240          ru         40507.79      8.8106133E-02  2.7330643E-06  8.1991911E-06   55.86922       1.617555      0.0000000E+00  0.0000000E+00  0.0000000E+00  0.0000000E+00  0.0000000E+00  3.9623989E-04  3.9623989E-04  3.9623989E-04  3.9623989E-04  3.9623989E-04  0.0000000E+00  0.2051538      0.0000000E+00  0.0000000E+00
         365          12          31        2022 rtu250          ru         639610.3      8.8043012E-02  8.6944046E-06   1.264511       779.5767       68.11461      0.0000000E+00  0.0000000E+00  0.0000000E+00  0.0000000E+00  0.0000000E+00  3.8857682E-04  3.8857682E-04  3.8857682E-04  3.8857682E-04  3.8857682E-04  0.0000000E+00  0.1501482      0.0000000E+00  0.0000000E+00
         365          12          31        2022 rtu260          ru         58993.81      8.9333303E-02  3.8285634E-06  1.1485696E-05   81.46169       2.364379      0.0000000E+00  0.0000000E+00  0.0000000E+00  0.0000000E+00  0.0000000E+00  3.6453828E-04  3.6453828E-04  3.6453828E-04  3.6453828E-04  3.6453828E-04  0.0000000E+00  0.2005980      0.0000000E+00  0.0000000E+00
         365          12          31        2022 rtu270          ru         67806.76      9.4149292E-02  4.4079379E-06  1.3223809E-05   94.87151       2.721802      0.0000000E+00  0.0000000E+00  0.0000000E+00  0.0000000E+00  0.0000000E+00  3.5917189E-04  3.5917189E-04  3.5917189E-04  3.5917189E-04  3.5917189E-04  0.0000000E+00  0.2014402      0.0000000E+00  0.0000000E+00
         365          12          31        2022 rtu280          ru         1326711.      9.7862460E-02  1.9275847E-05   3.535873       1442.490       137.1082      0.0000000E+00  0.0000000E+00  0.0000000E+00  0.0000000E+00  0.0000000E+00  3.8272288E-04  3.8272288E-04  3.8272288E-04  3.8272288E-04  3.8272288E-04  0.0000000E+00  0.1488768      0.0000000E+00  0.0000000E+00
         365          12          31        2022 rtu290          ru         403722.9      0.1038061      6.4852811E-06  0.9920366       517.8304       43.78357      0.0000000E+00  0.0000000E+00  0.0000000E+00  0.0000000E+00  0.0000000E+00  4.5872890E-04  4.5872890E-04  4.5872890E-04  4.5872890E-04  4.5872890E-04  0.0000000E+00  0.1514130      0.0000000E+00  0.0000000E+00
         365          12          31        2022 rtu300          ru         200470.7      7.8713343E-02  1.4627738E-05  4.3883239E-05   279.3635       8.160935      0.0000000E+00  0.0000000E+00  0.0000000E+00  0.0000000E+00  0.0000000E+00  3.3398598E-04  3.3398598E-04  3.3398598E-04  3.3398598E-04  3.3398598E-04  0.0000000E+00  0.1932954      0.0000000E+00  0.0000000E+00
         365          12          31        2022 rtu310          ru         178602.5      7.7920415E-02  1.1970836E-05  3.5912486E-05   263.8617       7.257703      0.0000000E+00  0.0000000E+00  0.0000000E+00  0.0000000E+00  0.0000000E+00  3.1572810E-04  3.1572810E-04  3.1572810E-04  3.1572810E-04  3.1572810E-04  0.0000000E+00  0.1940622      0.0000000E+00  0.0000000E+00
         365          12          31        2022 rtu320          ru         98017.84      9.5577508E-02  6.3964653E-06  1.9189400E-05   146.6888       3.951197      0.0000000E+00  0.0000000E+00  0.0000000E+00  0.0000000E+00  0.0000000E+00  3.4408120E-04  3.4408120E-04  3.4408120E-04  3.4408120E-04  3.4408120E-04  0.0000000E+00  0.2003414      0.0000000E+00  0.0000000E+00
         365          12          31        2022 rtu330          ru         140033.0      8.6695537E-02  9.2447817E-06  2.7734348E-05   212.1736       5.668914      0.0000000E+00  0.0000000E+00  0.0000000E+00  0.0000000E+00  0.0000000E+00  3.2785835E-04  3.2785835E-04  3.2785835E-04  3.2785835E-04  3.2785835E-04  0.0000000E+00  0.1961810      0.0000000E+00  0.0000000E+00
         365          12          31        2022 rtu340          ru         681931.6      8.4248669E-02  9.4022789E-06   1.266174       867.9989       72.49318      0.0000000E+00  0.0000000E+00  0.0000000E+00  0.0000000E+00  0.0000000E+00  3.7733652E-04  3.7733652E-04  3.7733652E-04  3.7733652E-04  3.7733652E-04  0.0000000E+00  0.1500935      0.0000000E+00  0.0000000E+00
         365          12          31        2022 rtu350          ru         450.5545      4.0921697E-07  2.0460848E-07  6.1382542E-07   1.693091      0.4771376      0.0000000E+00  0.0000000E+00  0.0000000E+00  0.0000000E+00  0.0000000E+00  4.0921688E-04  4.0921688E-04  4.0921688E-04  4.0921688E-04  4.0921688E-04  0.0000000E+00  0.1588649      0.0000000E+00  0.0000000E+00
         365          12          31        2022 rtu360          ru         955.1738      1.6696433E-05  4.3798366E-07  1.3139506E-06   3.633774       1.094615      0.0000000E+00  0.0000000E+00  0.0000000E+00  0.0000000E+00  0.0000000E+00  4.1386299E-04  4.1430013E-04  4.1467903E-04  4.2610057E-04  4.1965186E-04  0.0000000E+00  0.1588231      0.0000000E+00  0.0000000E+00
         365          12          31        2022 rtu370          ru         7445.221      5.4913708E-05  2.2933425E-06  6.8800264E-06   28.88851       9.630263      0.0000000E+00  0.0000000E+00  0.0000000E+00  0.0000000E+00  0.0000000E+00  2.8094658E-04  2.8293315E-04  2.8466678E-04  3.3420065E-04  3.0628039E-04  0.0000000E+00  0.1493622      0.0000000E+00  0.0000000E+00
         365          12          31        2022 rtu380          ru         1439.491      3.6536196E-07  5.8366561E-07  1.7509980E-06   5.560925       1.814937      0.0000000E+00  0.0000000E+00  0.0000000E+00  0.0000000E+00  0.0000000E+00  3.6536215E-04  3.6536215E-04  3.6536215E-04  3.6536215E-04  3.6536215E-04  0.0000000E+00  0.1589359      0.0000000E+00  0.0000000E+00
         365          12          31        2022 rtu390          ru         29.28532      3.1221327E-07  1.0146934E-08  3.0440802E-08  0.1075712      2.6538631E-02  0.0000000E+00  0.0000000E+00  0.0000000E+00  0.0000000E+00  0.0000000E+00  3.1221341E-04  3.1221341E-04  3.1221341E-04  3.1221341E-04  3.1221341E-04  0.0000000E+00  0.1601413      0.0000000E+00  0.0000000E+00
         365          12          31        2022 rtu400          ru         565.4276      2.3990734E-07  1.5054187E-07  4.5162537E-07   2.160843      0.6704344      0.0000000E+00  0.0000000E+00  0.0000000E+00  0.0000000E+00  0.0000000E+00  2.3990724E-04  2.3990724E-04  2.3990724E-04  2.3990724E-04  2.3990724E-04  0.0000000E+00  0.1352753      0.0000000E+00  0.0000000E+00
         365          12          31        2022 rtu410          ru         159.9424      3.0461675E-07  5.4069453E-08  1.6220847E-07  0.5977473      0.1642010      0.0000000E+00  0.0000000E+00  0.0000000E+00  0.0000000E+00  0.0000000E+00  3.0461667E-04  3.0461667E-04  3.0461667E-04  3.0461667E-04  3.0461667E-04  0.0000000E+00  0.1591732      0.0000000E+00  0.0000000E+00
         365          12          31        2022 rtu420          ru         103.6249      3.1498007E-07  3.6222712E-08  1.0866810E-07  0.3853116      0.1026828      0.0000000E+00  0.0000000E+00  0.0000000E+00  0.0000000E+00  0.0000000E+00  3.1498002E-04  3.1498002E-04  3.1498002E-04  3.1498002E-04  3.1498002E-04  0.0000000E+00  0.1592911      0.0000000E+00  0.0000000E+00
         365          12          31        2022 rtu430          ru         193.7321      2.2295383E-07  4.7935050E-08  1.4380521E-07  0.7331056      0.2160953      0.0000000E+00  0.0000000E+00  0.0000000E+00  0.0000000E+00  0.0000000E+00  2.2295371E-04  2.2295371E-04  2.2295371E-04  2.2295371E-04  2.2295371E-04  0.0000000E+00  0.1347763      0.0000000E+00  0.0000000E+00
         365          12          31        2022 rtu440          ru         651.0340      3.2268420E-07  2.3313945E-07  6.9941831E-07   2.480122      0.7563248      0.0000000E+00  0.0000000E+00  0.0000000E+00  0.0000000E+00  0.0000000E+00  3.2268427E-04  3.2268427E-04  3.2268427E-04  3.2268427E-04  3.2268427E-04  0.0000000E+00  0.1589998      0.0000000E+00  0.0000000E+00
         365          12          31        2022 rtu450          ru         87372.41      6.6017434E-02  1.4359805E-06  4.3079422E-06   128.2517       10.95654      0.0000000E+00  0.0000000E+00  0.0000000E+00  0.0000000E+00  0.0000000E+00  4.9304048E-04  4.9304048E-04  4.9304048E-04  4.9304048E-04  4.9304048E-04  0.0000000E+00  0.1537159      0.0000000E+00  0.0000000E+00
         365          12          31        2022 rtu460          ru         5920.263      1.2458196E-04  2.4286130E-06  7.2858393E-06   22.99004       7.657557      0.0000000E+00  0.0000000E+00  0.0000000E+00  0.0000000E+00  0.0000000E+00  3.7792421E-04  3.8251758E-04  3.8646575E-04  4.9804815E-04  4.3533469E-04  0.0000000E+00  0.1587853      0.0000000E+00  0.0000000E+00
         365          12          31        2022 rtu470          ru         6969.935      7.8346660E-05  2.4195699E-06  7.2587072E-06   27.04874       9.015415      0.0000000E+00  0.0000000E+00  0.0000000E+00  0.0000000E+00  0.0000000E+00  3.1799407E-04  3.2091330E-04  3.2342298E-04  3.9456176E-04  3.5456542E-04  0.0000000E+00  0.1576442      0.0000000E+00  0.0000000E+00
         365          12          31        2022 rtu480          ru         1498.234      1.4845368E-04  6.7276059E-04  1.7909300E-04   5.709726       1.699584      0.0000000E+00  0.0000000E+00  0.0000000E+00  0.0000000E+00  0.0000000E+00  4.9058977E-04  4.9432600E-04  4.9748510E-04  5.8667857E-04  5.3660979E-04  0.0000000E+00  0.1585912      0.0000000E+00  0.0000000E+00
         365          12          31        2022 rtu490          ru         687.1798      8.1208032E-05  3.9383140E-04  1.0455696E-04   2.582993      0.7098075      0.0000000E+00  0.0000000E+00  0.0000000E+00  0.0000000E+00  0.0000000E+00  4.8371064E-04  4.8555533E-04  4.8713724E-04  5.3175213E-04  5.0668087E-04  0.0000000E+00  0.1586209      0.0000000E+00  0.0000000E+00
         365          12          31        2022 rtu500          ru         928.2498      1.0290447E-04  5.1251176E-04  1.3612678E-04   3.507153      0.9928374      0.0000000E+00  0.0000000E+00  0.0000000E+00  0.0000000E+00  0.0000000E+00  4.8941624E-04  4.9183180E-04  4.9390527E-04  5.5207766E-04  5.1941205E-04  0.0000000E+00  0.1586071      0.0000000E+00  0.0000000E+00
         365          12          31        2022 rtu510          ru         966.4695      6.9890913E-05  3.8575529E-04  1.0280383E-04   3.682265       1.110012      0.0000000E+00  0.0000000E+00  0.0000000E+00  0.0000000E+00  0.0000000E+00  4.7220814E-04  4.7400795E-04  4.7554853E-04  5.1906874E-04  4.9460342E-04  0.0000000E+00  0.1588134      0.0000000E+00  0.0000000E+00
         365          12          31        2022 rtu520          ru         65.33166      4.0878538E-07  2.9636938E-08  8.8910824E-08  0.2400034      5.8718070E-02  0.0000000E+00  0.0000000E+00  0.0000000E+00  0.0000000E+00  0.0000000E+00  4.0878539E-04  4.0878539E-04  4.0878539E-04  4.0878539E-04  4.0878539E-04  0.0000000E+00  0.1593135      0.0000000E+00  0.0000000E+00
         365          12          31        2022 rtu530          ru         860.5322      2.8810641E-07  2.7514147E-07  8.2542454E-07   3.295274       1.032368      0.0000000E+00  0.0000000E+00  0.0000000E+00  0.0000000E+00  0.0000000E+00  2.8810633E-04  2.8810633E-04  2.8810633E-04  2.8810633E-04  2.8810633E-04  0.0000000E+00  0.1515108      0.0000000E+00  0.0000000E+00
         365          12          31        2022 rtu540          ru         1144.370      1.6645662E-07  2.1139981E-07  6.3419952E-07   4.439101       1.480235      0.0000000E+00  0.0000000E+00  0.0000000E+00  0.0000000E+00  0.0000000E+00  1.6645659E-04  1.6645659E-04  1.6645659E-04  1.6645659E-04  1.6645659E-04  0.0000000E+00  0.1312935      0.0000000E+00  0.0000000E+00
         365          12          31        2022 rtu550          ru         594.7130      2.6502340E-07  1.7491543E-07  5.2474650E-07   2.266725      0.6938161      0.0000000E+00  0.0000000E+00  0.0000000E+00  0.0000000E+00  0.0000000E+00  2.6502347E-04  2.6502347E-04  2.6502347E-04  2.6502347E-04  2.6502347E-04  0.0000000E+00  0.1447074      0.0000000E+00  0.0000000E+00
         365          12          31        2022 rtu560          ru         2329.291      2.3561493E-07  6.0906439E-07  1.8271943E-06   9.035514       3.012920      0.0000000E+00  0.0000000E+00  0.0000000E+00  0.0000000E+00  0.0000000E+00  2.3561499E-04  2.3561499E-04  2.3561499E-04  2.3561499E-04  2.3561499E-04  0.0000000E+00  0.1324923      0.0000000E+00  0.0000000E+00
         365          12          31        2022 rtu570          ru         1784.136      1.6006261E-07  3.1692389E-07  9.5077195E-07   6.920803       2.307769      0.0000000E+00  0.0000000E+00  0.0000000E+00  0.0000000E+00  0.0000000E+00  1.6006263E-04  1.6006263E-04  1.6006263E-04  1.6006263E-04  1.6006263E-04  0.0000000E+00  0.1313382      0.0000000E+00  0.0000000E+00
         365          12          31        2022 rtu580          ru         3248.391      2.1649095E-07  7.8044974E-07  2.3413500E-06   12.60078       4.201770      0.0000000E+00  0.0000000E+00  0.0000000E+00  0.0000000E+00  0.0000000E+00  2.1649100E-04  2.1649100E-04  2.1649100E-04  2.1649100E-04  2.1649100E-04  0.0000000E+00  0.1317419      0.0000000E+00  0.0000000E+00
         365          12          31        2022 rtu590          ru         1157.900      3.6269091E-07  4.6605783E-07  1.3981729E-06   4.454869       1.425873      0.0000000E+00  0.0000000E+00  0.0000000E+00  0.0000000E+00  0.0000000E+00  3.6269089E-04  3.6269089E-04  3.6269089E-04  3.6269089E-04  3.6269089E-04  0.0000000E+00  0.1589444      0.0000000E+00  0.0000000E+00
         365          12          31        2022 rtu600          ru         36.04475      3.8873819E-07  1.5549519E-08  4.6648562E-08  0.1316213      3.0979771E-02  0.0000000E+00  0.0000000E+00  0.0000000E+00  0.0000000E+00  0.0000000E+00  3.8873826E-04  3.8873826E-04  3.8873826E-04  3.8873826E-04  3.8873826E-04  0.0000000E+00  0.1597484      0.0000000E+00  0.0000000E+00
         365          12          31        2022 rtu610          ru         4410.813      2.3281202E-05  1.4455574E-06  4.3366717E-06   17.11410       5.705305      0.0000000E+00  0.0000000E+00  0.0000000E+00  0.0000000E+00  0.0000000E+00  2.9666294E-04  2.9749295E-04  2.9820384E-04  3.1898834E-04  3.0726564E-04  0.0000000E+00  0.1538083      0.0000000E+00  0.0000000E+00
         365          12          31        2022 rtu620          ru         6235.800      4.5989529E-04  1.9821038E-03  5.2905770E-04   24.23799       8.065447      0.0000000E+00  0.0000000E+00  0.0000000E+00  0.0000000E+00  0.0000000E+00  4.4655064E-04  4.6176687E-04  4.7474893E-04  8.4034703E-04  6.3509704E-04  0.0000000E+00  0.1587796      0.0000000E+00  0.0000000E+00
         365          12          31        2022 rtu630          ru         4527985.      0.1615357      5.4366472E-05   4.522834       5990.973       460.7975      0.0000000E+00  0.0000000E+00  0.0000000E+00  0.0000000E+00  0.0000000E+00  2.8999327E-04  2.8999327E-04  2.8999327E-04  2.8999327E-04  2.8999327E-04  0.0000000E+00  0.1533995      0.0000000E+00  0.0000000E+00
         365          12          31        2022 rtu640          ru         4208.090      3.4345856E-05  1.5581793E-06  4.6745367E-06   16.33030       5.443057      0.0000000E+00  0.0000000E+00  0.0000000E+00  0.0000000E+00  0.0000000E+00  3.3584700E-04  3.3711453E-04  3.3819766E-04  3.6915578E-04  3.5173877E-04  0.0000000E+00  0.1586628      0.0000000E+00  0.0000000E+00
         365          12          31        2022 rtu650          ru         1504.886      8.5903186E-05  5.0497294E-04  1.3488920E-04   5.779554       1.816524      0.0000000E+00  0.0000000E+00  0.0000000E+00  0.0000000E+00  0.0000000E+00  4.6784902E-04  4.7019604E-04  4.7218520E-04  5.2931969E-04  4.9718894E-04  0.0000000E+00  0.1588008      0.0000000E+00  0.0000000E+00
         365          12          31        2022 rtu660          ru         2279.807      4.3346907E-05  1.0743643E-06  3.2230937E-06   8.824938       2.893812      0.0000000E+00  0.0000000E+00  0.0000000E+00  0.0000000E+00  0.0000000E+00  4.2704307E-04  4.2838693E-04  4.2955988E-04  4.6249502E-04  4.4398109E-04  0.0000000E+00  0.1587982      0.0000000E+00  0.0000000E+00
         365          12          31        2022 rtu670          ru         4030.322      4.0666116E-04  1.6111512E-03  4.2918415E-04   15.66988       5.212821      0.0000000E+00  0.0000000E+00  0.0000000E+00  0.0000000E+00  0.0000000E+00  4.7747948E-04  4.8973359E-04  5.0028117E-04  7.9702586E-04  6.3034223E-04  0.0000000E+00  0.1587832      0.0000000E+00  0.0000000E+00
         365          12          31        2022 rtu680          ru         49.55935      1.8012946E-07  9.9071213E-09  2.9721351E-08  0.1894179      5.8804158E-02  0.0000000E+00  0.0000000E+00  0.0000000E+00  0.0000000E+00  0.0000000E+00  1.8012953E-04  1.8012953E-04  1.8012953E-04  1.8012953E-04  1.8012953E-04  0.0000000E+00  0.1314220      0.0000000E+00  0.0000000E+00
         365          12          31        2022 rtu690          ru         513.6151      1.7655029E-07  1.0063371E-07  3.0190114E-07   1.992352      0.6643577      0.0000000E+00  0.0000000E+00  0.0000000E+00  0.0000000E+00  0.0000000E+00  1.7655028E-04  1.7655028E-04  1.7655028E-04  1.7655028E-04  1.7655028E-04  0.0000000E+00  0.1312990      0.0000000E+00  0.0000000E+00
         365          12          31        2022 rtu700          ru         2164.849      2.9133551E-07  6.9993325E-07  2.0998000E-06   8.398685       2.800209      0.0000000E+00  0.0000000E+00  0.0000000E+00  0.0000000E+00  0.0000000E+00  2.9133554E-04  2.9133554E-04  2.9133554E-04  2.9133554E-04  2.9133554E-04  0.0000000E+00  0.1518265      0.0000000E+00  0.0000000E+00
         365          12          31        2022 rtu710          ru         1349.365      1.6415035E-07  2.4581499E-07  7.3744530E-07   5.234294       1.745396      0.0000000E+00  0.0000000E+00  0.0000000E+00  0.0000000E+00  0.0000000E+00  1.6415030E-04  1.6415030E-04  1.6415030E-04  1.6415030E-04  1.6415030E-04  0.0000000E+00  0.1313083      0.0000000E+00  0.0000000E+00
         365          12          31        2022 rtu720          ru         211.7536      2.0408534E-07  4.7960061E-08  1.4388020E-07  0.8095847      0.2517303      0.0000000E+00  0.0000000E+00  0.0000000E+00  0.0000000E+00  0.0000000E+00  2.0408530E-04  2.0408530E-04  2.0408530E-04  2.0408530E-04  2.0408530E-04  0.0000000E+00  0.1319032      0.0000000E+00  0.0000000E+00
         365          12          31        2022 rtu730          ru         130.6583      3.6010576E-07  5.2215338E-08  1.5664600E-07  0.4871588      0.1317944      0.0000000E+00  0.0000000E+00  0.0000000E+00  0.0000000E+00  0.0000000E+00  3.6010568E-04  3.6010568E-04  3.6010568E-04  3.6010568E-04  3.6010568E-04  0.0000000E+00  0.1591822      0.0000000E+00  0.0000000E+00
         365          12          31        2022 rtu740          ru         906.0040      1.5237031E-04  5.8820914E-04  1.5599756E-04   3.405526      0.8746972      0.0000000E+00  0.0000000E+00  0.0000000E+00  0.0000000E+00  0.0000000E+00  4.8977457E-04  4.9302820E-04  4.9580412E-04  5.7399989E-04  5.3016091E-04  0.0000000E+00  0.1579983      0.0000000E+00  0.0000000E+00
         365          12          31        2022 rtu750          ru         1000474.      9.0240218E-02  1.3864318E-05   1.902132       1365.925       106.0344      0.0000000E+00  0.0000000E+00  0.0000000E+00  0.0000000E+00  0.0000000E+00  3.7347467E-04  3.7347467E-04  3.7347467E-04  3.7347467E-04  3.7347467E-04  0.0000000E+00  0.1495412      0.0000000E+00  0.0000000E+00
         365          12          31        2022 rtu760          ru         603.8338      9.4267758E-05  4.4533724E-04  1.1799193E-04   2.266835      0.6148210      0.0000000E+00  0.0000000E+00  0.0000000E+00  0.0000000E+00  0.0000000E+00  4.9023633E-04  4.9234019E-04  4.9414282E-04  5.4469105E-04  5.1630795E-04  0.0000000E+00  0.1586308      0.0000000E+00  0.0000000E+00
         365          12          31        2022 rtu770          ru         572.2194      2.6338394E-05  2.8918515E-07  8.6755580E-07   2.160728      0.6219094      0.0000000E+00  0.0000000E+00  0.0000000E+00  0.0000000E+00  0.0000000E+00  4.5645412E-04  4.5709583E-04  4.5763844E-04  4.7340864E-04  4.6453340E-04  0.0000000E+00  0.1588396      0.0000000E+00  0.0000000E+00
