single point
         alpha                      100.0000001000000    1.000000000000000   -100.0000000000000
           awc                      100.4347202065886    1.000000000000000   -100.0000000000000
         canmx                      83.75862051811559    1.000000000000000   -100.0000000000000
           cn2                      100.0000001000000    1.000000000000000   -100.0000000000000
       cn3_swf                      100.0000001000000    1.000000000000000   -100.0000000000000
          epco                      92.65077139686180    1.000000000000000   -100.0000000000000
          esco                      94.36858461553706    1.000000000000000   -100.0000000000000
       lat_len                      100.0000001000000    1.000000000000000   -100.0000000000000
       latq_co                      100.0000001000000    1.000000000000000   -100.0000000000000
         perco                      100.0000748411999    1.000000000000000   -100.0000000000000
         petco                      112.4002586963553    1.000000000000000   -100.0000000000000
      revap_co                      100.0000001000000    1.000000000000000   -100.0000000000000
        surlag                      100.0000001000000    1.000000000000000   -100.0000000000000
