single point
         alpha                      100.0000001000000    1.000000000000000   -100.0000000000000
           awc                      109.9846683670312    1.000000000000000   -100.0000000000000
         canmx                      90.73002161610550    1.000000000000000   -100.0000000000000
           cn2                      100.0000001000000    1.000000000000000   -100.0000000000000
       cn3_swf                      100.0000001000000    1.000000000000000   -100.0000000000000
          epco                      112.1074333902028    1.000000000000000   -100.0000000000000
          esco                      102.4090355724098    1.000000000000000   -100.0000000000000
       lat_len                      100.0000001000000    1.000000000000000   -100.0000000000000
       latq_co                      100.0000001000000    1.000000000000000   -100.0000000000000
         perco                      100.0000748411999    1.000000000000000   -100.0000000000000
         petco                      107.2122709416131    1.000000000000000   -100.0000000000000
      revap_co                      100.0000001000000    1.000000000000000   -100.0000000000000
        surlag                      100.0000001000000    1.000000000000000   -100.0000000000000
