single point
         alpha                      100.0000001000000    1.000000000000000   -100.0000000000000
           awc                      109.8549489420814    1.000000000000000   -100.0000000000000
         canmx                      99.80302377771606    1.000000000000000   -100.0000000000000
           cn2                      100.0000001000000    1.000000000000000   -100.0000000000000
       cn3_swf                      100.0000001000000    1.000000000000000   -100.0000000000000
          epco                      110.0000001100000    1.000000000000000   -100.0000000000000
          esco                      102.2239188116639    1.000000000000000   -100.0000000000000
       lat_len                      100.0000001000000    1.000000000000000   -100.0000000000000
       latq_co                      100.0000001000000    1.000000000000000   -100.0000000000000
         perco                      100.0000748411999    1.000000000000000   -100.0000000000000
         petco                      100.1674852501320    1.000000000000000   -100.0000000000000
      revap_co                      100.0000001000000    1.000000000000000   -100.0000000000000
        surlag                      100.0000001000000    1.000000000000000   -100.0000000000000
