 prueba                    SWAT+ Apr 12 2023       MODULAR Rev 2023.60.5.6                                
   jday   mon   day    yr   unit  gis_id  name                    flo_in          geo_bf         flo_out           peakr         sed_in        sed_out         washld          bedld            dep        deg_btm       deg_bank         hc_sed          width          depth          slope        deg_btm       deg_bank         hc_len      flo_in_mm       aqu_in_mm      flo_out_mm        sed_stor 
                                                                         m^3/s   
    31     1    31  2016         1     1  prueba                0.2887E-01     0.0000E+00     0.4155E-01     0.2888E-01     0.2821E-05     0.1400E-05     0.1400E-05     0.0000E+00     0.1400E-05     0.0000E+00     0.0000E+00     0.0000E+00     0.4743E+01     0.3097E+00     0.1850E-02     0.0000E+00     0.0000E+00     0.0000E+00     0.9646E-02     0.0000E+00     0.1433E-01     0.3596E-02
    60     2    29  2016         1     1  prueba                0.7334E-05     0.0000E+00     0.7214E-05     0.7729E-05     0.4071E-07     0.8582E-08     0.8582E-08     0.0000E+00     0.8582E-08     0.0000E+00     0.0000E+00     0.0000E+00     0.4743E+01     0.3097E+00     0.1850E-02     0.0000E+00     0.0000E+00     0.0000E+00     0.7348E-05     0.0000E+00     0.3601E-05     0.2375E-02
    91     3    31  2016         1     1  prueba                0.5008E-05     0.0000E+00     0.5155E-05     0.7456E-05     0.3901E-07     0.9350E-08     0.9350E-08     0.0000E+00     0.9350E-08     0.0000E+00     0.0000E+00     0.0000E+00     0.4743E+01     0.3097E+00     0.1850E-02     0.0000E+00     0.0000E+00     0.0000E+00     0.1006E-04     0.0000E+00     0.1035E-04     0.4914E-03
   121     4    30  2016         1     1  prueba                0.1405E+01     0.0000E+00     0.1265E+01     0.3073E+01     0.6392E-03     0.7733E-03     0.3196E-03     0.0000E+00     0.3027E-03     0.2328E-03     0.2208E-03     0.0000E+00     0.4743E+01     0.3097E+00     0.1850E-02     0.7171E-05     0.6012E-03     0.0000E+00     0.7598E+01     0.0000E+00     0.7149E+01     0.3145E-01
   152     5    31  2016         1     1  prueba                0.9849E+02     0.0000E+00     0.9606E+02     0.1599E+03     0.3528E+01     0.3608E+01     0.1764E+01     0.0000E+00     0.1701E+01     0.1831E+01     0.1311E-01     0.0000E+00     0.4743E+01     0.3097E+00     0.1850E-02     0.4181E-01     0.8468E-02     0.0000E+00     0.2198E+03     0.0000E+00     0.2148E+03     0.9440E+02
   182     6    30  2016         1     1  prueba                0.1428E+03     0.0000E+00     0.1394E+03     0.2306E+03     0.6237E+01     0.6730E+01     0.3119E+01     0.0000E+00     0.2984E+01     0.3594E+01     0.1695E-01     0.0000E+00     0.4743E+01     0.3097E+00     0.1850E-02     0.8286E-01     0.8477E-02     0.0000E+00     0.3206E+03     0.0000E+00     0.3143E+03     0.1243E+03
   213     7    31  2016         1     1  prueba                0.2245E+03     0.0000E+00     0.2228E+03     0.3398E+03     0.4900E+01     0.4887E+01     0.2450E+01     0.0000E+00     0.2391E+01     0.2418E+01     0.1884E-01     0.0000E+00     0.4743E+01     0.3097E+00     0.1850E-02     0.4582E-01     0.8572E-02     0.0000E+00     0.3883E+03     0.0000E+00     0.3829E+03     0.1896E+03
   244     8    31  2016         1     1  prueba                0.3084E+03     0.0000E+00     0.3083E+03     0.4654E+03     0.7966E+01     0.8291E+01     0.3983E+01     0.0000E+00     0.3806E+01     0.4282E+01     0.2625E-01     0.0000E+00     0.4743E+01     0.3097E+00     0.1850E-02     0.7957E-01     0.1207E-01     0.0000E+00     0.5418E+03     0.0000E+00     0.5415E+03     0.2342E+03
   274     9    30  2016         1     1  prueba                0.1731E+03     0.0000E+00     0.1781E+03     0.2587E+03     0.9754E+01     0.1012E+02     0.4877E+01     0.0000E+00     0.4638E+01     0.5220E+01     0.1848E-01     0.0000E+00     0.4743E+01     0.3097E+00     0.1850E-02     0.1110E+00     0.7268E-02     0.0000E+00     0.3133E+03     0.0000E+00     0.3180E+03     0.2907E+03
   305    10    31  2016         1     1  prueba                0.5990E+00     0.0000E+00     0.8595E+00     0.6459E+00     0.8567E-02     0.4306E-02     0.4283E-02     0.0000E+00     0.4261E-02     0.0000E+00     0.2249E-04     0.0000E+00     0.4743E+01     0.3097E+00     0.1850E-02     0.0000E+00     0.1004E-04     0.0000E+00     0.2932E+00     0.0000E+00     0.4474E+00     0.2907E+01
   335    11    30  2016         1     1  prueba                0.8143E+01     0.0000E+00     0.6600E+01     0.1881E+02     0.4294E-01     0.5300E-01     0.2146E-01     0.0000E+00     0.2091E-01     0.3028E-01     0.1255E-02     0.0000E+00     0.4743E+01     0.3097E+00     0.1850E-02     0.8624E-03     0.1869E-02     0.0000E+00     0.4360E+02     0.0000E+00     0.3887E+02     0.5190E+00
   366    12    31  2016         1     1  prueba                0.1715E+02     0.0000E+00     0.1814E+02     0.2613E+02     0.2010E-01     0.1773E-01     0.1005E-01     0.0000E+00     0.8977E-02     0.4514E-02     0.3172E-02     0.0000E+00     0.4743E+01     0.3097E+00     0.1850E-02     0.1390E-03     0.1933E-02     0.0000E+00     0.2852E+02     0.0000E+00     0.3121E+02     0.2691E+01
    31     1    31  2017         1     1  prueba                0.4345E+02     0.0000E+00     0.4203E+02     0.7646E+02     0.1156E+01     0.1225E+01     0.5778E+00     0.0000E+00     0.5526E+00     0.6411E+00     0.6171E-02     0.0000E+00     0.4743E+01     0.3097E+00     0.1850E-02     0.1563E-01     0.1873E-02     0.0000E+00     0.1157E+03     0.0000E+00     0.1124E+03     0.4017E+02
    59     2    28  2017         1     1  prueba                0.1840E+01     0.0000E+00     0.2567E+01     0.2120E+01     0.1714E-01     0.8673E-02     0.8571E-02     0.0000E+00     0.8468E-02     0.0000E+00     0.1025E-03     0.0000E+00     0.4743E+01     0.3097E+00     0.1850E-02     0.0000E+00     0.4566E-04     0.0000E+00     0.1283E+01     0.0000E+00     0.2057E+01     0.7656E+01
    90     3    31  2017         1     1  prueba                0.1994E+02     0.0000E+00     0.1933E+02     0.3678E+02     0.4445E+00     0.4778E+00     0.2223E+00     0.0000E+00     0.2146E+00     0.2532E+00     0.2373E-02     0.0000E+00     0.4743E+01     0.3097E+00     0.1850E-02     0.6984E-02     0.1378E-02     0.0000E+00     0.6263E+02     0.0000E+00     0.6079E+02     0.1859E+02
   120     4    30  2017         1     1  prueba                0.3373E+01     0.0000E+00     0.2936E+01     0.7422E+01     0.2777E-01     0.2864E-01     0.1387E-01     0.0000E+00     0.1340E-01     0.1436E-01     0.4116E-03     0.0000E+00     0.4743E+01     0.3097E+00     0.1850E-02     0.4238E-03     0.4516E-03     0.0000E+00     0.1683E+02     0.0000E+00     0.1571E+02     0.8581E+00
   151     5    31  2017         1     1  prueba                0.1015E+03     0.0000E+00     0.9926E+02     0.1644E+03     0.4339E+01     0.4436E+01     0.2170E+01     0.0000E+00     0.2089E+01     0.2253E+01     0.1324E-01     0.0000E+00     0.4743E+01     0.3097E+00     0.1850E-02     0.5134E-01     0.7698E-02     0.0000E+00     0.2244E+03     0.0000E+00     0.2194E+03     0.1134E+03
   181     6    30  2017         1     1  prueba                0.1382E+03     0.0000E+00     0.1357E+03     0.2219E+03     0.5510E+01     0.5917E+01     0.2755E+01     0.0000E+00     0.2644E+01     0.3144E+01     0.1751E-01     0.0000E+00     0.4743E+01     0.3097E+00     0.1850E-02     0.7565E-01     0.7672E-02     0.0000E+00     0.3074E+03     0.0000E+00     0.3026E+03     0.1188E+03
   212     7    31  2017         1     1  prueba                0.2240E+03     0.0000E+00     0.2213E+03     0.3416E+03     0.5134E+01     0.5196E+01     0.2567E+01     0.0000E+00     0.2500E+01     0.2621E+01     0.8168E-02     0.0000E+00     0.4743E+01     0.3097E+00     0.1850E-02     0.4973E-01     0.3691E-02     0.0000E+00     0.3972E+03     0.0000E+00     0.3902E+03     0.1891E+03
   243     8    31  2017         1     1  prueba                0.3074E+03     0.0000E+00     0.3074E+03     0.4637E+03     0.7877E+01     0.8174E+01     0.3938E+01     0.0000E+00     0.3763E+01     0.4232E+01     0.3208E-02     0.0000E+00     0.4743E+01     0.3097E+00     0.1850E-02     0.7842E-01     0.2937E-02     0.0000E+00     0.5384E+03     0.0000E+00     0.5382E+03     0.2331E+03
   273     9    30  2017         1     1  prueba                0.1635E+03     0.0000E+00     0.1681E+03     0.2439E+03     0.8822E+01     0.9214E+01     0.4411E+01     0.0000E+00     0.4200E+01     0.4797E+01     0.6655E-02     0.0000E+00     0.4743E+01     0.3097E+00     0.1850E-02     0.1018E+00     0.2631E-02     0.0000E+00     0.2933E+03     0.0000E+00     0.2978E+03     0.2871E+03
   304    10    31  2017         1     1  prueba                0.8761E+00     0.0000E+00     0.1185E+01     0.1145E+01     0.6692E-01     0.3346E-01     0.3346E-01     0.0000E+00     0.3345E-01     0.0000E+00     0.6551E-05     0.0000E+00     0.4743E+01     0.3097E+00     0.1850E-02     0.0000E+00     0.3540E-05     0.0000E+00     0.8032E+00     0.0000E+00     0.1198E+01     0.9109E+02
   334    11    30  2017         1     1  prueba                0.4013E-01     0.0000E+00     0.5776E-01     0.5368E-01     0.2467E-02     0.1234E-02     0.1234E-02     0.0000E+00     0.1234E-02     0.0000E+00     0.0000E+00     0.0000E+00     0.4743E+01     0.3097E+00     0.1850E-02     0.0000E+00     0.0000E+00     0.0000E+00     0.4227E-01     0.0000E+00     0.6445E-01     0.6893E+02
   365    12    31  2017         1     1  prueba                0.5247E-05     0.0000E+00     0.4772E-05     0.9522E-05     0.3871E-07     0.1020E-07     0.1020E-07     0.0000E+00     0.1020E-07     0.0000E+00     0.0000E+00     0.0000E+00     0.4743E+01     0.3097E+00     0.1850E-02     0.0000E+00     0.0000E+00     0.0000E+00     0.2221E-04     0.0000E+00     0.2416E-04     0.2725E-06
    31     1    31  2018         1     1  prueba                0.1464E+01     0.0000E+00     0.1193E+01     0.3539E+01     0.5782E-02     0.4958E-02     0.2879E-02     0.0000E+00     0.2689E-02     0.1851E-02     0.2286E-03     0.0000E+00     0.4743E+01     0.3097E+00     0.1850E-02     0.5700E-04     0.4104E-03     0.0000E+00     0.9093E+01     0.0000E+00     0.8404E+01     0.1313E+00
    59     2    28  2018         1     1  prueba                0.2998E+01     0.0000E+00     0.2561E+01     0.6640E+01     0.1784E-01     0.1782E-01     0.8917E-02     0.0000E+00     0.8509E-02     0.8485E-02     0.4199E-03     0.0000E+00     0.4743E+01     0.3097E+00     0.1850E-02     0.2588E-03     0.4921E-03     0.0000E+00     0.1618E+02     0.0000E+00     0.1461E+02     0.4419E+00
    90     3    31  2018         1     1  prueba                0.1776E+01     0.0000E+00     0.2175E+01     0.2237E+01     0.1418E-02     0.7658E-03     0.6998E-03     0.0000E+00     0.6528E-03     0.0000E+00     0.6597E-04     0.0000E+00     0.4743E+01     0.3097E+00     0.1850E-02     0.0000E+00     0.5019E-04     0.0000E+00     0.1469E+01     0.0000E+00     0.2407E+01     0.5457E+00
   120     4    30  2018         1     1  prueba                0.1297E-05     0.0000E+00     0.9539E-06     0.2341E-05     0.3878E-07     0.9278E-08     0.9278E-08     0.0000E+00     0.9278E-08     0.0000E+00     0.0000E+00     0.0000E+00     0.4743E+01     0.3097E+00     0.1850E-02     0.0000E+00     0.0000E+00     0.0000E+00     0.9409E-05     0.0000E+00     0.2329E-05     0.2626E-03
   151     5    31  2018         1     1  prueba                0.9854E+02     0.0000E+00     0.9586E+02     0.1609E+03     0.3215E+01     0.3286E+01     0.1607E+01     0.0000E+00     0.1550E+01     0.1666E+01     0.1304E-01     0.0000E+00     0.4743E+01     0.3097E+00     0.1850E-02     0.3816E-01     0.7058E-02     0.0000E+00     0.2241E+03     0.0000E+00     0.2186E+03     0.8534E+02
   181     6    30  2018         1     1  prueba                0.2253E+03     0.0000E+00     0.2223E+03     0.3646E+03     0.1392E+02     0.1537E+02     0.6962E+01     0.0000E+00     0.6638E+01     0.8388E+01     0.1820E-01     0.0000E+00     0.4743E+01     0.3097E+00     0.1850E-02     0.1694E+00     0.6858E-02     0.0000E+00     0.5111E+03     0.0000E+00     0.5053E+03     0.3176E+03
   212     7    31  2018         1     1  prueba                0.2179E+03     0.0000E+00     0.2157E+03     0.3303E+03     0.4546E+01     0.4544E+01     0.2273E+01     0.0000E+00     0.2229E+01     0.2261E+01     0.9444E-02     0.0000E+00     0.4743E+01     0.3097E+00     0.1850E-02     0.4263E-01     0.3594E-02     0.0000E+00     0.3762E+03     0.0000E+00     0.3698E+03     0.1769E+03
   243     8    31  2018         1     1  prueba                0.3047E+03     0.0000E+00     0.3047E+03     0.4584E+03     0.7640E+01     0.7877E+01     0.3820E+01     0.0000E+00     0.3652E+01     0.4055E+01     0.2556E-02     0.0000E+00     0.4743E+01     0.3097E+00     0.1850E-02     0.7550E-01     0.2873E-02     0.0000E+00     0.5268E+03     0.0000E+00     0.5267E+03     0.2270E+03
   273     9    30  2018         1     1  prueba                0.1893E+03     0.0000E+00     0.1940E+03     0.2833E+03     0.1312E+02     0.1376E+02     0.6561E+01     0.0000E+00     0.6229E+01     0.7195E+01     0.4972E-02     0.0000E+00     0.4743E+01     0.3097E+00     0.1850E-02     0.1484E+00     0.2281E-02     0.0000E+00     0.3424E+03     0.0000E+00     0.3470E+03     0.3701E+03
   304    10    31  2018         1     1  prueba                0.7361E+02     0.0000E+00     0.7206E+02     0.1268E+03     0.3397E+01     0.3890E+01     0.1699E+01     0.0000E+00     0.1631E+01     0.2186E+01     0.6224E-02     0.0000E+00     0.4743E+01     0.3097E+00     0.1850E-02     0.4250E-01     0.1661E-02     0.0000E+00     0.1871E+03     0.0000E+00     0.1832E+03     0.1550E+03
   334    11    30  2018         1     1  prueba                0.1499E+03     0.0000E+00     0.1482E+03     0.2517E+03     0.1161E+02     0.1480E+02     0.5804E+01     0.0000E+00     0.5488E+01     0.8988E+01     0.8071E-02     0.0000E+00     0.4743E+01     0.3097E+00     0.1850E-02     0.1462E+00     0.2079E-02     0.0000E+00     0.3661E+03     0.0000E+00     0.3606E+03     0.3119E+03
   365    12    31  2018         1     1  prueba                0.4502E+01     0.0000E+00     0.6110E+01     0.5239E+01     0.1965E+00     0.9908E-01     0.9824E-01     0.0000E+00     0.9787E-01     0.0000E+00     0.8401E-03     0.0000E+00     0.4743E+01     0.3097E+00     0.1850E-02     0.0000E+00     0.1981E-03     0.0000E+00     0.2943E+01     0.0000E+00     0.4674E+01     0.5995E+02
    31     1    31  2019         1     1  prueba                0.6739E-04     0.0000E+00     0.4090E-03     0.7338E-04     0.1526E-05     0.7516E-06     0.7516E-06     0.0000E+00     0.7516E-06     0.0000E+00     0.0000E+00     0.0000E+00     0.4743E+01     0.3097E+00     0.1850E-02     0.0000E+00     0.0000E+00     0.0000E+00     0.6563E-04     0.0000E+00     0.8590E-03     0.8024E-01
    59     2    28  2019         1     1  prueba                0.3861E-05     0.0000E+00     0.7494E-05     0.5989E-05     0.5112E-07     0.1434E-07     0.1434E-07     0.0000E+00     0.1434E-07     0.0000E+00     0.0000E+00     0.0000E+00     0.4743E+01     0.3097E+00     0.1850E-02     0.0000E+00     0.0000E+00     0.0000E+00     0.2805E-04     0.0000E+00     0.1406E-04     0.4715E-01
    90     3    31  2019         1     1  prueba                0.1230E+01     0.0000E+00     0.8523E+00     0.3384E+01     0.9165E-02     0.8957E-02     0.4582E-02     0.0000E+00     0.4420E-02     0.4204E-02     0.1706E-03     0.0000E+00     0.4743E+01     0.3097E+00     0.1850E-02     0.1295E-03     0.1932E-03     0.0000E+00     0.9921E+01     0.0000E+00     0.8059E+01     0.1204E+00
   120     4    30  2019         1     1  prueba                0.6903E+02     0.0000E+00     0.6692E+02     0.1217E+03     0.2613E+01     0.3012E+01     0.1306E+01     0.0000E+00     0.1254E+01     0.1700E+01     0.5735E-02     0.0000E+00     0.4743E+01     0.3097E+00     0.1850E-02     0.3418E-01     0.1708E-02     0.0000E+00     0.1890E+03     0.0000E+00     0.1852E+03     0.7546E+02
   151     5    31  2019         1     1  prueba                0.1048E+03     0.0000E+00     0.1038E+03     0.1685E+03     0.3726E+01     0.3743E+01     0.1863E+01     0.0000E+00     0.1798E+01     0.1868E+01     0.1282E-01     0.0000E+00     0.4743E+01     0.3097E+00     0.1850E-02     0.4256E-01     0.6228E-02     0.0000E+00     0.2284E+03     0.0000E+00     0.2257E+03     0.1191E+03
   181     6    30  2019         1     1  prueba                0.1409E+03     0.0000E+00     0.1380E+03     0.2273E+03     0.5787E+01     0.6253E+01     0.2893E+01     0.0000E+00     0.2764E+01     0.3343E+01     0.1660E-01     0.0000E+00     0.4743E+01     0.3097E+00     0.1850E-02     0.7757E-01     0.6353E-02     0.0000E+00     0.3171E+03     0.0000E+00     0.3114E+03     0.1155E+03
   212     7    31  2019         1     1  prueba                0.2185E+03     0.0000E+00     0.2162E+03     0.3316E+03     0.4614E+01     0.4616E+01     0.2307E+01     0.0000E+00     0.2264E+01     0.2300E+01     0.9060E-02     0.0000E+00     0.4743E+01     0.3097E+00     0.1850E-02     0.4348E-01     0.2441E-02     0.0000E+00     0.3793E+03     0.0000E+00     0.3727E+03     0.1752E+03
   243     8    31  2019         1     1  prueba                0.3059E+03     0.0000E+00     0.3059E+03     0.4603E+03     0.7751E+01     0.7998E+01     0.3875E+01     0.0000E+00     0.3705E+01     0.4120E+01     0.2205E-02     0.0000E+00     0.4743E+01     0.3097E+00     0.1850E-02     0.7694E-01     0.1342E-02     0.0000E+00     0.5296E+03     0.0000E+00     0.5298E+03     0.2298E+03
   273     9    30  2019         1     1  prueba                0.2598E+03     0.0000E+00     0.2642E+03     0.3979E+03     0.2748E+02     0.3127E+02     0.1374E+02     0.0000E+00     0.1292E+02     0.1753E+02     0.4897E-02     0.0000E+00     0.4743E+01     0.3097E+00     0.1850E-02     0.3247E+00     0.1690E-02     0.0000E+00     0.4978E+03     0.0000E+00     0.5020E+03     0.7243E+03
   304    10    31  2019         1     1  prueba                0.6425E+01     0.0000E+00     0.6678E+01     0.1089E+02     0.1238E+00     0.7866E-01     0.6187E-01     0.0000E+00     0.6139E-01     0.1619E-01     0.6033E-03     0.0000E+00     0.4743E+01     0.3097E+00     0.1850E-02     0.4741E-03     0.4128E-03     0.0000E+00     0.1847E+02     0.0000E+00     0.1827E+02     0.4253E+02
   334    11    30  2019         1     1  prueba                0.3723E+00     0.0000E+00     0.5340E+00     0.3997E+00     0.7605E-04     0.3953E-04     0.3802E-04     0.0000E+00     0.3660E-04     0.0000E+00     0.1510E-05     0.0000E+00     0.4743E+01     0.3097E+00     0.1850E-02     0.0000E+00     0.2440E-06     0.0000E+00     0.1857E+00     0.0000E+00     0.2920E+00     0.5798E-01
   365    12    31  2019         1     1  prueba                0.6633E+02     0.0000E+00     0.6536E+02     0.1148E+03     0.2087E+01     0.2269E+01     0.1043E+01     0.0000E+00     0.1000E+01     0.1220E+01     0.5477E-02     0.0000E+00     0.4743E+01     0.3097E+00     0.1850E-02     0.2729E-01     0.1483E-02     0.0000E+00     0.1697E+03     0.0000E+00     0.1663E+03     0.7836E+02
    31     1    31  2020         1     1  prueba                0.1823E+03     0.0000E+00     0.1780E+03     0.3084E+03     0.2211E+02     0.2860E+02     0.1105E+02     0.0000E+00     0.1043E+02     0.1754E+02     0.2628E-02     0.0000E+00     0.4743E+01     0.3097E+00     0.1850E-02     0.3110E+00     0.8873E-03     0.0000E+00     0.4417E+03     0.0000E+00     0.4322E+03     0.4861E+03
    60     2    29  2020         1     1  prueba                0.1028E+02     0.0000E+00     0.1350E+02     0.1189E+02     0.7728E+00     0.3885E+00     0.3864E+00     0.0000E+00     0.3852E+00     0.0000E+00     0.2116E-02     0.0000E+00     0.4743E+01     0.3097E+00     0.1850E-02     0.0000E+00     0.4296E-03     0.0000E+00     0.7114E+01     0.0000E+00     0.1179E+02     0.1812E+03
    91     3    31  2020         1     1  prueba                0.5722E+01     0.0000E+00     0.5302E+01     0.1161E+02     0.2395E-01     0.2214E-01     0.1195E-01     0.0000E+00     0.1145E-01     0.9747E-02     0.4425E-03     0.0000E+00     0.4743E+01     0.3097E+00     0.1850E-02     0.2951E-03     0.4880E-03     0.0000E+00     0.2410E+02     0.0000E+00     0.2294E+02     0.1361E+01
   121     4    30  2020         1     1  prueba                0.1579E+01     0.0000E+00     0.1632E+01     0.3022E+01     0.2499E-02     0.1361E-02     0.1243E-02     0.0000E+00     0.1133E-02     0.0000E+00     0.1189E-03     0.0000E+00     0.4743E+01     0.3097E+00     0.1850E-02     0.0000E+00     0.2325E-03     0.0000E+00     0.6591E+01     0.0000E+00     0.6355E+01     0.8661E-01
   152     5    31  2020         1     1  prueba                0.9977E+02     0.0000E+00     0.9728E+02     0.1657E+03     0.3702E+01     0.3778E+01     0.1851E+01     0.0000E+00     0.1784E+01     0.1915E+01     0.1207E-01     0.0000E+00     0.4743E+01     0.3097E+00     0.1850E-02     0.4670E-01     0.5450E-02     0.0000E+00     0.2393E+03     0.0000E+00     0.2344E+03     0.9929E+02
   182     6    30  2020         1     1  prueba                0.1415E+03     0.0000E+00     0.1384E+03     0.2285E+03     0.5763E+01     0.6218E+01     0.2881E+01     0.0000E+00     0.2754E+01     0.3320E+01     0.1678E-01     0.0000E+00     0.4743E+01     0.3097E+00     0.1850E-02     0.7672E-01     0.6020E-02     0.0000E+00     0.3187E+03     0.0000E+00     0.3131E+03     0.1165E+03
   213     7    31  2020         1     1  prueba                0.2275E+03     0.0000E+00     0.2252E+03     0.3466E+03     0.5317E+01     0.5352E+01     0.2658E+01     0.0000E+00     0.2590E+01     0.2686E+01     0.7915E-02     0.0000E+00     0.4743E+01     0.3097E+00     0.1850E-02     0.5100E-01     0.1943E-02     0.0000E+00     0.4026E+03     0.0000E+00     0.3961E+03     0.1914E+03
   244     8    31  2020         1     1  prueba                0.3033E+03     0.0000E+00     0.3035E+03     0.4557E+03     0.7500E+01     0.7711E+01     0.3750E+01     0.0000E+00     0.3582E+01     0.3958E+01     0.2156E-02     0.0000E+00     0.4743E+01     0.3097E+00     0.1850E-02     0.7334E-01     0.8474E-03     0.0000E+00     0.5215E+03     0.0000E+00     0.5219E+03     0.2257E+03
   274     9    30  2020         1     1  prueba                0.1655E+03     0.0000E+00     0.1700E+03     0.2468E+03     0.9461E+01     0.9853E+01     0.4731E+01     0.0000E+00     0.4514E+01     0.5118E+01     0.4789E-02     0.0000E+00     0.4743E+01     0.3097E+00     0.1850E-02     0.1087E+00     0.1509E-02     0.0000E+00     0.2966E+03     0.0000E+00     0.3008E+03     0.2883E+03
   305    10    31  2020         1     1  prueba                0.4656E+00     0.0000E+00     0.6526E+00     0.6003E+00     0.3080E-01     0.1540E-01     0.1540E-01     0.0000E+00     0.1540E-01     0.0000E+00     0.1024E-05     0.0000E+00     0.4743E+01     0.3097E+00     0.1850E-02     0.0000E+00     0.5467E-06     0.0000E+00     0.4224E+00     0.0000E+00     0.6385E+00     0.6294E+02
   335    11    30  2020         1     1  prueba                0.2295E+03     0.0000E+00     0.2271E+03     0.3832E+03     0.5094E+02     0.6260E+02     0.2547E+02     0.0000E+00     0.2370E+02     0.3713E+02     0.5717E-02     0.0000E+00     0.4743E+01     0.3098E+00     0.1850E-02     0.5728E+00     0.1969E-02     0.0000E+00     0.5705E+03     0.0000E+00     0.5620E+03     0.1185E+04
   366    12    31  2020         1     1  prueba                0.4873E+01     0.0000E+00     0.6160E+01     0.5658E+01     0.9496E-01     0.4795E-01     0.4748E-01     0.0000E+00     0.4719E-01     0.0000E+00     0.4694E-03     0.0000E+00     0.4743E+01     0.3098E+00     0.1850E-02     0.0000E+00     0.1598E-03     0.0000E+00     0.3111E+01     0.0000E+00     0.4682E+01     0.2240E+02
    31     1    31  2021         1     1  prueba                0.2803E+02     0.0000E+00     0.2723E+02     0.5019E+02     0.3909E+00     0.4243E+00     0.1955E+00     0.0000E+00     0.1855E+00     0.2247E+00     0.4162E-02     0.0000E+00     0.4743E+01     0.3098E+00     0.1850E-02     0.5947E-02     0.1328E-02     0.0000E+00     0.7910E+02     0.0000E+00     0.7682E+02     0.1663E+02
    59     2    28  2021         1     1  prueba                0.4467E-05     0.0000E+00     0.5118E-05     0.9137E-05     0.4144E-07     0.1036E-07     0.1036E-07     0.0000E+00     0.1036E-07     0.0000E+00     0.0000E+00     0.0000E+00     0.4743E+01     0.3098E+00     0.1850E-02     0.0000E+00     0.0000E+00     0.0000E+00     0.4703E-04     0.0000E+00     0.6015E-05     0.7592E-03
    90     3    31  2021         1     1  prueba                0.5062E+01     0.0000E+00     0.4657E+01     0.1014E+02     0.2318E-01     0.2242E-01     0.1158E-01     0.0000E+00     0.1113E-01     0.1045E-01     0.3924E-03     0.0000E+00     0.4743E+01     0.3098E+00     0.1850E-02     0.3130E-03     0.3113E-03     0.0000E+00     0.1934E+02     0.0000E+00     0.1828E+02     0.8996E+00
   120     4    30  2021         1     1  prueba                0.4577E-01     0.0000E+00     0.6528E-01     0.6147E-01     0.1134E-04     0.5658E-05     0.5658E-05     0.0000E+00     0.5658E-05     0.0000E+00     0.0000E+00     0.0000E+00     0.4743E+01     0.3098E+00     0.1850E-02     0.0000E+00     0.0000E+00     0.0000E+00     0.4854E-01     0.0000E+00     0.7365E-01     0.3047E-01
   151     5    31  2021         1     1  prueba                0.9912E+02     0.0000E+00     0.9639E+02     0.1620E+03     0.3244E+01     0.3315E+01     0.1622E+01     0.0000E+00     0.1566E+01     0.1681E+01     0.1223E-01     0.0000E+00     0.4743E+01     0.3098E+00     0.1850E-02     0.3851E-01     0.5115E-02     0.0000E+00     0.2266E+03     0.0000E+00     0.2208E+03     0.8542E+02
   181     6    30  2021         1     1  prueba                0.1548E+03     0.0000E+00     0.1519E+03     0.2505E+03     0.6658E+01     0.7144E+01     0.3329E+01     0.0000E+00     0.3188E+01     0.3799E+01     0.1621E-01     0.0000E+00     0.4743E+01     0.3098E+00     0.1850E-02     0.8820E-01     0.5369E-02     0.0000E+00     0.3532E+03     0.0000E+00     0.3478E+03     0.1380E+03
   212     7    31  2021         1     1  prueba                0.2341E+03     0.0000E+00     0.2315E+03     0.3593E+03     0.6204E+01     0.6571E+01     0.3102E+01     0.0000E+00     0.3013E+01     0.3461E+01     0.8197E-02     0.0000E+00     0.4743E+01     0.3098E+00     0.1850E-02     0.6302E-01     0.2044E-02     0.0000E+00     0.4259E+03     0.0000E+00     0.4186E+03     0.2130E+03
   243     8    31  2021         1     1  prueba                0.3136E+03     0.0000E+00     0.3138E+03     0.4732E+03     0.8479E+01     0.8826E+01     0.4239E+01     0.0000E+00     0.4037E+01     0.4585E+01     0.1604E-02     0.0000E+00     0.4743E+01     0.3098E+00     0.1850E-02     0.8359E-01     0.5034E-03     0.0000E+00     0.5503E+03     0.0000E+00     0.5506E+03     0.2540E+03
   273     9    30  2021         1     1  prueba                0.1756E+03     0.0000E+00     0.1808E+03     0.2617E+03     0.9838E+01     0.1026E+02     0.4919E+01     0.0000E+00     0.4676E+01     0.5333E+01     0.5830E-02     0.0000E+00     0.4743E+01     0.3098E+00     0.1850E-02     0.1120E+00     0.1825E-02     0.0000E+00     0.3175E+03     0.0000E+00     0.3232E+03     0.2994E+03
   304    10    31  2021         1     1  prueba                0.4612E+01     0.0000E+00     0.4278E+01     0.9190E+01     0.1264E-01     0.1032E-01     0.6314E-02     0.0000E+00     0.6121E-02     0.3720E-02     0.2812E-03     0.0000E+00     0.4743E+01     0.3098E+00     0.1850E-02     0.1146E-03     0.3090E-03     0.0000E+00     0.1756E+02     0.0000E+00     0.1665E+02     0.2288E+01
   334    11    30  2021         1     1  prueba                0.8021E+02     0.0000E+00     0.7751E+02     0.1396E+03     0.5362E+01     0.6198E+01     0.2681E+01     0.0000E+00     0.2543E+01     0.3512E+01     0.5143E-02     0.0000E+00     0.4743E+01     0.3098E+00     0.1850E-02     0.6762E-01     0.1460E-02     0.0000E+00     0.2140E+03     0.0000E+00     0.2081E+03     0.1340E+03
   365    12    31  2021         1     1  prueba                0.4997E+01     0.0000E+00     0.6727E+01     0.5834E+01     0.1522E+00     0.7702E-01     0.7611E-01     0.0000E+00     0.7565E-01     0.0000E+00     0.9098E-03     0.0000E+00     0.4743E+01     0.3098E+00     0.1850E-02     0.0000E+00     0.2138E-03     0.0000E+00     0.3309E+01     0.0000E+00     0.5385E+01     0.4937E+02
    31     1    31  2022         1     1  prueba                0.1771E-04     0.0000E+00     0.2149E-04     0.2806E-04     0.5660E-07     0.1786E-07     0.1786E-07     0.0000E+00     0.1786E-07     0.0000E+00     0.0000E+00     0.0000E+00     0.4743E+01     0.3098E+00     0.1850E-02     0.0000E+00     0.0000E+00     0.0000E+00     0.5853E-04     0.0000E+00     0.5275E-04     0.4134E-01
    59     2    28  2022         1     1  prueba                0.2086E-05     0.0000E+00     0.6820E-06     0.5515E-05     0.3871E-07     0.1019E-07     0.1019E-07     0.0000E+00     0.1019E-07     0.0000E+00     0.0000E+00     0.0000E+00     0.4743E+01     0.3098E+00     0.1850E-02     0.0000E+00     0.0000E+00     0.0000E+00     0.3618E-04     0.0000E+00     0.5245E-05     0.2648E-06
    90     3    31  2022         1     1  prueba                0.1190E+03     0.0000E+00     0.1149E+03     0.2089E+03     0.4156E+01     0.5261E+01     0.2078E+01     0.0000E+00     0.1999E+01     0.3173E+01     0.9440E-02     0.0000E+00     0.4743E+01     0.3098E+00     0.1850E-02     0.5484E-01     0.2947E-02     0.0000E+00     0.3140E+03     0.0000E+00     0.3055E+03     0.1112E+03
   120     4    30  2022         1     1  prueba                0.3282E+02     0.0000E+00     0.3415E+02     0.5608E+02     0.1359E+01     0.1336E+01     0.6793E+00     0.0000E+00     0.6559E+00     0.6513E+00     0.5214E-02     0.0000E+00     0.4743E+01     0.3098E+00     0.1850E-02     0.1655E-01     0.1347E-02     0.0000E+00     0.9024E+02     0.0000E+00     0.9029E+02     0.7830E+02
   151     5    31  2022         1     1  prueba                0.1894E+03     0.0000E+00     0.1878E+03     0.3128E+03     0.1116E+02     0.1230E+02     0.5579E+01     0.0000E+00     0.5314E+01     0.6711E+01     0.1372E-01     0.0000E+00     0.4743E+01     0.3098E+00     0.1850E-02     0.1305E+00     0.4991E-02     0.0000E+00     0.4439E+03     0.0000E+00     0.4404E+03     0.3014E+03
   181     6    30  2022         1     1  prueba                0.1403E+03     0.0000E+00     0.1370E+03     0.2267E+03     0.6472E+01     0.7000E+01     0.3236E+01     0.0000E+00     0.3089E+01     0.3748E+01     0.1633E-01     0.0000E+00     0.4743E+01     0.3098E+00     0.1850E-02     0.8631E-01     0.5450E-02     0.0000E+00     0.3155E+03     0.0000E+00     0.3096E+03     0.1249E+03
   212     7    31  2022         1     1  prueba                0.2288E+03     0.0000E+00     0.2271E+03     0.3468E+03     0.5233E+01     0.5219E+01     0.2617E+01     0.0000E+00     0.2553E+01     0.2594E+01     0.8276E-02     0.0000E+00     0.4743E+01     0.3098E+00     0.1850E-02     0.4916E-01     0.2078E-02     0.0000E+00     0.3988E+03     0.0000E+00     0.3931E+03     0.2021E+03
   243     8    31  2022         1     1  prueba                0.2949E+03     0.0000E+00     0.2951E+03     0.4413E+03     0.6743E+01     0.6861E+01     0.3372E+01     0.0000E+00     0.3242E+01     0.3486E+01     0.2899E-02     0.0000E+00     0.4743E+01     0.3098E+00     0.1850E-02     0.6484E-01     0.1195E-02     0.0000E+00     0.4981E+03     0.0000E+00     0.4988E+03     0.2071E+03
   273     9    30  2022         1     1  prueba                0.1660E+03     0.0000E+00     0.1705E+03     0.2475E+03     0.9358E+01     0.9754E+01     0.4679E+01     0.0000E+00     0.4471E+01     0.5070E+01     0.5019E-02     0.0000E+00     0.4743E+01     0.3098E+00     0.1850E-02     0.1087E+00     0.1516E-02     0.0000E+00     0.2949E+03     0.0000E+00     0.2987E+03     0.2861E+03
   304    10    31  2022         1     1  prueba                0.6914E+00     0.0000E+00     0.9735E+00     0.8355E+00     0.3273E-01     0.1637E-01     0.1637E-01     0.0000E+00     0.1636E-01     0.0000E+00     0.3861E-05     0.0000E+00     0.4743E+01     0.3098E+00     0.1850E-02     0.0000E+00     0.2033E-05     0.0000E+00     0.5195E+00     0.0000E+00     0.8029E+00     0.7711E+02
   334    11    30  2022         1     1  prueba                0.2468E+02     0.0000E+00     0.2460E+02     0.4261E+02     0.4499E+00     0.4181E+00     0.2250E+00     0.0000E+00     0.2184E+00     0.1893E+00     0.3778E-02     0.0000E+00     0.4743E+01     0.3098E+00     0.1850E-02     0.5184E-02     0.1130E-02     0.0000E+00     0.6806E+02     0.0000E+00     0.6701E+02     0.4859E+02
   365    12    31  2022         1     1  prueba                0.1815E+01     0.0000E+00     0.1775E+01     0.3548E+01     0.6320E-02     0.3291E-02     0.3153E-02     0.0000E+00     0.3048E-02     0.0000E+00     0.1377E-03     0.0000E+00     0.4743E+01     0.3098E+00     0.1850E-02     0.0000E+00     0.2185E-03     0.0000E+00     0.7224E+01     0.0000E+00     0.6993E+01     0.7005E+00
