single point
         alpha                      103.8931654668372    1.000000000000000   -100.0000000000000
           awc                      34.57676960123872    1.000000000000000   -100.0000000000000
         canmx                      97.32134119480598    1.000000000000000   -100.0000000000000
           cn2                      183.2977708721436    1.000000000000000   -100.0000000000000
       cn3_swf                      104.2462665331622    1.000000000000000   -100.0000000000000
          epco                      135.2554145851846    1.000000000000000   -100.0000000000000
          esco                      75.41852248549247    1.000000000000000   -100.0000000000000
       lat_len                      103.9598862981176    1.000000000000000   -100.0000000000000
       latq_co                      55.54507068107362    1.000000000000000   -100.0000000000000
         perco                      107.9799966961474    1.000000000000000   -100.0000000000000
         petco                      53.67079386514006    1.000000000000000   -100.0000000000000
      revap_co                      93.79390123508499    1.000000000000000   -100.0000000000000
        surlag                      101.1893399004572    1.000000000000000   -100.0000000000000
