 Tordera                   SWAT+ Jul 2 2024        MODULAR Rev 2024.61.0.1                                
       year     plant_no   plant_name       harv_area(ha)    yld(t)         yld(t/ha)      
        2000           1 crir              0.0000000E+00  0.0000000E+00  0.0000000E+00
        2000           2 rngb              0.0000000E+00  0.0000000E+00  0.0000000E+00
        2000           3 frse              0.0000000E+00  0.0000000E+00  0.0000000E+00
        2000           4 agrr               908.1544       2942.899       3.240527    
        2000           5 agrl               6729.358       15868.88       2.358157    
        2000           6 frsd              0.0000000E+00  0.0000000E+00  0.0000000E+00
        2000           7 past              0.0000000E+00  0.0000000E+00  0.0000000E+00
        2000           8 frst              0.0000000E+00  0.0000000E+00  0.0000000E+00
        2000           9 orcd              0.0000000E+00  0.0000000E+00  0.0000000E+00
        2000          10 wetl              0.0000000E+00  0.0000000E+00  0.0000000E+00
        2001           1 crir              0.0000000E+00  0.0000000E+00  0.0000000E+00
        2001           2 rngb              0.0000000E+00  0.0000000E+00  0.0000000E+00
        2001           3 frse              0.0000000E+00  0.0000000E+00  0.0000000E+00
        2001           4 agrr               908.1543       3346.252       3.684674    
        2001           5 agrl               6729.359       17553.40       2.608480    
        2001           6 frsd              0.0000000E+00  0.0000000E+00  0.0000000E+00
        2001           7 past              0.0000000E+00  0.0000000E+00  0.0000000E+00
        2001           8 frst              0.0000000E+00  0.0000000E+00  0.0000000E+00
        2001           9 orcd              0.0000000E+00  0.0000000E+00  0.0000000E+00
        2001          10 wetl              0.0000000E+00  0.0000000E+00  0.0000000E+00
