 Tordera                   SWAT+ Jul 2 2024        MODULAR Rev 2024.61.0.1                                
   jday   mon   day    yr   unit  gis_id  name                    flo_in          geo_bf         flo_out           peakr         sed_in        sed_out         washld          bedld            dep        deg_btm       deg_bank         hc_sed          width          depth          slope        deg_btm       deg_bank         hc_len      flo_in_mm       aqu_in_mm      flo_out_mm        sed_stor      n_tot          p_tot         dep_bf        velav_bf        
                                                                   m^3/s           m^3/s           m^3/s           m^3/s           tons           tons           tons           tons           tons           tons           tons           tons              m              m            m/m              m              m              m             mm              mm              mm            tons       kg_N           kg_P            m/s             m/s        
   365    12    31  2001       1       1  cha001               0.6040E-01     0.0000E+00     0.5852E-01     0.1131E+00     0.9283E+02     0.5669E+04     0.5669E+04     0.8993E+00     0.0000E+00     0.0000E+00     0.5577E+04     0.0000E+00     0.1202E+02     0.5755E+00     0.1204E-01     0.0000E+00     0.0000E+00     0.0000E+00     0.4620E+02     0.0000E+00     0.4475E+02     0.1287E+00     0.2239E+03     0.6036E+00     0.5755E+00     0.0000E+00
   365    12    31  2001       2       2  cha002               0.6960E-01     0.0000E+00     0.6930E-01     0.1516E+00     0.6986E+01     0.2432E+05     0.2432E+05     0.1491E-01     0.0000E+00     0.0000E+00     0.2432E+05     0.0000E+00     0.6571E+01     0.3849E+00     0.6495E-01     0.0000E+00     0.0000E+00     0.0000E+00     0.1456E+03     0.0000E+00     0.1449E+03     0.1335E-02     0.4044E+03     0.2041E+00     0.3849E+00     0.0000E+00
   365    12    31  2001       3       3  cha003               0.6617E+00     0.0000E+00     0.6607E+00     0.9888E+00     0.3964E+05     0.3979E+05     0.3979E+05     0.3314E+02     0.0000E+00     0.1483E+01     0.1792E+03     0.0000E+00     0.3735E+02     0.1226E+01     0.4060E-02     0.0000E+00     0.0000E+00     0.0000E+00     0.7644E+02     0.0000E+00     0.7633E+02     0.1091E+02     0.9070E+03     0.3991E+01     0.1226E+01     0.0000E+00
   365    12    31  2001       4       4  cha004               0.2202E+00     0.0000E+00     0.2194E+00     0.3536E+00     0.3527E+05     0.3522E+05     0.3522E+05     0.7449E+02     0.0000E+00     0.0000E+00     0.2447E+02     0.0000E+00     0.2484E+02     0.9339E+00     0.2360E-02     0.0000E+00     0.0000E+00     0.0000E+00     0.5019E+02     0.0000E+00     0.5003E+02     0.1915E+02     0.7253E+03     0.1486E+01     0.9339E+00     0.0000E+00
   365    12    31  2001       5       5  cha005               0.1950E+00     0.0000E+00     0.1944E+00     0.3198E+00     0.3370E+05     0.3388E+05     0.3388E+05     0.4374E+02     0.0000E+00     0.0000E+00     0.2233E+03     0.0000E+00     0.2225E+02     0.8678E+00     0.5580E-02     0.0000E+00     0.0000E+00     0.0000E+00     0.5340E+02     0.0000E+00     0.5324E+02     0.1036E+02     0.6124E+03     0.1322E+01     0.8678E+00     0.0000E+00
   365    12    31  2001       6       6  cha006               0.1888E+00     0.0000E+00     0.1886E+00     0.3100E+00     0.3381E+05     0.3370E+05     0.3370E+05     0.4956E+02     0.5959E+02     0.0000E+00     0.9961E-02     0.0000E+00     0.2215E+02     0.8651E+00     0.2800E-03     0.0000E+00     0.0000E+00     0.0000E+00     0.5211E+02     0.0000E+00     0.5207E+02     0.1167E+02     0.6106E+03     0.1275E+01     0.8651E+00     0.0000E+00
   365    12    31  2001       7       7  cha007               0.1111E+00     0.0000E+00     0.1108E+00     0.1904E+00     0.3346E+05     0.3349E+05     0.3349E+05     0.3041E+02     0.0000E+00     0.0000E+00     0.6516E+02     0.0000E+00     0.1790E+02     0.7508E+00     0.5110E-02     0.0000E+00     0.0000E+00     0.0000E+00     0.4371E+02     0.0000E+00     0.4360E+02     0.6078E+01     0.5041E+03     0.6470E+00     0.7508E+00     0.0000E+00
   365    12    31  2001       8       8  cha008               0.1114E+00     0.0000E+00     0.1108E+00     0.1923E+00     0.3281E+05     0.3301E+05     0.3301E+05     0.5694E+02     0.0000E+00     0.0000E+00     0.2576E+03     0.0000E+00     0.1733E+02     0.7348E+00     0.6450E-02     0.0000E+00     0.0000E+00     0.0000E+00     0.4627E+02     0.0000E+00     0.4600E+02     0.1159E+02     0.4889E+03     0.6339E+00     0.7348E+00     0.0000E+00
   365    12    31  2001       9       9  cha009               0.1026E+00     0.0000E+00     0.1025E+00     0.1774E+00     0.3277E+05     0.3280E+05     0.3280E+05     0.8955E+00     0.0000E+00     0.0000E+00     0.3656E+02     0.0000E+00     0.1715E+02     0.7295E+00     0.1225E-01     0.0000E+00     0.0000E+00     0.0000E+00     0.4335E+02     0.0000E+00     0.4334E+02     0.1785E+00     0.4841E+03     0.5135E+00     0.7295E+00     0.0000E+00
   365    12    31  2001      10      10  cha010               0.8329E-01     0.0000E+00     0.7335E-01     0.1497E+00     0.3360E+05     0.3259E+05     0.3259E+05     0.1112E+03     0.0000E+00     0.0000E+00     0.1288E+04     0.0000E+00     0.1436E+02     0.6481E+00     0.9780E-02     0.0000E+00     0.0000E+00     0.0000E+00     0.4734E+02     0.0000E+00     0.4168E+02     0.1969E+02     0.3671E+03     0.2359E+00     0.6481E+00     0.0000E+00
   365    12    31  2001      11      11  cha011               0.4237E+00     0.0000E+00     0.4227E+00     0.6832E+00     0.4328E+04     0.4423E+04     0.4423E+04     0.9318E+01     0.3725E+01     0.9374E+00     0.1070E+03     0.0000E+00     0.2432E+02     0.9208E+00     0.3500E-02     0.0000E+00     0.0000E+00     0.0000E+00     0.1001E+03     0.0000E+00     0.9985E+02     0.2374E+01     0.1778E+03     0.2390E+01     0.9207E+00     0.0000E+00
   365    12    31  2001      12      12  cha012               0.2860E+00     0.0000E+00     0.2860E+00     0.4727E+00     0.5549E+04     0.5484E+04     0.5484E+04     0.6319E+01     0.5824E+02     0.0000E+00     0.1128E-06     0.0000E+00     0.2142E+02     0.8461E+00     0.1000E-04     0.0000E+00     0.0000E+00     0.0000E+00     0.8345E+02     0.0000E+00     0.8345E+02     0.1261E+01     0.1581E+03     0.2425E+01     0.8461E+00     0.0000E+00
   365    12    31  2001      13      13  cha013               0.2412E+00     0.0000E+00     0.2411E+00     0.4117E+00     0.5518E+04     0.5511E+04     0.5511E+04     0.3145E+01     0.5836E+01     0.0000E+00     0.1692E+01     0.0000E+00     0.1828E+02     0.7613E+00     0.1840E-02     0.0000E+00     0.0000E+00     0.0000E+00     0.9167E+02     0.0000E+00     0.9163E+02     0.6061E+00     0.1459E+03     0.2419E+01     0.7613E+00     0.0000E+00
   365    12    31  2001      14      14  cha014               0.3812E+00     0.0000E+00     0.3805E+00     0.6679E+00     0.9526E+05     0.1045E+06     0.1045E+06     0.1403E+03     0.0000E+00     0.4015E+00     0.9424E+04     0.0000E+00     0.1613E+02     0.7004E+00     0.1929E-01     0.0000E+00     0.0000E+00     0.0000E+00     0.1784E+03     0.0000E+00     0.1781E+03     0.2683E+02     0.8673E+03     0.1124E+01     0.7004E+00     0.0000E+00
   365    12    31  2001      15      15  cha015               0.1870E+00     0.0000E+00     0.1867E+00     0.3376E+00     0.3767E+03     0.9732E+02     0.9732E+02     0.5243E+01     0.2741E+03     0.0000E+00     0.1619E-05     0.0000E+00     0.1406E+02     0.6392E+00     0.1000E-04     0.0000E+00     0.0000E+00     0.0000E+00     0.1100E+03     0.0000E+00     0.1098E+03     0.4507E+00     0.8840E+02     0.1794E+01     0.6392E+00     0.0000E+00
   365    12    31  2001      16      16  cha016               0.2837E-01     0.0000E+00     0.2815E-01     0.5947E-01     0.2705E+06     0.2771E+06     0.2771E+06     0.5656E+03     0.0000E+00     0.0000E+00     0.7171E+04     0.0000E+00     0.7596E+01     0.4239E+00     0.4598E-01     0.0000E+00     0.0000E+00     0.0000E+00     0.4660E+02     0.0000E+00     0.4624E+02     0.6604E+02     0.4974E+03     0.2198E-01     0.4239E+00     0.0000E+00
   365    12    31  2001      17      17  cha017               0.4502E-01     0.0000E+00     0.4477E-01     0.9057E-01     0.2528E+02     0.3776E+02     0.3776E+02     0.2021E+00     0.7285E+00     0.0000E+00     0.1341E+02     0.0000E+00     0.8914E+01     0.4716E+00     0.2670E-02     0.0000E+00     0.0000E+00     0.0000E+00     0.5663E+02     0.0000E+00     0.5632E+02     0.2539E-01     0.1326E+02     0.5584E-01     0.4716E+00     0.0000E+00
   365    12    31  2001      18      18  cha018               0.3652E-01     0.0000E+00     0.3639E-01     0.7873E-01     0.2930E+03     0.2713E+03     0.2713E+03     0.1160E+01     0.2124E+02     0.0000E+00     0.6767E+00     0.0000E+00     0.6830E+01     0.3949E+00     0.2270E-02     0.0000E+00     0.0000E+00     0.0000E+00     0.7161E+02     0.0000E+00     0.7135E+02     0.1316E+00     0.3025E+02     0.1508E+01     0.3949E+00     0.0000E+00
   365    12    31  2001      19      19  cha019               0.1779E-01     0.0000E+00     0.1640E-01     0.3653E-01     0.2557E+02     0.1385E+04     0.1385E+04     0.3142E+00     0.0000E+00     0.0000E+00     0.1360E+04     0.0000E+00     0.8232E+01     0.4472E+00     0.1655E-01     0.0000E+00     0.0000E+00     0.0000E+00     0.2556E+02     0.0000E+00     0.2355E+02     0.3136E-01     0.1104E+03     0.1132E+00     0.4472E+00     0.0000E+00
   365    12    31  2001      20      20  cha020               0.6796E-01     0.0000E+00     0.6769E-01     0.1425E+00     0.2872E+03     0.2734E+03     0.2734E+03     0.1677E+01     0.1254E+02     0.0000E+00     0.4869E+00     0.0000E+00     0.7579E+01     0.4233E+00     0.1850E-02     0.0000E+00     0.0000E+00     0.0000E+00     0.1120E+03     0.0000E+00     0.1116E+03     0.1923E+00     0.4402E+02     0.5916E+00     0.4233E+00     0.0000E+00
   365    12    31  2001      21      21  cha021               0.6176E-01     0.0000E+00     0.6071E-01     0.1268E+00     0.9223E+01     0.5400E+04     0.5400E+04     0.7303E-01     0.0000E+00     0.0000E+00     0.5391E+04     0.0000E+00     0.8223E+01     0.4469E+00     0.2771E-01     0.0000E+00     0.0000E+00     0.0000E+00     0.8889E+02     0.0000E+00     0.8736E+02     0.6918E-02     0.1568E+03     0.1171E+00     0.4469E+00     0.0000E+00
   365    12    31  2001      22      22  cha022               0.4770E-01     0.0000E+00     0.4722E-01     0.9638E-01     0.2783E+01     0.7591E+01     0.7591E+01     0.1291E-01     0.2595E+00     0.0000E+00     0.5081E+01     0.0000E+00     0.8764E+01     0.4663E+00     0.3330E-02     0.0000E+00     0.0000E+00     0.0000E+00     0.6173E+02     0.0000E+00     0.6112E+02     0.1776E-02     0.3732E+02     0.9169E-01     0.4663E+00     0.0000E+00
   365    12    31  2001      23      23  cha023               0.9436E-01     0.0000E+00     0.9337E-01     0.1827E+00     0.6600E+02     0.7613E+05     0.7613E+05     0.2603E+00     0.0000E+00     0.0000E+00     0.7607E+05     0.0000E+00     0.1040E+02     0.5228E+00     0.3757E-01     0.0000E+00     0.0000E+00     0.0000E+00     0.9177E+02     0.0000E+00     0.9081E+02     0.2930E-01     0.4882E+03     0.3790E+00     0.5228E+00     0.0000E+00
   365    12    31  2001      24      24  cha024               0.5455E-01     0.0000E+00     0.5179E-01     0.9942E-01     0.1952E+01     0.3360E+05     0.3360E+05     0.1311E-01     0.0000E+00     0.0000E+00     0.3360E+05     0.0000E+00     0.1349E+02     0.6217E+00     0.2123E-01     0.0000E+00     0.0000E+00     0.0000E+00     0.3440E+02     0.0000E+00     0.3265E+02     0.1682E-02     0.3347E+03     0.1124E+00     0.6217E+00     0.0000E+00
   365    12    31  2001      25      25  cha025               0.2963E-01     0.0000E+00     0.2920E-01     0.6216E-01     0.3222E+02     0.1792E+03     0.1792E+03     0.1307E+00     0.0000E+00     0.0000E+00     0.1471E+03     0.0000E+00     0.7573E+01     0.4230E+00     0.1226E-01     0.0000E+00     0.0000E+00     0.0000E+00     0.4891E+02     0.0000E+00     0.4821E+02     0.1298E-01     0.1169E+03     0.2775E+00     0.4230E+00     0.0000E+00
   365    12    31  2001      26      26  cha026               0.3413E+01     0.0000E+00     0.3412E+01     0.4602E+01     0.1036E+07     0.1036E+07     0.1036E+07     0.2703E+03     0.0000E+00     0.2383E+01     0.3970E+02     0.0000E+00     0.7514E+02     0.1953E+01     0.2230E-02     0.0000E+00     0.0000E+00     0.0000E+00     0.1230E+03     0.0000E+00     0.1229E+03     0.1422E+03     0.6750E+04     0.1953E+02     0.1953E+01     0.0000E+00
   365    12    31  2001      27      27  cha027               0.3397E+01     0.0000E+00     0.3392E+01     0.4583E+01     0.1038E+07     0.1036E+07     0.1036E+07     0.1576E+04     0.0000E+00     0.1318E+02     0.1965E+03     0.0000E+00     0.7493E+02     0.1950E+01     0.2130E-02     0.0000E+00     0.0000E+00     0.0000E+00     0.1230E+03     0.0000E+00     0.1228E+03     0.8386E+03     0.6747E+04     0.1945E+02     0.1950E+01     0.0000E+00
   365    12    31  2001      28      28  cha028               0.3314E+01     0.0000E+00     0.3314E+01     0.4486E+01     0.1038E+07     0.1038E+07     0.1038E+07     0.9667E+02     0.2367E+02     0.3955E+00     0.1398E+01     0.0000E+00     0.7299E+02     0.1916E+01     0.1140E-02     0.0000E+00     0.0000E+00     0.0000E+00     0.1253E+03     0.0000E+00     0.1253E+03     0.5021E+02     0.6713E+04     0.1852E+02     0.1916E+01     0.0000E+00
   365    12    31  2001      29      29  cha029               0.3315E+01     0.0000E+00     0.3312E+01     0.4487E+01     0.1038E+07     0.1038E+07     0.1038E+07     0.5706E+03     0.0000E+00     0.5760E+01     0.1203E+03     0.0000E+00     0.7299E+02     0.1916E+01     0.2530E-02     0.0000E+00     0.0000E+00     0.0000E+00     0.1253E+03     0.0000E+00     0.1253E+03     0.2987E+03     0.6713E+04     0.1852E+02     0.1916E+01     0.0000E+00
   365    12    31  2001      30      30  cha030               0.3269E+01     0.0000E+00     0.3267E+01     0.4433E+01     0.1039E+07     0.1038E+07     0.1038E+07     0.5131E+03     0.0000E+00     0.4173E+01     0.7607E+02     0.0000E+00     0.7203E+02     0.1899E+01     0.2300E-02     0.0000E+00     0.0000E+00     0.0000E+00     0.1264E+03     0.0000E+00     0.1263E+03     0.2660E+03     0.6658E+04     0.1825E+02     0.1899E+01     0.0000E+00
   365    12    31  2001      31      31  cha031               0.3197E+01     0.0000E+00     0.3189E+01     0.4348E+01     0.1040E+07     0.1039E+07     0.1039E+07     0.2201E+04     0.0000E+00     0.1857E+02     0.4517E+03     0.0000E+00     0.7045E+02     0.1871E+01     0.2570E-02     0.0000E+00     0.0000E+00     0.0000E+00     0.1282E+03     0.0000E+00     0.1279E+03     0.1134E+04     0.6604E+04     0.1760E+02     0.1871E+01     0.0000E+00
   365    12    31  2001      32      32  cha032               0.3175E+01     0.0000E+00     0.3174E+01     0.4322E+01     0.1041E+07     0.1040E+07     0.1040E+07     0.1318E+03     0.0000E+00     0.1089E+01     0.2654E+02     0.0000E+00     0.6983E+02     0.1860E+01     0.2570E-02     0.0000E+00     0.0000E+00     0.0000E+00     0.1292E+03     0.0000E+00     0.1292E+03     0.6626E+02     0.6558E+04     0.1750E+02     0.1860E+01     0.0000E+00
   365    12    31  2001      33      33  cha033               0.7344E+00     0.0000E+00     0.7337E+00     0.1080E+01     0.4550E+05     0.4569E+05     0.4569E+05     0.2156E+02     0.0000E+00     0.1393E+01     0.2069E+03     0.0000E+00     0.4119E+02     0.1308E+01     0.4670E-02     0.0000E+00     0.0000E+00     0.0000E+00     0.7207E+02     0.0000E+00     0.7200E+02     0.7523E+01     0.1148E+04     0.4718E+01     0.1308E+01     0.0000E+00
   365    12    31  2001      34      34  cha034               0.7372E+00     0.0000E+00     0.7343E+00     0.1084E+01     0.4546E+05     0.4550E+05     0.4550E+05     0.1168E+03     0.0000E+00     0.9275E+00     0.1582E+03     0.0000E+00     0.4117E+02     0.1308E+01     0.2640E-02     0.0000E+00     0.0000E+00     0.0000E+00     0.7240E+02     0.0000E+00     0.7211E+02     0.4179E+02     0.1147E+04     0.4718E+01     0.1308E+01     0.0000E+00
   365    12    31  2001      35      35  cha035               0.2368E+01     0.0000E+00     0.2367E+01     0.3385E+01     0.9958E+06     0.9953E+06     0.9953E+06     0.8219E+03     0.0000E+00     0.6016E+01     0.3242E+03     0.0000E+00     0.4954E+02     0.1480E+01     0.3840E-02     0.0000E+00     0.0000E+00     0.0000E+00     0.1709E+03     0.0000E+00     0.1708E+03     0.3360E+03     0.5369E+04     0.1227E+02     0.1480E+01     0.0000E+00
   365    12    31  2001      36      36  cha036               0.1390E+01     0.0000E+00     0.1389E+01     0.2055E+01     0.8726E+06     0.8715E+06     0.8715E+06     0.6539E+03     0.4250E+03     0.8331E+00     0.2754E+02     0.0000E+00     0.3987E+02     0.1280E+01     0.2250E-02     0.0000E+00     0.0000E+00     0.0000E+00     0.1440E+03     0.0000E+00     0.1440E+03     0.2301E+03     0.4125E+04     0.7405E+01     0.1280E+01     0.0000E+00
   365    12    31  2001      37      37  cha037               0.1207E+01     0.0000E+00     0.1207E+01     0.1814E+01     0.8731E+06     0.8743E+06     0.8743E+06     0.7255E+01     0.0000E+00     0.5567E+01     0.1228E+04     0.0000E+00     0.3610E+02     0.1198E+01     0.2728E-01     0.0000E+00     0.0000E+00     0.0000E+00     0.1476E+03     0.0000E+00     0.1476E+03     0.2359E+01     0.3778E+04     0.6611E+01     0.1198E+01     0.0000E+00
   365    12    31  2001      38      38  cha038               0.1108E+01     0.0000E+00     0.1107E+01     0.1687E+01     0.8513E+06     0.8508E+06     0.8508E+06     0.2987E+03     0.2792E+03     0.4544E+00     0.3748E+02     0.0000E+00     0.3330E+02     0.1136E+01     0.3480E-02     0.0000E+00     0.0000E+00     0.0000E+00     0.1549E+03     0.0000E+00     0.1549E+03     0.9275E+02     0.3499E+04     0.5608E+01     0.1136E+01     0.0000E+00
   365    12    31  2001      39      39  cha039               0.9366E+00     0.0000E+00     0.9361E+00     0.1462E+01     0.3985E+06     0.3983E+06     0.3983E+06     0.3868E+03     0.1868E+03     0.1998E+01     0.3604E+03     0.0000E+00     0.2900E+02     0.1036E+01     0.5500E-02     0.0000E+00     0.0000E+00     0.0000E+00     0.1649E+03     0.0000E+00     0.1648E+03     0.1105E+03     0.2955E+04     0.4624E+01     0.1036E+01     0.0000E+00
   365    12    31  2001      40      40  cha040               0.7617E+00     0.0000E+00     0.7516E+00     0.1227E+01     0.3640E+06     0.3566E+06     0.3566E+06     0.1199E+03     0.6393E+02     0.4592E+00     0.1680E+03     0.0000E+00     0.2450E+02     0.9255E+00     0.6760E-02     0.0000E+00     0.0000E+00     0.0000E+00     0.1776E+03     0.0000E+00     0.1753E+03     0.3069E+02     0.2265E+04     0.3990E+01     0.9255E+00     0.0000E+00
   365    12    31  2001      41      41  cha041               0.7489E+00     0.0000E+00     0.7486E+00     0.1206E+01     0.3646E+06     0.3640E+06     0.3640E+06     0.3350E+03     0.3668E+03     0.4861E+00     0.8096E+02     0.0000E+00     0.2448E+02     0.9250E+00     0.4010E-02     0.0000E+00     0.0000E+00     0.0000E+00     0.1749E+03     0.0000E+00     0.1748E+03     0.8557E+02     0.2292E+04     0.3994E+01     0.9250E+00     0.0000E+00
   365    12    31  2001      42      42  cha042               0.6912E+00     0.0000E+00     0.6912E+00     0.1124E+01     0.3643E+06     0.3644E+06     0.3644E+06     0.1755E+02     0.0000E+00     0.1658E+00     0.1437E+03     0.0000E+00     0.2328E+02     0.8943E+00     0.1185E-01     0.0000E+00     0.0000E+00     0.0000E+00     0.1756E+03     0.0000E+00     0.1756E+03     0.4280E+01     0.2173E+04     0.3966E+01     0.8944E+00     0.0000E+00
   365    12    31  2001      43      43  cha043               0.5590E+00     0.0000E+00     0.5585E+00     0.9476E+00     0.3626E+06     0.3635E+06     0.3635E+06     0.5669E+03     0.0000E+00     0.2127E+01     0.1483E+04     0.0000E+00     0.1889E+02     0.7782E+00     0.9640E-02     0.0000E+00     0.0000E+00     0.0000E+00     0.2011E+03     0.0000E+00     0.2009E+03     0.1215E+03     0.1905E+04     0.3368E+01     0.7782E+00     0.0000E+00
   365    12    31  2001      44      44  cha044               0.4559E+00     0.0000E+00     0.4540E+00     0.7817E+00     0.3533E+06     0.3619E+06     0.3619E+06     0.2122E+04     0.0000E+00     0.6750E+01     0.1066E+05     0.0000E+00     0.1788E+02     0.7502E+00     0.1226E-01     0.0000E+00     0.0000E+00     0.0000E+00     0.1797E+03     0.0000E+00     0.1789E+03     0.3719E+03     0.1835E+04     0.2760E+01     0.7502E+00     0.0000E+00
   365    12    31  2001      45      45  cha045               0.1836E+00     0.0000E+00     0.1835E+00     0.3291E+00     0.3354E+06     0.3468E+06     0.3468E+06     0.4160E+02     0.0000E+00     0.1610E+00     0.1142E+05     0.0000E+00     0.1451E+02     0.6527E+00     0.4617E-01     0.0000E+00     0.0000E+00     0.0000E+00     0.1025E+03     0.0000E+00     0.1025E+03     0.7524E+01     0.1509E+04     0.3928E+00     0.6527E+00     0.0000E+00
   365    12    31  2001      46      46  cha046               0.1836E+00     0.0000E+00     0.1833E+00     0.3294E+00     0.3290E+06     0.3354E+06     0.3354E+06     0.3361E+03     0.0000E+00     0.3942E+00     0.6769E+04     0.0000E+00     0.1448E+02     0.6517E+00     0.2157E-01     0.0000E+00     0.0000E+00     0.0000E+00     0.1029E+03     0.0000E+00     0.1027E+03     0.6071E+02     0.1506E+04     0.3923E+00     0.6517E+00     0.0000E+00
   365    12    31  2001      47      47  cha047               0.1670E+00     0.0000E+00     0.1664E+00     0.3068E+00     0.3103E+06     0.3264E+06     0.3264E+06     0.5779E+03     0.0000E+00     0.6480E+00     0.1673E+05     0.0000E+00     0.1303E+02     0.6073E+00     0.2540E-01     0.0000E+00     0.0000E+00     0.0000E+00     0.1116E+03     0.0000E+00     0.1113E+03     0.9375E+02     0.1278E+04     0.3683E+00     0.6073E+00     0.0000E+00
   365    12    31  2001      48      48  cha048               0.9105E+00     0.0000E+00     0.9105E+00     0.1499E+01     0.1256E+06     0.1263E+06     0.1263E+06     0.8345E+01     0.0000E+00     0.5809E+00     0.7379E+03     0.0000E+00     0.2183E+02     0.8569E+00     0.1771E-01     0.0000E+00     0.0000E+00     0.0000E+00     0.2574E+03     0.0000E+00     0.2574E+03     0.1988E+01     0.1215E+04     0.4062E+01     0.8569E+00     0.0000E+00
   365    12    31  2001      49      49  cha049               0.9102E+00     0.0000E+00     0.9097E+00     0.1499E+01     0.1251E+06     0.1256E+06     0.1256E+06     0.1131E+03     0.0000E+00     0.0000E+00     0.5616E+03     0.0000E+00     0.2183E+02     0.8568E+00     0.7370E-02     0.0000E+00     0.0000E+00     0.0000E+00     0.2574E+03     0.0000E+00     0.2572E+03     0.2699E+02     0.1215E+04     0.4056E+01     0.8568E+00     0.0000E+00
   365    12    31  2001      50      50  cha050               0.8212E+00     0.0000E+00     0.8206E+00     0.1361E+01     0.1223E+06     0.1239E+06     0.1239E+06     0.1325E+03     0.0000E+00     0.0000E+00     0.1718E+04     0.0000E+00     0.2115E+02     0.8390E+00     0.1012E-01     0.0000E+00     0.0000E+00     0.0000E+00     0.2448E+03     0.0000E+00     0.2446E+03     0.3087E+02     0.1198E+04     0.2975E+01     0.8390E+00     0.0000E+00
   365    12    31  2001      51      51  cha051               0.7655E+00     0.0000E+00     0.7651E+00     0.1270E+01     0.1212E+06     0.1223E+06     0.1223E+06     0.6801E+02     0.0000E+00     0.9007E-01     0.1089E+04     0.0000E+00     0.2099E+02     0.8349E+00     0.1091E-01     0.0000E+00     0.0000E+00     0.0000E+00     0.2310E+03     0.0000E+00     0.2309E+03     0.1575E+02     0.1182E+04     0.2740E+01     0.8349E+00     0.0000E+00
   365    12    31  2001      52      52  cha052               0.1325E+00     0.0000E+00     0.1323E+00     0.2524E+00     0.3798E+03     0.7515E+03     0.7515E+03     0.6491E+00     0.3800E+01     0.8144E-01     0.3761E+03     0.0000E+00     0.1115E+02     0.5477E+00     0.9420E-02     0.0000E+00     0.0000E+00     0.0000E+00     0.1147E+03     0.0000E+00     0.1145E+03     0.9814E-01     0.2674E+03     0.5984E+00     0.5477E+00     0.0000E+00
   365    12    31  2001      53      53  cha053               0.3847E-01     0.0000E+00     0.3839E-01     0.8308E-01     0.2597E+02     0.2860E+02     0.2860E+02     0.2525E-01     0.1111E+01     0.0000E+00     0.3766E+01     0.0000E+00     0.6785E+01     0.3932E+00     0.5630E-02     0.0000E+00     0.0000E+00     0.0000E+00     0.7626E+02     0.0000E+00     0.7612E+02     0.2635E-02     0.2380E+02     0.2720E+00     0.3932E+00     0.0000E+00
   365    12    31  2001      54      54  cha054               0.2024E-01     0.0000E+00     0.1971E-01     0.4271E-01     0.7129E+00     0.3075E+03     0.3075E+03     0.5749E-02     0.0000E+00     0.0000E+00     0.3068E+03     0.0000E+00     0.7411E+01     0.4170E+00     0.1185E-01     0.0000E+00     0.0000E+00     0.0000E+00     0.3464E+02     0.0000E+00     0.3373E+02     0.6199E-03     0.1230E+03     0.2047E-01     0.4170E+00     0.0000E+00
   365    12    31  2001      55      55  cha055               0.1023E+00     0.0000E+00     0.1022E+00     0.2188E+00     0.3843E+02     0.7170E+02     0.7170E+02     0.4620E-01     0.3532E+01     0.0000E+00     0.3685E+02     0.0000E+00     0.7033E+01     0.4027E+00     0.8990E-02     0.0000E+00     0.0000E+00     0.0000E+00     0.1910E+03     0.0000E+00     0.1908E+03     0.3503E-02     0.1372E+03     0.5829E+00     0.4027E+00     0.0000E+00
   365    12    31  2001      56      56  cha056               0.5663E-01     0.0000E+00     0.5634E-01     0.1118E+00     0.8692E+02     0.1170E+03     0.1170E+03     0.1966E+00     0.5944E+01     0.0000E+00     0.3619E+02     0.0000E+00     0.9604E+01     0.4956E+00     0.4340E-02     0.0000E+00     0.0000E+00     0.0000E+00     0.6291E+02     0.0000E+00     0.6259E+02     0.2625E-01     0.5160E+02     0.3974E+00     0.4957E+00     0.0000E+00
   365    12    31  2001      57      57  cha057               0.5466E-01     0.0000E+00     0.5398E-01     0.1169E+00     0.4252E+01     0.1535E+04     0.1535E+04     0.3595E-01     0.0000E+00     0.0000E+00     0.1531E+04     0.0000E+00     0.7043E+01     0.4031E+00     0.1857E-01     0.0000E+00     0.0000E+00     0.0000E+00     0.1018E+03     0.0000E+00     0.1006E+03     0.3741E-02     0.2810E+03     0.2052E+00     0.4031E+00     0.0000E+00
   365    12    31  2001      58      58  cha058               0.6866E-01     0.0000E+00     0.6851E-01     0.1374E+00     0.4568E+06     0.4556E+06     0.4556E+06     0.9604E+03     0.4093E+03     0.0000E+00     0.1727E+03     0.0000E+00     0.9118E+01     0.4788E+00     0.8520E-02     0.0000E+00     0.0000E+00     0.0000E+00     0.8317E+02     0.0000E+00     0.8299E+02     0.1271E+03     0.3654E+03     0.3321E+00     0.4788E+00     0.0000E+00
   365    12    31  2001      59      59  cha059               0.9964E-01     0.0000E+00     0.9959E-01     0.1930E+00     0.2222E+05     0.2226E+05     0.2226E+05     0.1182E+02     0.9020E+01     0.0000E+00     0.6698E+02     0.0000E+00     0.1040E+02     0.5226E+00     0.8630E-02     0.0000E+00     0.0000E+00     0.0000E+00     0.9697E+02     0.0000E+00     0.9692E+02     0.1707E+01     0.2792E+03     0.1002E+01     0.5226E+00     0.0000E+00
   365    12    31  2001      60      60  cha060               0.5977E-01     0.0000E+00     0.5968E-01     0.1187E+00     0.2190E+05     0.2211E+05     0.2211E+05     0.2201E+02     0.1191E+02     0.0000E+00     0.2414E+03     0.0000E+00     0.9375E+01     0.4878E+00     0.1141E-01     0.0000E+00     0.0000E+00     0.0000E+00     0.6912E+02     0.0000E+00     0.6902E+02     0.2969E+01     0.2366E+03     0.5032E+00     0.4878E+00     0.0000E+00
   365    12    31  2001      61      61  cha061               0.3739E-01     0.0000E+00     0.3733E-01     0.9844E-01     0.9672E+02     0.1109E+03     0.1109E+03     0.3217E+00     0.9273E+01     0.0000E+00     0.2379E+02     0.0000E+00     0.3424E+01     0.2492E+00     0.8480E-02     0.0000E+00     0.0000E+00     0.0000E+00     0.2317E+03     0.0000E+00     0.2313E+03     0.1233E-01     0.4264E+02     0.4881E+00     0.2492E+00     0.0000E+00
   365    12    31  2001      62      62  cha062               0.2656E-01     0.0000E+00     0.2652E-01     0.5574E-01     0.2175E+05     0.2180E+05     0.2180E+05     0.1397E+02     0.0000E+00     0.0000E+00     0.6910E+02     0.0000E+00     0.7567E+01     0.4228E+00     0.1685E-01     0.0000E+00     0.0000E+00     0.0000E+00     0.4390E+02     0.0000E+00     0.4384E+02     0.1634E+01     0.1908E+03     0.3704E+00     0.4228E+00     0.0000E+00
   365    12    31  2001      63      63  cha063               0.3016E-01     0.0000E+00     0.3010E-01     0.7366E-01     0.3422E+01     0.9680E+02     0.9680E+02     0.3819E-02     0.2981E+00     0.0000E+00     0.9368E+02     0.0000E+00     0.4386E+01     0.2939E+00     0.1539E-01     0.0000E+00     0.0000E+00     0.0000E+00     0.1237E+03     0.0000E+00     0.1235E+03     0.1724E-03     0.4560E+02     0.1259E+00     0.2940E+00     0.0000E+00
   365    12    31  2001      64      64  cha064               0.1417E-01     0.0000E+00     0.1408E-01     0.3127E-01     0.1294E+00     0.1086E+05     0.1086E+05     0.1442E-03     0.0000E+00     0.0000E+00     0.1086E+05     0.0000E+00     0.6274E+01     0.3732E+00     0.6739E-01     0.0000E+00     0.0000E+00     0.0000E+00     0.3201E+02     0.0000E+00     0.3180E+02     0.1456E-04     0.1745E+03     0.3377E-02     0.3732E+00     0.0000E+00
   365    12    31  2001      65      65  cha065               0.2267E+00     0.0000E+00     0.2212E+00     0.4195E+00     0.7619E+05     0.9164E+05     0.9164E+05     0.1872E+03     0.0000E+00     0.2054E+00     0.1739E+05     0.0000E+00     0.1261E+02     0.5944E+00     0.2392E-01     0.0000E+00     0.0000E+00     0.0000E+00     0.1599E+03     0.0000E+00     0.1561E+03     0.2919E+02     0.6888E+03     0.7181E+00     0.5944E+00     0.0000E+00
   365    12    31  2001      66      66  cha066               0.4658E-01     0.0000E+00     0.4657E-01     0.1070E+00     0.4587E+03     0.5218E+03     0.5218E+03     0.4193E-01     0.0000E+00     0.0000E+00     0.6314E+02     0.0000E+00     0.5423E+01     0.3386E+00     0.3237E-01     0.0000E+00     0.0000E+00     0.0000E+00     0.1341E+03     0.0000E+00     0.1341E+03     0.3986E-02     0.6366E+02     0.1598E-01     0.3386E+00     0.0000E+00
   365    12    31  2001      67      67  cha067               0.4382E-01     0.0000E+00     0.4380E-01     0.1007E+00     0.3095E+00     0.4587E+03     0.4587E+03     0.7130E-04     0.0000E+00     0.0000E+00     0.4583E+03     0.0000E+00     0.5422E+01     0.3386E+00     0.4394E-01     0.0000E+00     0.0000E+00     0.0000E+00     0.1262E+03     0.0000E+00     0.1262E+03     0.6635E-05     0.6365E+02     0.1333E-01     0.3386E+00     0.0000E+00
   365    12    31  2001      68      68  cha068               0.6307E-01     0.0000E+00     0.6275E-01     0.1471E+00     0.1674E+02     0.2836E+02     0.2836E+02     0.9265E-01     0.3777E+01     0.0000E+00     0.1549E+02     0.0000E+00     0.5147E+01     0.3270E+00     0.4640E-02     0.0000E+00     0.0000E+00     0.0000E+00     0.1982E+03     0.0000E+00     0.1972E+03     0.1011E-01     0.2895E+02     0.4583E+00     0.3270E+00     0.0000E+00
   365    12    31  2001      69      69  cha069               0.3112E+01     0.0000E+00     0.3110E+01     0.4242E+01     0.1041E+07     0.1040E+07     0.1040E+07     0.6302E+03     0.0000E+00     0.4899E+01     0.1086E+03     0.0000E+00     0.6928E+02     0.1850E+01     0.2470E-02     0.0000E+00     0.0000E+00     0.0000E+00     0.1284E+03     0.0000E+00     0.1283E+03     0.3179E+03     0.6528E+04     0.1703E+02     0.1850E+01     0.0000E+00
   365    12    31  2001      70      70  cha070               0.4099E-01     0.0000E+00     0.4074E-01     0.9010E-01     0.1265E+01     0.1451E+02     0.1451E+02     0.5827E-02     0.4372E+00     0.0000E+00     0.1369E+02     0.0000E+00     0.6362E+01     0.3767E+00     0.4560E-02     0.0000E+00     0.0000E+00     0.0000E+00     0.9048E+02     0.0000E+00     0.8992E+02     0.8104E-03     0.5128E+01     0.3476E-01     0.3766E+00     0.0000E+00
   365    12    31  2001      71      71  cha071               0.4031E-02     0.0000E+00     0.3870E-02     0.9388E-02     0.1064E+01     0.1059E+02     0.1059E+02     0.9130E-02     0.0000E+00     0.0000E+00     0.9532E+01     0.0000E+00     0.5170E+01     0.3280E+00     0.4970E-02     0.0000E+00     0.0000E+00     0.0000E+00     0.1257E+02     0.0000E+00     0.1207E+02     0.8404E-03     0.8301E+01     0.2706E-01     0.3280E+00     0.0000E+00
   365    12    31  2001      72      72  cha072               0.1670E+00     0.0000E+00     0.1666E+00     0.3035E+00     0.3873E+03     0.3721E+03     0.3721E+03     0.8718E+00     0.1624E+02     0.0000E+00     0.1887E+01     0.0000E+00     0.1367E+02     0.6273E+00     0.1330E-02     0.0000E+00     0.0000E+00     0.0000E+00     0.1030E+03     0.0000E+00     0.1027E+03     0.1519E+00     0.1051E+03     0.2676E+01     0.6273E+00     0.0000E+00
   365    12    31  2001      73      73  cha073               0.2951E-01     0.0000E+00     0.2897E-01     0.6550E-01     0.2828E+03     0.2669E+03     0.2669E+03     0.2989E+01     0.5364E+02     0.0000E+00     0.4079E+02     0.0000E+00     0.6140E+01     0.3678E+00     0.5780E-02     0.0000E+00     0.0000E+00     0.0000E+00     0.6911E+02     0.0000E+00     0.6785E+02     0.3928E+00     0.2978E+02     0.1435E+01     0.3678E+00     0.0000E+00
   365    12    31  2001      74      74  cha074               0.6043E-02     0.0000E+00     0.6027E-02     0.1591E-01     0.1075E+05     0.1093E+05     0.1093E+05     0.1013E+02     0.0000E+00     0.0000E+00     0.1841E+03     0.0000E+00     0.3421E+01     0.2491E+00     0.2767E-01     0.0000E+00     0.0000E+00     0.0000E+00     0.3751E+02     0.0000E+00     0.3741E+02     0.7015E+00     0.1208E+03     0.4405E-02     0.2491E+00     0.0000E+00
   365    12    31  2001      75      75  cha075               0.5391E-02     0.0000E+00     0.5371E-02     0.1466E-01     0.7459E+04     0.1075E+05     0.1075E+05     0.7254E+01     0.0000E+00     0.0000E+00     0.3301E+04     0.0000E+00     0.3089E+01     0.2327E+00     0.6501E-01     0.0000E+00     0.0000E+00     0.0000E+00     0.3966E+02     0.0000E+00     0.3951E+02     0.4693E+00     0.1094E+03     0.4033E-02     0.2327E+00     0.0000E+00
   365    12    31  2001      76      76  cha076               0.3473E-01     0.0000E+00     0.3468E-01     0.7514E-01     0.1890E+02     0.2574E+02     0.2574E+02     0.9024E-02     0.5521E+00     0.0000E+00     0.7401E+01     0.0000E+00     0.6740E+01     0.3914E+00     0.7910E-02     0.0000E+00     0.0000E+00     0.0000E+00     0.6962E+02     0.0000E+00     0.6951E+02     0.8374E-03     0.2352E+02     0.2501E+00     0.3914E+00     0.0000E+00
   365    12    31  2001      77      77  cha077               0.2105E-01     0.0000E+00     0.2078E-01     0.4746E-01     0.1780E+02     0.3098E+02     0.3098E+02     0.1290E+00     0.1065E+01     0.0000E+00     0.1438E+02     0.0000E+00     0.5800E+01     0.3541E+00     0.5090E-02     0.0000E+00     0.0000E+00     0.0000E+00     0.5420E+02     0.0000E+00     0.5351E+02     0.1345E-01     0.4625E+01     0.1356E+00     0.3541E+00     0.0000E+00
   365    12    31  2001      78      78  cha078               0.3368E+01     0.0000E+00     0.3366E+01     0.4552E+01     0.1038E+07     0.1038E+07     0.1038E+07     0.4892E+03     0.0000E+00     0.6440E+01     0.1339E+03     0.0000E+00     0.7385E+02     0.1931E+01     0.2710E-02     0.0000E+00     0.0000E+00     0.0000E+00     0.1249E+03     0.0000E+00     0.1248E+03     0.2574E+03     0.6738E+04     0.1895E+02     0.1931E+01     0.0000E+00
   365    12    31  2001      79      79  cha079               0.3309E-01     0.0000E+00     0.3280E-01     0.7025E-01     0.8457E+01     0.2136E+02     0.2136E+02     0.2189E-01     0.7977E-01     0.0000E+00     0.1300E+02     0.0000E+00     0.7242E+01     0.4106E+00     0.5430E-02     0.0000E+00     0.0000E+00     0.0000E+00     0.5886E+02     0.0000E+00     0.5833E+02     0.2839E-02     0.5335E+02     0.1382E+00     0.4106E+00     0.0000E+00
   365    12    31  2001      80      80  cha080               0.2598E-01     0.0000E+00     0.2574E-01     0.5868E-01     0.1040E+01     0.7878E+01     0.7878E+01     0.3669E-02     0.2635E+00     0.0000E+00     0.7105E+01     0.0000E+00     0.5762E+01     0.3526E+00     0.4420E-02     0.0000E+00     0.0000E+00     0.0000E+00     0.6763E+02     0.0000E+00     0.6700E+02     0.4018E-03     0.9687E+01     0.2115E-01     0.3526E+00     0.0000E+00
   365    12    31  2001      81      81  cha081               0.1814E+00     0.0000E+00     0.1810E+00     0.3028E+00     0.3377E+05     0.3381E+05     0.3381E+05     0.4448E+02     0.0000E+00     0.0000E+00     0.8540E+02     0.0000E+00     0.2040E+02     0.8189E+00     0.4460E-02     0.0000E+00     0.0000E+00     0.0000E+00     0.5744E+02     0.0000E+00     0.5730E+02     0.9927E+01     0.5484E+03     0.1267E+01     0.8189E+00     0.0000E+00
   365    12    31  2001      82      82  cha082               0.7145E-02     0.0000E+00     0.6997E-02     0.1567E-01     0.1171E+01     0.3728E+01     0.3728E+01     0.5274E-02     0.0000E+00     0.0000E+00     0.2563E+01     0.0000E+00     0.6419E+01     0.3789E+00     0.3870E-02     0.0000E+00     0.0000E+00     0.0000E+00     0.1554E+02     0.0000E+00     0.1521E+02     0.4638E-03     0.6514E+02     0.2887E-01     0.3789E+00     0.0000E+00
   365    12    31  2001      83      83  cha083               0.1103E+00     0.0000E+00     0.1089E+00     0.2235E+00     0.5004E+03     0.3794E+03     0.3794E+03     0.4392E+01     0.1280E+03     0.0000E+00     0.1136E+02     0.0000E+00     0.8661E+01     0.4627E+00     0.3140E-02     0.0000E+00     0.0000E+00     0.0000E+00     0.1456E+03     0.0000E+00     0.1438E+03     0.7817E+00     0.6742E+02     0.2672E+01     0.4627E+00     0.0000E+00
   365    12    31  2001      84      84  cha084               0.4554E-01     0.0000E+00     0.4509E-01     0.1032E+00     0.2801E+03     0.2719E+03     0.2719E+03     0.3308E+01     0.1280E+02     0.0000E+00     0.7914E+01     0.0000E+00     0.5699E+01     0.3500E+00     0.3860E-02     0.0000E+00     0.0000E+00     0.0000E+00     0.1207E+03     0.0000E+00     0.1195E+03     0.3052E+00     0.4201E+02     0.4908E+00     0.3500E+00     0.0000E+00
   365    12    31  2001      85      85  cha085               0.5611E-01     0.0000E+00     0.5592E-01     0.1169E+00     0.4578E+06     0.4568E+06     0.4568E+06     0.1296E+04     0.0000E+00     0.0000E+00     0.2902E+03     0.0000E+00     0.7779E+01     0.4307E+00     0.1630E-01     0.0000E+00     0.0000E+00     0.0000E+00     0.8858E+02     0.0000E+00     0.8827E+02     0.1523E+03     0.3120E+03     0.2319E+00     0.4307E+00     0.0000E+00
   365    12    31  2001      86      86  cha086               0.8505E+00     0.0000E+00     0.8503E+00     0.1342E+01     0.3983E+06     0.3989E+06     0.3989E+06     0.1546E+03     0.4251E+02     0.1702E+01     0.7982E+03     0.0000E+00     0.2732E+02     0.9951E+00     0.9510E-02     0.0000E+00     0.0000E+00     0.0000E+00     0.1655E+03     0.0000E+00     0.1654E+03     0.4252E+02     0.2741E+04     0.4382E+01     0.9951E+00     0.0000E+00
   365    12    31  2001      87      87  cha087               0.1691E+00     0.0000E+00     0.1689E+00     0.3087E+00     0.3264E+06     0.3290E+06     0.3290E+06     0.2206E+03     0.0000E+00     0.2014E+00     0.2799E+04     0.0000E+00     0.1338E+02     0.6183E+00     0.1989E-01     0.0000E+00     0.0000E+00     0.0000E+00     0.1081E+03     0.0000E+00     0.1079E+03     0.3784E+02     0.1327E+04     0.3766E+00     0.6183E+00     0.0000E+00
   365    12    31  2001      88      88  cha088               0.1617E-01     0.0000E+00     0.1601E-01     0.3683E-01     0.2177E+06     0.2705E+06     0.2705E+06     0.4700E+03     0.0000E+00     0.0000E+00     0.5329E+05     0.0000E+00     0.5593E+01     0.3457E+00     0.9224E-01     0.0000E+00     0.0000E+00     0.0000E+00     0.4423E+02     0.0000E+00     0.4378E+02     0.4462E+02     0.2976E+03     0.1240E-01     0.3457E+00     0.0000E+00
   365    12    31  2001      89      89  cha089               0.1498E-01     0.0000E+00     0.1451E-01     0.3519E-01     0.1789E+01     0.3931E+05     0.3931E+05     0.1434E-01     0.0000E+00     0.0000E+00     0.3931E+05     0.0000E+00     0.5013E+01     0.3213E+00     0.5813E-01     0.0000E+00     0.0000E+00     0.0000E+00     0.4917E+02     0.0000E+00     0.4765E+02     0.1173E-02     0.2440E+03     0.3927E-01     0.3213E+00     0.0000E+00
   365    12    31  2001      90      90  cha090               0.8380E-01     0.0000E+00     0.8345E-01     0.1683E+00     0.3996E+05     0.4172E+05     0.4172E+05     0.1595E+03     0.1264E+03     0.0000E+00     0.2043E+04     0.0000E+00     0.8969E+01     0.4736E+00     0.1463E-01     0.0000E+00     0.0000E+00     0.0000E+00     0.1043E+03     0.0000E+00     0.1039E+03     0.2052E+02     0.4597E+03     0.3896E+00     0.4736E+00     0.0000E+00
   365    12    31  2001      91      91  cha091               0.5348E-02     0.0000E+00     0.4933E-02     0.1300E-01     0.2233E+02     0.5360E+04     0.5360E+04     0.2409E+00     0.0000E+00     0.0000E+00     0.5338E+04     0.0000E+00     0.4457E+01     0.2971E+00     0.3223E-01     0.0000E+00     0.0000E+00     0.0000E+00     0.2136E+02     0.0000E+00     0.1970E+02     0.1684E-01     0.3385E+02     0.1207E+00     0.2971E+00     0.0000E+00
   365    12    31  2001      92      92  cha092               0.5267E-01     0.0000E+00     0.5179E-01     0.1036E+00     0.5469E+04     0.5421E+04     0.5421E+04     0.6883E+02     0.4463E+02     0.0000E+00     0.6501E+02     0.0000E+00     0.9763E+01     0.5011E+00     0.3570E-02     0.0000E+00     0.0000E+00     0.0000E+00     0.5693E+02     0.0000E+00     0.5598E+02     0.9242E+01     0.5756E+02     0.6195E+00     0.5011E+00     0.0000E+00
   365    12    31  2001      93      93  cha093               0.1267E-01     0.0000E+00     0.1218E-01     0.2840E-01     0.5360E+04     0.5399E+04     0.5399E+04     0.4801E+02     0.0000E+00     0.0000E+00     0.8709E+02     0.0000E+00     0.5930E+01     0.3594E+00     0.9380E-02     0.0000E+00     0.0000E+00     0.0000E+00     0.3145E+02     0.0000E+00     0.3023E+02     0.4696E+01     0.4544E+02     0.1336E+00     0.3594E+00     0.0000E+00
   365    12    31  2001      94      94  cha094               0.2148E-01     0.0000E+00     0.2074E-01     0.5083E-01     0.4682E+02     0.2736E+03     0.2736E+03     0.5787E+00     0.2708E+01     0.0000E+00     0.2300E+03     0.0000E+00     0.4886E+01     0.3159E+00     0.1058E-01     0.0000E+00     0.0000E+00     0.0000E+00     0.7358E+02     0.0000E+00     0.7107E+02     0.5483E-01     0.3550E+02     0.3267E+00     0.3159E+00     0.0000E+00
   365    12    31  2001      95      95  cha095               0.5184E-02     0.0000E+00     0.5128E-02     0.1442E-01     0.3502E-03     0.7459E+04     0.7459E+04     0.8980E-06     0.0000E+00     0.0000E+00     0.7459E+04     0.0000E+00     0.2875E+01     0.2218E+00     0.6140E-01     0.0000E+00     0.0000E+00     0.0000E+00     0.4298E+02     0.0000E+00     0.4252E+02     0.4280E-07     0.1061E+03     0.3951E-02     0.2218E+00     0.0000E+00
   365    12    31  2001      96      96  cha096               0.7274E-02     0.0000E+00     0.7165E-02     0.1884E-01     0.3948E-05     0.2177E+06     0.2177E+06     0.1094E-07     0.0000E+00     0.0000E+00     0.2177E+06     0.0000E+00     0.3613E+01     0.2583E+00     0.1516E+00     0.0000E+00     0.0000E+00     0.0000E+00     0.4122E+02     0.0000E+00     0.4060E+02     0.7723E-09     0.1393E+03     0.4579E-02     0.2583E+00     0.0000E+00
   365    12    31  2001      97      97  cha097               0.3858E+00     0.0000E+00     0.3844E+00     0.6229E+00     0.5758E+04     0.4328E+04     0.4328E+04     0.2450E+03     0.1185E+04     0.0000E+00     0.8137E-05     0.0000E+00     0.2415E+02     0.9166E+00     0.1000E-04     0.0000E+00     0.0000E+00     0.0000E+00     0.9215E+02     0.0000E+00     0.9183E+02     0.4623E+02     0.1679E+03     0.2203E+01     0.9166E+00     0.0000E+00
   365    12    31  2001      98      98  cha098               0.2267E-01     0.0000E+00     0.2234E-01     0.4704E-01     0.5400E+04     0.5397E+04     0.5397E+04     0.2311E+02     0.0000E+00     0.0000E+00     0.1955E+02     0.0000E+00     0.7899E+01     0.4351E+00     0.6620E-02     0.0000E+00     0.0000E+00     0.0000E+00     0.3488E+02     0.0000E+00     0.3437E+02     0.2772E+01     0.5237E+02     0.1652E+00     0.4351E+00     0.0000E+00
   365    12    31  2001      99      99  cha099               0.1132E+00     0.0000E+00     0.1111E+00     0.1940E+00     0.3301E+05     0.3346E+05     0.3346E+05     0.2027E+03     0.0000E+00     0.0000E+00     0.6450E+03     0.0000E+00     0.1789E+02     0.7503E+00     0.5710E-02     0.0000E+00     0.0000E+00     0.0000E+00     0.4460E+02     0.0000E+00     0.4377E+02     0.4205E+02     0.5041E+03     0.6469E+00     0.7503E+00     0.0000E+00
   365    12    31  2001     100     100  cha100               0.2335E+01     0.0000E+00     0.2331E+01     0.3341E+01     0.9979E+06     0.9958E+06     0.9958E+06     0.1962E+04     0.5704E+03     0.1081E+02     0.3714E+03     0.0000E+00     0.4916E+02     0.1472E+01     0.3100E-02     0.0000E+00     0.0000E+00     0.0000E+00     0.1706E+03     0.0000E+00     0.1704E+03     0.7990E+03     0.5359E+04     0.1197E+02     0.1472E+01     0.0000E+00
   365    12    31  2001     101     101  cha101               0.8915E+00     0.0000E+00     0.8903E+00     0.1471E+01     0.1239E+06     0.1250E+06     0.1250E+06     0.2888E+03     0.0000E+00     0.0000E+00     0.1447E+04     0.0000E+00     0.2164E+02     0.8518E+00     0.7420E-02     0.0000E+00     0.0000E+00     0.0000E+00     0.2558E+03     0.0000E+00     0.2555E+03     0.6749E+02     0.1209E+04     0.3476E+01     0.8518E+00     0.0000E+00
   365    12    31  2001     102     102  cha102               0.7424E+00     0.0000E+00     0.7395E+00     0.1233E+01     0.1100E+06     0.1212E+06     0.1212E+06     0.4026E+03     0.0000E+00     0.1306E+01     0.1169E+05     0.0000E+00     0.2085E+02     0.8311E+00     0.1278E-01     0.0000E+00     0.0000E+00     0.0000E+00     0.2265E+03     0.0000E+00     0.2256E+03     0.8248E+02     0.1175E+04     0.2636E+01     0.8312E+00     0.0000E+00
   365    12    31  2001     103     103  cha103               0.2937E+00     0.0000E+00     0.2934E+00     0.5251E+00     0.9217E+05     0.9523E+05     0.9523E+05     0.7818E+02     0.0000E+00     0.8413E-01     0.3137E+04     0.0000E+00     0.1469E+02     0.6581E+00     0.1764E-01     0.0000E+00     0.0000E+00     0.0000E+00     0.1606E+03     0.0000E+00     0.1604E+03     0.1433E+02     0.7688E+03     0.8122E+00     0.6581E+00     0.0000E+00
   365    12    31  2001     104     104  cha104               0.1371E+01     0.0000E+00     0.1370E+01     0.2038E+01     0.8733E+06     0.8726E+06     0.8726E+06     0.5943E+03     0.2701E+03     0.1582E+01     0.1205E+03     0.0000E+00     0.3856E+02     0.1252E+01     0.3670E-02     0.0000E+00     0.0000E+00     0.0000E+00     0.1502E+03     0.0000E+00     0.1501E+03     0.2048E+03     0.4099E+04     0.7376E+01     0.1252E+01     0.0000E+00
   365    12    31  2001     105     105  cha105               0.1345E+01     0.0000E+00     0.1344E+01     0.2003E+01     0.8740E+06     0.8733E+06     0.8733E+06     0.4304E+03     0.3290E+03     0.9311E+00     0.4123E+02     0.0000E+00     0.3809E+02     0.1242E+01     0.2960E-02     0.0000E+00     0.0000E+00     0.0000E+00     0.1503E+03     0.0000E+00     0.1502E+03     0.1470E+03     0.4087E+04     0.7262E+01     0.1242E+01     0.0000E+00
   365    12    31  2001     106     106  cha106               0.1314E+01     0.0000E+00     0.1313E+01     0.1961E+01     0.8758E+06     0.8740E+06     0.8740E+06     0.1105E+04     0.8557E+03     0.2335E+01     0.1092E+03     0.0000E+00     0.3755E+02     0.1230E+01     0.3020E-02     0.0000E+00     0.0000E+00     0.0000E+00     0.1504E+03     0.0000E+00     0.1503E+03     0.3733E+03     0.4057E+04     0.7011E+01     0.1230E+01     0.0000E+00
   365    12    31  2001     107     107  cha107               0.1492E-01     0.0000E+00     0.1410E-01     0.3244E-01     0.1086E+05     0.1830E+05     0.1830E+05     0.2685E+02     0.0000E+00     0.0000E+00     0.7625E+04     0.0000E+00     0.6624E+01     0.3869E+00     0.4739E-01     0.0000E+00     0.0000E+00     0.0000E+00     0.3079E+02     0.0000E+00     0.2909E+02     0.2883E+01     0.1709E+03     0.5756E-02     0.3869E+00     0.0000E+00
   365    12    31  2001     108     108  cha108               0.1473E-01     0.0000E+00     0.1460E-01     0.3186E-01     0.1830E+05     0.2016E+05     0.2016E+05     0.3296E+02     0.0000E+00     0.0000E+00     0.1893E+04     0.0000E+00     0.6744E+01     0.3916E+00     0.3454E-01     0.0000E+00     0.0000E+00     0.0000E+00     0.2949E+02     0.0000E+00     0.2925E+02     0.3579E+01     0.1724E+03     0.8402E-02     0.3916E+00     0.0000E+00
   365    12    31  2001     109     109  cha109               0.2422E-01     0.0000E+00     0.2410E-01     0.5112E-01     0.2030E+05     0.2135E+05     0.2135E+05     0.3372E+02     0.0000E+00     0.0000E+00     0.1085E+04     0.0000E+00     0.7404E+01     0.4167E+00     0.2872E-01     0.0000E+00     0.0000E+00     0.0000E+00     0.4152E+02     0.0000E+00     0.4130E+02     0.3881E+01     0.1895E+03     0.3367E+00     0.4167E+00     0.0000E+00
   365    12    31  2001     110     110  cha110               0.2438E-01     0.0000E+00     0.2432E-01     0.5131E-01     0.2135E+05     0.2174E+05     0.2174E+05     0.1787E+02     0.0000E+00     0.0000E+00     0.4097E+03     0.0000E+00     0.7486E+01     0.4198E+00     0.2630E-01     0.0000E+00     0.0000E+00     0.0000E+00     0.4104E+02     0.0000E+00     0.4093E+02     0.2072E+01     0.1900E+03     0.3390E+00     0.4198E+00     0.0000E+00
   365    12    31  2001     111     111  cha111               0.1104E+01     0.0000E+00     0.1102E+01     0.1682E+01     0.8532E+06     0.8513E+06     0.8513E+06     0.1478E+04     0.1040E+04     0.4742E+01     0.6128E+03     0.0000E+00     0.3329E+02     0.1135E+01     0.4950E-02     0.0000E+00     0.0000E+00     0.0000E+00     0.1544E+03     0.0000E+00     0.1542E+03     0.4600E+03     0.3500E+04     0.5606E+01     0.1135E+01     0.0000E+00
   365    12    31  2001     112     112  cha112               0.1020E+01     0.0000E+00     0.1019E+01     0.1567E+01     0.8539E+06     0.8531E+06     0.8531E+06     0.5709E+03     0.5072E+03     0.1943E+01     0.2972E+03     0.0000E+00     0.3163E+02     0.1097E+01     0.5480E-02     0.0000E+00     0.0000E+00     0.0000E+00     0.1554E+03     0.0000E+00     0.1553E+03     0.1730E+03     0.3324E+04     0.4968E+01     0.1097E+01     0.0000E+00
   365    12    31  2001     113     113  cha113               0.3304E-01     0.0000E+00     0.3152E-01     0.7093E-01     0.1093E+05     0.4578E+06     0.4578E+06     0.4856E+02     0.0000E+00     0.0000E+00     0.4518E+06     0.0000E+00     0.6938E+01     0.3991E+00     0.1259E+00     0.0000E+00     0.0000E+00     0.0000E+00     0.6311E+02     0.0000E+00     0.6022E+02     0.5159E+01     0.2823E+03     0.6418E-01     0.3991E+00     0.0000E+00
   365    12    31  2001     114     114  cha114               0.8997E+00     0.0000E+00     0.8993E+00     0.1416E+01     0.3989E+06     0.3985E+06     0.3985E+06     0.3639E+03     0.1807E+03     0.8991E+00     0.1476E+03     0.0000E+00     0.2775E+02     0.1006E+01     0.4430E-02     0.0000E+00     0.0000E+00     0.0000E+00     0.1705E+03     0.0000E+00     0.1704E+03     0.1010E+03     0.2781E+04     0.4580E+01     0.1006E+01     0.0000E+00
   365    12    31  2001     115     115  cha115               0.5180E-01     0.0000E+00     0.5164E-01     0.1075E+00     0.3936E+05     0.3995E+05     0.3995E+05     0.7577E+02     0.0000E+00     0.0000E+00     0.6669E+03     0.0000E+00     0.7887E+01     0.4347E+00     0.2307E-01     0.0000E+00     0.0000E+00     0.0000E+00     0.7992E+02     0.0000E+00     0.7966E+02     0.8932E+01     0.4137E+03     0.2945E+00     0.4347E+00     0.0000E+00
   365    12    31  2001     116     116  cha116               0.7027E+00     0.0000E+00     0.7024E+00     0.1142E+01     0.3644E+06     0.3646E+06     0.3646E+06     0.2004E+03     0.1173E+03     0.1312E+01     0.4737E+03     0.0000E+00     0.2333E+02     0.8957E+00     0.8150E-02     0.0000E+00     0.0000E+00     0.0000E+00     0.1779E+03     0.0000E+00     0.1778E+03     0.4958E+02     0.2173E+04     0.3963E+01     0.8957E+00     0.0000E+00
   365    12    31  2001     117     117  cha117               0.4789E+00     0.0000E+00     0.4786E+00     0.8199E+00     0.3619E+06     0.3626E+06     0.3626E+06     0.3293E+03     0.0000E+00     0.9745E+00     0.1068E+04     0.0000E+00     0.1800E+02     0.7534E+00     0.1073E-01     0.0000E+00     0.0000E+00     0.0000E+00     0.1868E+03     0.0000E+00     0.1867E+03     0.6874E+02     0.1844E+04     0.2945E+01     0.7534E+00     0.0000E+00
   365    12    31  2001     118     118  cha118               0.2281E+00     0.0000E+00     0.2277E+00     0.4056E+00     0.3468E+06     0.3531E+06     0.3531E+06     0.4320E+03     0.0000E+00     0.4765E+00     0.6733E+04     0.0000E+00     0.1507E+02     0.6692E+00     0.1972E-01     0.0000E+00     0.0000E+00     0.0000E+00     0.1196E+03     0.0000E+00     0.1194E+03     0.7985E+02     0.1573E+04     0.6122E+00     0.6692E+00     0.0000E+00
   365    12    31  2001     119     119  cha119               0.9839E-01     0.0000E+00     0.9825E-01     0.1885E+00     0.3015E+06     0.3102E+06     0.3102E+06     0.1922E+03     0.0000E+00     0.9563E-01     0.8977E+04     0.0000E+00     0.1089E+02     0.5390E+00     0.3322E-01     0.0000E+00     0.0000E+00     0.0000E+00     0.8863E+02     0.0000E+00     0.8850E+02     0.2874E+02     0.9124E+03     0.2268E+00     0.5390E+00     0.0000E+00
