 Daily head (m) values for observation wells
     cell:       11453       14099       19054       23110       23553       26989       27309
 
    2000       1     311.750      66.330     667.750      46.500      59.770     123.398      16.835
    2000       2     311.750      66.330     667.750      46.500      60.008     123.323      17.069
    2000       3     311.751      66.330     667.750      46.500      60.220     123.271      17.307
    2000       4     311.751      66.330     667.750      46.500      60.408     123.237      17.528
    2000       5     311.751      66.330     667.750      46.500      60.576     123.217      17.728
    2000       6     311.751      66.330     667.750      46.500      60.727     123.207      17.910
    2000       7     311.752      66.330     667.750      46.500      60.861     123.206      18.076
    2000       8     311.752      66.330     667.750      46.500      60.982     123.210      18.230
    2000       9     311.753      66.330     667.750      46.500      61.092     123.218      18.373
    2000      10     311.754      66.330     667.750      46.500      61.190     123.228      18.507
    2000      11     311.755      66.330     667.750      46.500      61.280     123.240      18.633
    2000      12     311.757      66.330     667.750      46.500      61.361     123.252      18.753
    2000      13     311.760      66.330     667.750      46.500      61.435     123.262      18.866
    2000      14     311.762      66.330     667.750      46.500      61.503     123.265      18.973
    2000      15     311.766      66.330     667.750      46.500      61.566     123.262      19.075
    2000      16     311.771      66.330     667.750      46.500      61.623     123.252      19.163
    2000      17     311.776      66.330     667.750      46.500      61.676     123.236      19.242
    2000      18     311.782      66.330     667.750      46.500      61.726     123.214      19.313
    2000      19     311.789      66.330     667.750      46.500      61.772     123.186      19.379
    2000      20     311.796      66.330     667.750      46.500      61.815     123.152      19.440
    2000      21     311.805      66.330     667.750      46.500      61.855     123.113      19.496
    2000      22     311.813      66.330     667.750      46.500      61.893     123.070      19.546
    2000      23     311.823      66.330     667.750      46.500      61.930     123.022      19.591
    2000      24     311.833      66.330     667.750      46.500      61.964     122.969      19.632
    2000      25     311.844      66.330     667.750      46.500      61.997     122.913      19.669
    2000      26     311.855      66.330     667.750      46.500      62.029     122.854      19.698
    2000      27     311.867      66.330     667.750      46.500      62.059     122.791      19.696
    2000      28     311.879      66.330     667.750      46.500      62.088     122.726      19.705
    2000      29     311.892      66.330     667.750      46.500      62.117     122.658      19.708
    2000      30     311.905      66.330     667.750      46.500      62.145     122.587      19.712
    2000      31     311.918      66.330     667.750      46.500      62.172     122.515      19.716
    2000      32     311.932      66.330     667.750      46.500      62.199     122.440      19.719
    2000      33     311.946      66.330     667.750      46.500      62.225     122.363      19.722
    2000      34     311.960      66.330     667.750      46.500      62.250     122.284      19.725
    2000      35     311.975      66.330     667.750      46.500      62.276     122.203      19.727
    2000      36     311.989      66.330     667.750      46.500      62.301     122.120      19.729
    2000      37     312.004      66.330     667.750      46.500      62.326     122.036      19.731
    2000      38     312.019      66.330     667.750      46.500      62.351     121.951      19.733
    2000      39     312.035      66.330     667.750      46.500      62.375     121.864      19.735
    2000      40     312.050      66.330     667.750      46.500      62.399     121.776      19.736
    2000      41     312.066      66.330     667.750      46.500      62.424     121.687      19.738
    2000      42     312.082      66.330     667.750      46.500      62.448     121.597      19.739
    2000      43     312.097      66.330     667.750      46.500      62.472     121.506      19.740
    2000      44     312.113      66.330     667.750      46.500      62.496     121.415      19.741
    2000      45     312.129      66.330     667.750      46.500      62.519     121.324      19.742
    2000      46     312.145      66.330     667.750      46.500      62.524     121.231      19.743
    2000      47     312.161      66.330     667.750      46.500      62.527     121.139      19.744
    2000      48     312.177      66.330     667.750      46.500      62.530     121.046      19.744
    2000      49     312.194      66.330     667.750      46.500      62.533     120.953      19.745
    2000      50     312.210      66.330     667.750      46.500      62.536     120.860      19.746
    2000      51     312.226      66.330     667.750      46.500      62.538     120.767      19.746
    2000      52     312.242      66.330     667.750      46.500      62.541     120.674      19.747
    2000      53     312.258      66.330     667.750      46.500      62.544     120.582      19.747
    2000      54     312.274      66.330     667.750      46.500      62.546     120.489      19.747
    2000      55     312.290      66.330     667.750      46.500      62.549     120.397      19.748
    2000      56     312.305      66.330     667.750      46.500      62.551     120.306      19.748
    2000      57     312.321      66.330     667.750      46.500      62.554     120.215      19.748
    2000      58     312.337      66.330     667.750      46.500      62.556     120.124      19.748
    2000      59     312.353      66.330     667.750      46.500      62.558     120.034      19.748
    2000      60     312.368      66.330     667.750      46.500      62.560     119.945      19.748
    2000      61     312.383      66.330     667.750      46.500      62.563     119.856      19.749
    2000      62     312.399      66.330     667.750      46.500      62.565     119.768      19.749
    2000      63     312.414      66.330     667.750      46.500      62.567     119.680      19.749
    2000      64     312.429      66.330     667.750      46.500      62.568     119.593      19.749
    2000      65     312.444      66.330     667.750      46.500      62.570     119.507      19.749
    2000      66     312.458      66.330     667.750      46.500      62.571     119.421      19.749
    2000      67     312.473      66.330     667.750      46.500      62.572     119.336      19.749
    2000      68     312.488      66.330     667.750      46.500      62.573     119.251      19.749
    2000      69     312.502      66.330     667.750      46.500      62.575     119.167      19.749
    2000      70     312.516      66.330     667.750      46.500      62.576     119.084      19.749
    2000      71     312.530      66.330     667.750      46.500      62.577     119.001      19.749
    2000      72     312.544      66.330     667.750      46.500      62.578     118.919      19.749
    2000      73     312.558      66.330     667.750      46.500      62.579     118.838      19.749
    2000      74     312.572      66.330     667.750      46.500      62.580     118.757      19.749
    2000      75     312.585      66.330     667.750      46.500      62.581     118.676      19.749
    2000      76     312.598      66.330     667.750      46.500      62.582     118.598      19.749
    2000      77     312.612      66.330     667.750      46.500      62.583     118.521      19.749
    2000      78     312.625      66.330     667.750      46.500      62.584     118.445      19.749
    2000      79     312.637      66.330     667.750      46.500      62.584     118.372      19.749
    2000      80     312.650      66.330     667.750      46.500      62.585     118.300      19.749
    2000      81     312.663      66.330     667.750      46.500      62.586     118.229      19.749
    2000      82     312.675      66.330     667.750      46.500      62.587     118.160      19.749
    2000      83     312.687      66.330     667.750      46.500      62.587     118.093      19.749
    2000      84     312.699      66.330     667.750      46.500      62.588     118.027      19.749
    2000      85     312.711      66.330     667.750      46.501      62.589     117.961      19.749
    2000      86     312.723      66.330     667.750      46.501      62.589     117.898      19.749
    2000      87     312.735      66.330     667.750      46.501      62.590     117.835      19.749
    2000      88     312.746      66.330     667.750      46.501      62.590     117.774      19.749
    2000      89     312.758      66.331     667.750      46.501      62.591     117.713      19.749
    2000      90     312.769      66.331     667.750      46.501      62.591     117.654      19.749
    2000      91     312.780      66.331     667.750      46.501      62.592     117.596      19.749
    2000      92     312.791      66.331     667.750      46.501      62.592     117.538      19.749
    2000      93     312.801      66.331     667.750      46.501      62.593     117.482      19.749
    2000      94     312.812      66.331     667.750      46.501      62.593     117.426      19.749
    2000      95     312.822      66.331     667.750      46.501      62.593     117.372      19.749
    2000      96     312.833      66.331     667.750      46.501      62.594     117.318      19.749
    2000      97     312.843      66.331     667.750      46.501      62.594     117.265      19.749
    2000      98     312.853      66.331     667.750      46.501      62.595     117.212      19.749
    2000      99     312.862      66.331     667.751      46.501      62.595     117.161      19.749
    2000     100     312.872      66.331     667.751      46.502      62.595     117.110      19.748
    2000     101     312.882      66.332     667.751      46.502      62.596     117.060      19.748
    2000     102     312.891      66.332     667.751      46.502      62.596     117.011      19.748
    2000     103     312.901      66.332     667.751      46.502      62.596     116.962      19.748
    2000     104     312.910      66.332     667.751      46.502      62.597     116.914      19.748
    2000     105     312.919      66.332     667.751      46.502      62.597     116.867      19.748
    2000     106     312.928      66.332     667.751      46.502      62.597     116.820      19.748
    2000     107     312.938      66.332     667.751      46.502      62.597     116.774      19.748
    2000     108     312.947      66.333     667.751      46.502      62.598     116.729      19.748
    2000     109     312.956      66.333     667.751      46.503      62.598     116.684      19.748
    2000     110     312.965      66.333     667.751      46.503      62.598     116.640      19.748
    2000     111     312.974      66.333     667.751      46.503      62.599     116.596      19.748
    2000     112     312.983      66.333     667.751      46.503      62.599     116.552      19.748
    2000     113     312.992      66.333     667.751      46.503      62.599     116.510      19.748
    2000     114     313.001      66.334     667.751      46.503      62.599     116.468      19.747
    2000     115     313.009      66.334     667.752      46.503      62.600     116.426      19.747
    2000     116     313.018      66.334     667.752      46.503      62.600     116.385      19.747
    2000     117     313.026      66.334     667.752      46.504      62.600     116.344      19.747
    2000     118     313.034      66.335     667.752      46.504      62.601     116.303      19.747
    2000     119     313.044      66.335     667.752      46.504      62.601     116.264      19.747
    2000     120     313.055      66.335     667.752      46.504      62.601     116.224      19.747
    2000     121     313.066      66.335     667.752      46.504      62.601     116.185      19.747
    2000     122     313.077      66.335     667.752      46.504      62.602     116.147      19.747
    2000     123     313.088      66.336     667.752      46.504      62.602     116.108      19.747
    2000     124     313.099      66.336     667.752      46.505      62.602     116.071      19.747
    2000     125     313.109      66.336     667.753      46.505      62.602     116.033      19.746
    2000     126     313.120      66.337     667.753      46.505      62.602     115.996      19.746
    2000     127     313.131      66.337     667.753      46.505      62.603     115.960      19.746
    2000     128     313.141      66.337     667.753      46.505      62.603     115.923      19.746
    2000     129     313.151      66.337     667.753      46.505      62.603     115.888      19.746
    2000     130     313.161      66.338     667.753      46.505      62.603     115.852      19.746
    2000     131     313.171      66.338     667.753      46.506      62.604     115.817      19.746
    2000     132     313.182      66.338     667.753      46.506      62.604     115.782      19.746
    2000     133     313.193      66.339     667.754      46.506      62.604     115.747      19.746
    2000     134     313.204      66.339     667.754      46.506      62.604     115.713      19.745
    2000     135     313.215      66.339     667.754      46.506      62.604     115.679      19.745
    2000     136     313.226      66.340     667.754      46.507      62.605     115.646      19.745
    2000     137     313.236      66.340     667.754      46.507      62.605     115.613      19.745
    2000     138     313.246      66.340     667.754      46.507      62.605     115.579      19.745
    2000     139     313.257      66.341     667.754      46.507      62.605     115.547      19.745
    2000     140     313.266      66.341     667.754      46.507      62.606     115.514      19.745
    2000     141     313.276      66.341     667.755      46.507      62.606     115.482      19.745
    2000     142     313.285      66.342     667.755      46.508      62.606     115.450      19.745
    2000     143     313.295      66.342     667.755      46.508      62.606     115.418      19.744
    2000     144     313.304      66.342     667.755      46.508      62.606     115.387      19.744
    2000     145     313.313      66.343     667.755      46.508      62.607     115.356      19.744
    2000     146     313.321      66.343     667.755      46.508      62.607     115.325      19.744
    2000     147     313.330      66.344     667.755      46.509      62.607     115.294      19.744
    2000     148     313.338      66.344     667.755      46.509      62.607     115.263      19.744
    2000     149     313.346      66.344     667.756      46.509      62.607     115.233      19.744
    2000     150     313.354      66.345     667.756      46.509      62.607     115.202      19.744
    2000     151     313.362      66.345     667.756      46.509      62.607     115.172      19.744
    2000     152     313.370      66.346     667.756      46.509      62.608     115.142      19.744
    2000     153     313.377      66.346     667.756      46.510      62.608     115.112      19.743
    2000     154     313.385      66.346     667.757      46.510      62.608     115.083      19.743
    2000     155     313.392      66.347     667.757      46.510      62.608     115.053      19.743
    2000     156     313.399      66.347     667.757      46.510      62.608     115.024      19.743
    2000     157     313.406      66.348     667.757      46.510      62.608     114.995      19.743
    2000     158     313.413      66.348     667.757      46.511      62.608     114.966      19.743
    2000     159     313.420      66.349     667.758      46.511      62.609     114.937      19.743
    2000     160     313.426      66.349     667.758      46.511      62.609     114.908      19.743
    2000     161     313.433      66.350     667.758      46.511      62.609     114.879      19.743
    2000     162     313.440      66.350     667.758      46.512      62.609     114.851      19.743
    2000     163     313.447      66.351     667.758      46.512      62.609     114.822      19.743
    2000     164     313.455      66.351     667.758      46.512      62.609     114.794      19.742
    2000     165     313.462      66.352     667.759      46.512      62.609     114.766      19.742
    2000     166     313.470      66.352     667.759      46.512      62.609     114.738      19.742
    2000     167     313.478      66.352     667.759      46.513      62.610     114.710      19.742
    2000     168     313.485      66.353     667.759      46.513      62.610     114.682      19.742
    2000     169     313.493      66.353     667.759      46.513      62.610     114.654      19.742
    2000     170     313.500      66.354     667.760      46.513      62.610     114.626      19.742
    2000     171     313.507      66.354     667.760      46.513      62.610     114.598      19.742
    2000     172     313.514      66.355     667.760      46.514      62.610     114.571      19.741
    2000     173     313.521      66.355     667.760      46.514      62.610     114.543      19.741
    2000     174     313.527      66.356     667.760      46.514      62.610     114.516      19.741
    2000     175     313.534      66.356     667.760      46.514      62.610     114.489      19.741
    2000     176     313.540      66.357     667.761      46.515      62.610     114.462      19.741
    2000     177     313.546      66.357     667.761      46.515      62.610     114.435      19.741
    2000     178     313.552      66.358     667.761      46.515      62.610     114.408      19.741
    2000     179     313.558      66.358     667.761      46.515      62.610     114.381      19.740
    2000     180     313.564      66.358     667.761      46.515      62.610     114.354      19.740
    2000     181     313.570      66.359     667.762      46.516      62.610     114.328      19.740
    2000     182     313.575      66.359     667.762      46.516      62.610     114.301      19.740
    2000     183     313.581      66.360     667.762      46.516      62.610     114.274      19.740
    2000     184     313.586      66.360     667.762      46.516      62.610     114.247      19.740
    2000     185     313.592      66.361     667.762      46.517      62.610     114.221      19.739
    2000     186     313.597      66.361     667.762      46.517      62.610     114.194      19.739
    2000     187     313.602      66.362     667.763      46.517      62.610     114.167      19.739
    2000     188     313.607      66.362     667.763      46.517      62.610     114.141      19.739
    2000     189     313.612      66.363     667.763      46.518      62.610     114.114      19.739
    2000     190     313.616      66.363     667.763      46.518      62.610     114.087      19.739
    2000     191     313.621      66.364     667.763      46.518      62.610     114.061      19.738
    2000     192     313.626      66.364     667.764      46.518      62.610     114.035      19.738
    2000     193     313.630      66.365     667.764      46.518      62.610     114.009      19.738
    2000     194     313.635      66.365     667.764      46.519      62.610     113.984      19.738
    2000     195     313.639      66.365     667.764      46.519      62.610     113.959      19.738
    2000     196     313.643      66.366     667.764      46.519      62.610     113.934      19.738
    2000     197     313.648      66.366     667.765      46.519      62.610     113.910      19.738
    2000     198     313.652      66.367     667.765      46.520      62.610     113.886      19.737
    2000     199     313.656      66.367     667.765      46.520      62.610     113.863      19.737
    2000     200     313.660      66.368     667.765      46.520      62.610     113.840      19.737
    2000     201     313.664      66.368     667.766      46.520      62.610     113.817      19.737
    2000     202     313.668      66.369     667.766      46.521      62.610     113.794      19.737
    2000     203     313.671      66.369     667.766      46.521      62.610     113.772      19.737
    2000     204     313.675      66.370     667.766      46.521      62.610     113.750      19.736
    2000     205     313.679      66.370     667.766      46.521      62.610     113.728      19.736
    2000     206     313.682      66.371     667.767      46.521      62.610     113.707      19.736
    2000     207     313.686      66.371     667.767      46.522      62.610     113.686      19.736
    2000     208     313.689      66.372     667.767      46.522      62.610     113.665      19.736
    2000     209     313.693      66.372     667.767      46.522      62.610     113.645      19.736
    2000     210     313.696      66.372     667.768      46.522      62.610     113.624      19.736
    2000     211     313.700      66.373     667.768      46.523      62.610     113.604      19.735
    2000     212     313.703      66.373     667.768      46.523      62.610     113.585      19.735
    2000     213     313.706      66.374     667.768      46.523      62.611     113.565      19.735
    2000     214     313.709      66.374     667.769      46.523      62.611     113.546      19.735
    2000     215     313.712      66.375     667.769      46.524      62.611     113.527      19.735
    2000     216     313.716      66.375     667.769      46.524      62.611     113.508      19.735
    2000     217     313.719      66.376     667.769      46.524      62.611     113.490      19.735
    2000     218     313.722      66.376     667.770      46.524      62.611     113.471      19.735
    2000     219     313.725      66.377     667.770      46.525      62.611     113.454      19.734
    2000     220     313.728      66.377     667.770      46.525      62.611     113.436      19.734
    2000     221     313.731      66.378     667.770      46.525      62.611     113.418      19.734
    2000     222     313.734      66.378     667.771      46.525      62.611     113.401      19.734
    2000     223     313.736      66.379     667.771      46.526      62.611     113.384      19.734
    2000     224     313.739      66.379     667.771      46.526      62.611     113.367      19.734
    2000     225     313.742      66.380     667.771      46.526      62.611     113.350      19.734
    2000     226     313.745      66.381     667.772      46.526      62.611     113.334      19.733
    2000     227     313.748      66.381     667.772      46.527      62.611     113.318      19.733
    2000     228     313.750      66.382     667.772      46.527      62.611     113.302      19.733
    2000     229     313.753      66.382     667.772      46.527      62.611     113.286      19.733
    2000     230     313.756      66.383     667.773      46.527      62.611     113.270      19.733
    2000     231     313.758      66.383     667.773      46.527      62.611     113.255      19.733
    2000     232     313.761      66.384     667.773      46.528      62.611     113.239      19.733
    2000     233     313.763      66.384     667.773      46.528      62.611     113.224      19.733
    2000     234     313.766      66.385     667.774      46.528      62.612     113.209      19.732
    2000     235     313.768      66.385     667.774      46.528      62.612     113.195      19.732
    2000     236     313.771      66.386     667.774      46.529      62.612     113.180      19.732
    2000     237     313.773      66.387     667.775      46.529      62.612     113.166      19.732
    2000     238     313.775      66.387     667.775      46.529      62.612     113.152      19.732
    2000     239     313.778      66.388     667.775      46.529      62.612     113.138      19.732
    2000     240     313.780      66.388     667.775      46.530      62.612     113.124      19.732
    2000     241     313.783      66.389     667.776      46.530      62.612     113.110      19.732
    2000     242     313.785      66.389     667.776      46.530      62.612     113.097      19.731
    2000     243     313.787      66.390     667.776      46.530      62.612     113.083      19.731
    2000     244     313.789      66.391     667.777      46.531      62.612     113.070      19.731
    2000     245     313.792      66.391     667.777      46.531      62.612     113.057      19.731
    2000     246     313.794      66.392     667.777      46.531      62.612     113.045      19.731
    2000     247     313.796      66.392     667.778      46.531      62.612     113.032      19.731
    2000     248     313.798      66.393     667.778      46.532      62.612     113.020      19.731
    2000     249     313.800      66.394     667.778      46.532      62.612     113.007      19.731
    2000     250     313.802      66.394     667.779      46.532      62.612     112.995      19.730
    2000     251     313.804      66.395     667.779      46.532      62.612     112.983      19.730
    2000     252     313.806      66.395     667.779      46.533      62.612     112.971      19.730
    2000     253     313.808      66.396     667.779      46.533      62.612     112.960      19.730
    2000     254     313.811      66.397     667.780      46.533      62.612     112.948      19.730
    2000     255     313.813      66.397     667.780      46.533      62.612     112.937      19.730
    2000     256     313.815      66.398     667.780      46.534      62.612     112.925      19.730
    2000     257     313.816      66.398     667.781      46.534      62.612     112.914      19.729
    2000     258     313.818      66.399     667.781      46.534      62.612     112.903      19.729
    2000     259     313.820      66.400     667.781      46.534      62.612     112.892      19.729
    2000     260     313.822      66.400     667.782      46.534      62.612     112.881      19.729
    2000     261     313.824      66.401     667.782      46.535      62.612     112.871      19.729
    2000     262     313.826      66.402     667.782      46.535      62.612     112.860      19.729
    2000     263     313.828      66.402     667.783      46.535      62.613     112.850      19.729
    2000     264     313.830      66.403     667.783      46.535      62.613     112.840      19.729
    2000     265     313.832      66.404     667.784      46.536      62.613     112.829      19.728
    2000     266     313.833      66.405     667.784      46.536      62.613     112.819      19.728
    2000     267     313.835      66.405     667.784      46.536      62.613     112.809      19.728
    2000     268     313.837      66.406     667.785      46.536      62.613     112.800      19.728
    2000     269     313.839      66.407     667.785      46.537      62.613     112.790      19.728
    2000     270     313.841      66.407     667.785      46.537      62.613     112.780      19.728
    2000     271     313.842      66.408     667.786      46.537      62.613     112.771      19.728
    2000     272     313.844      66.409     667.786      46.537      62.613     112.762      19.728
    2000     273     313.846      66.410     667.786      46.538      62.613     112.752      19.728
    2000     274     313.848      66.410     667.787      46.538      62.613     112.743      19.727
    2000     275     313.849      66.411     667.787      46.538      62.613     112.734      19.727
    2000     276     313.851      66.412     667.788      46.538      62.613     112.725      19.727
    2000     277     313.853      66.413     667.788      46.539      62.613     112.716      19.727
    2000     278     313.855      66.414     667.788      46.539      62.613     112.708      19.727
    2000     279     313.856      66.414     667.789      46.539      62.613     112.699      19.727
    2000     280     313.858      66.415     667.789      46.539      62.614     112.690      19.727
    2000     281     313.860      66.416     667.789      46.539      62.614     112.682      19.727
    2000     282     313.861      66.417     667.790      46.540      62.614     112.674      19.726
    2000     283     313.863      66.418     667.790      46.540      62.614     112.665      19.726
    2000     284     313.865      66.418     667.791      46.540      62.614     112.657      19.726
    2000     285     313.866      66.419     667.791      46.540      62.614     112.649      19.726
    2000     286     313.868      66.420     667.791      46.541      62.614     112.641      19.726
    2000     287     313.870      66.421     667.792      46.541      62.614     112.633      19.726
    2000     288     313.872      66.422     667.792      46.541      62.614     112.625      19.726
    2000     289     313.873      66.423     667.793      46.541      62.614     112.618      19.726
    2000     290     313.875      66.423     667.793      46.542      62.614     112.610      19.726
    2000     291     313.877      66.424     667.793      46.542      62.614     112.602      19.725
    2000     292     313.879      66.425     667.794      46.542      62.614     112.595      19.725
    2000     293     313.881      66.426     667.794      46.542      62.614     112.587      19.725
    2000     294     313.883      66.427     667.795      46.542      62.614     112.580      19.725
    2000     295     313.887      66.428     667.795      46.543      62.614     112.573      19.725
    2000     296     313.894      66.429     667.796      46.543      62.614     112.566      19.725
    2000     297     313.904      66.430     667.796      46.543      62.614     112.559      19.725
    2000     298     313.916      66.431     667.796      46.543      62.614     112.551      19.725
    2000     299     313.928      66.432     667.797      46.544      62.615     112.545      19.725
    2000     300     313.942      66.433     667.797      46.544      62.615     112.538      19.724
    2000     301     313.955      66.434     667.798      46.544      62.615     112.531      19.724
    2000     302     313.968      66.435     667.798      46.544      62.615     112.524      19.724
    2000     303     313.981      66.436     667.799      46.545      62.615     112.517      19.724
    2000     304     313.994      66.437     667.799      46.545      62.615     112.511      19.724
    2000     305     314.006      66.438     667.799      46.545      62.615     112.504      19.724
    2000     306     314.018      66.439     667.800      46.545      62.615     112.498      19.724
    2000     307     314.030      66.440     667.800      46.545      62.615     112.491      19.724
    2000     308     314.041      66.441     667.801      46.546      62.615     112.485      19.724
    2000     309     314.052      66.442     667.801      46.546      62.615     112.478      19.723
    2000     310     314.063      66.443     667.802      46.546      62.615     112.472      19.723
    2000     311     314.074      66.444     667.802      46.546      62.615     112.466      19.723
    2000     312     314.084      66.445     667.802      46.547      62.615     112.460      19.723
    2000     313     314.095      66.446     667.803      46.547      62.616     112.454      19.723
    2000     314     314.105      66.447     667.803      46.547      62.616     112.448      19.723
    2000     315     314.115      66.448     667.804      46.547      62.616     112.442      19.723
    2000     316     314.125      66.449     667.804      46.548      62.616     112.436      19.723
    2000     317     314.134      66.450     667.805      46.548      62.616     112.430      19.723
    2000     318     314.143      66.451     667.805      46.548      62.616     112.424      19.722
    2000     319     314.152      66.452     667.805      46.548      62.616     112.418      19.722
    2000     320     314.161      66.454     667.806      46.548      62.616     112.413      19.722
    2000     321     314.170      66.455     667.806      46.549      62.616     112.407      19.722
    2000     322     314.178      66.456     667.807      46.549      62.616     112.401      19.722
    2000     323     314.186      66.457     667.807      46.549      62.616     112.396      19.722
    2000     324     314.194      66.458     667.807      46.549      62.616     112.390      19.722
    2000     325     314.202      66.459     667.808      46.550      62.616     112.385      19.722
    2000     326     314.210      66.460     667.808      46.550      62.616     112.379      19.722
    2000     327     314.217      66.461     667.809      46.550      62.616     112.374      19.721
    2000     328     314.224      66.462     667.809      46.550      62.616     112.369      19.721
    2000     329     314.232      66.463     667.810      46.550      62.616     112.364      19.721
    2000     330     314.240      66.465     667.810      46.551      62.616     112.358      19.721
    2000     331     314.247      66.466     667.811      46.551      62.616     112.353      19.721
    2000     332     314.254      66.467     667.811      46.551      62.616     112.348      19.721
    2000     333     314.262      66.468     667.812      46.551      62.616     112.343      19.721
    2000     334     314.269      66.469     667.812      46.552      62.616     112.338      19.721
    2000     335     314.277      66.470     667.813      46.552      62.617     112.333      19.721
    2000     336     314.285      66.471     667.813      46.552      62.617     112.328      19.721
    2000     337     314.293      66.473     667.814      46.552      62.617     112.323      19.720
    2000     338     314.301      66.474     667.814      46.552      62.617     112.318      19.720
    2000     339     314.309      66.475     667.815      46.553      62.617     112.313      19.720
    2000     340     314.316      66.476     667.815      46.553      62.617     112.309      19.720
    2000     341     314.324      66.478     667.815      46.553      62.617     112.304      19.720
    2000     342     314.331      66.479     667.816      46.553      62.617     112.299      19.720
    2000     343     314.339      66.480     667.816      46.553      62.617     112.295      19.720
    2000     344     314.346      66.481     667.817      46.554      62.617     112.290      19.720
    2000     345     314.353      66.483     667.817      46.554      62.617     112.285      19.720
    2000     346     314.360      66.484     667.818      46.554      62.617     112.281      19.719
    2000     347     314.367      66.485     667.818      46.554      62.617     112.276      19.719
    2000     348     314.374      66.486     667.819      46.555      62.617     112.272      19.719
    2000     349     314.381      66.488     667.819      46.555      62.617     112.267      19.719
    2000     350     314.387      66.489     667.820      46.555      62.617     112.263      19.719
    2000     351     314.393      66.490     667.820      46.555      62.617     112.259      19.719
    2000     352     314.399      66.492     667.821      46.555      62.617     112.254      19.719
    2000     353     314.405      66.493     667.821      46.556      62.617     112.250      19.719
    2000     354     314.411      66.494     667.822      46.556      62.618     112.246      19.719
    2000     355     314.417      66.495     667.822      46.556      62.618     112.241      19.719
    2000     356     314.426      66.497     667.823      46.556      62.618     112.237      19.718
    2000     357     314.440      66.498     667.823      46.556      62.618     112.233      19.718
    2000     358     314.463      66.500     667.824      46.557      62.618     112.230      19.718
    2000     359     314.491      66.502     667.825      46.557      62.618     112.226      19.718
    2000     360     314.522      66.503     667.826      46.557      62.618     112.222      19.718
    2000     361     314.555      66.505     667.827      46.557      62.618     112.219      19.718
    2000     362     314.588      66.507     667.828      46.558      62.618     112.216      19.718
    2000     363     314.622      66.509     667.829      46.558      62.618     112.212      19.718
    2000     364     314.654      66.511     667.830      46.558      62.618     112.209      19.718
    2000     365     314.686      66.512     667.831      46.558      62.618     112.206      19.718
    2000     366     314.717      66.514     667.832      46.558      62.618     112.202      19.718
    2001       1     314.747      66.516     667.833      46.559      62.618     112.199      19.718
    2001       2     314.777      66.518     667.834      46.559      62.618     112.196      19.718
    2001       3     314.779      66.520     667.835      46.559      62.618     112.193      19.717
    2001       4     314.778      66.522     667.836      46.559      62.618     112.189      19.717
    2001       5     314.777      66.524     667.837      46.559      62.618     112.186      19.717
    2001       6     314.776      66.525     667.838      46.560      62.618     112.183      19.717
    2001       7     314.776      66.527     667.839      46.560      62.618     112.180      19.717
    2001       8     314.775      66.529     667.840      46.560      62.619     112.177      19.717
    2001       9     314.774      66.531     667.841      46.560      62.619     112.174      19.717
    2001      10     314.773      66.533     667.842      46.560      62.619     112.170      19.717
    2001      11     314.773      66.535     667.843      46.561      62.619     112.167      19.717
    2001      12     314.772      66.537     667.844      46.561      62.619     112.164      19.717
    2001      13     314.772      66.538     667.845      46.561      62.619     112.161      19.717
    2001      14     314.772      66.540     667.846      46.561      62.619     112.158      19.716
    2001      15     314.773      66.542     667.848      46.561      62.619     112.156      19.716
    2001      16     314.775      66.545     667.849      46.562      62.619     112.153      19.716
    2001      17     314.775      66.547     667.850      46.562      62.619     112.151      19.716
    2001      18     314.775      66.550     667.852      46.562      62.619     112.148      19.716
    2001      19     314.775      66.552     667.853      46.562      62.619     112.146      19.716
    2001      20     314.774      66.555     667.854      46.563      62.619     112.143      19.716
    2001      21     314.774      66.557     667.856      46.563      62.619     112.141      19.716
    2001      22     314.773      66.560     667.857      46.563      62.619     112.138      19.716
    2001      23     314.773      66.562     667.859      46.564      62.619     112.136      19.716
    2001      24     314.772      66.565     667.860      46.564      62.619     112.134      19.716
    2001      25     314.772      66.567     667.862      46.564      62.619     112.131      19.716
    2001      26     314.771      66.570     667.863      46.564      62.619     112.129      19.716
    2001      27     314.771      66.573     667.864      46.565      62.619     112.127      19.716
    2001      28     314.770      66.575     667.866      46.565      62.619     112.125      19.716
    2001      29     314.770      66.578     667.867      46.565      62.619     112.122      19.715
    2001      30     314.769      66.581     667.869      46.566      62.619     112.120      19.715
    2001      31     314.769      66.583     667.870      46.566      62.619     112.118      19.715
    2001      32     314.768      66.586     667.871      46.566      62.619     112.115      19.715
    2001      33     314.768      66.589     667.873      46.566      62.619     112.113      19.715
    2001      34     314.768      66.591     667.874      46.567      62.619     112.111      19.715
    2001      35     314.767      66.594     667.876      46.567      62.619     112.109      19.715
    2001      36     314.767      66.597     667.877      46.567      62.619     112.107      19.715
    2001      37     314.766      66.599     667.878      46.568      62.619     112.104      19.715
    2001      38     314.766      66.602     667.880      46.568      62.619     112.102      19.715
    2001      39     314.766      66.605     667.881      46.568      62.619     112.100      19.715
    2001      40     314.765      66.608     667.882      46.568      62.619     112.098      19.714
    2001      41     314.765      66.610     667.884      46.569      62.619     112.096      19.714
    2001      42     314.765      66.613     667.885      46.569      62.619     112.094      19.714
    2001      43     314.764      66.616     667.886      46.569      62.619     112.092      19.714
    2001      44     314.764      66.618     667.888      46.570      62.619     112.089      19.714
    2001      45     314.765      66.621     667.889      46.570      62.619     112.087      19.714
    2001      46     314.765      66.624     667.891      46.570      62.619     112.085      19.714
    2001      47     314.765      66.627     667.892      46.570      62.619     112.083      19.714
    2001      48     314.765      66.630     667.894      46.571      62.619     112.082      19.714
    2001      49     314.765      66.633     667.895      46.571      62.619     112.080      19.714
    2001      50     314.765      66.636     667.897      46.571      62.619     112.078      19.713
    2001      51     314.764      66.639     667.898      46.572      62.619     112.076      19.713
    2001      52     314.764      66.642     667.900      46.572      62.619     112.074      19.713
    2001      53     314.764      66.645     667.901      46.572      62.619     112.072      19.713
    2001      54     314.764      66.647     667.903      46.573      62.619     112.070      19.713
    2001      55     314.763      66.650     667.904      46.573      62.619     112.068      19.713
    2001      56     314.763      66.653     667.906      46.573      62.619     112.066      19.713
    2001      57     314.763      66.656     667.907      46.574      62.619     112.065      19.713
    2001      58     314.763      66.659     667.909      46.574      62.619     112.063      19.713
    2001      59     314.763      66.662     667.910      46.574      62.619     112.061      19.713
    2001      60     314.763      66.665     667.912      46.575      62.619     112.059      19.712
    2001      61     314.763      66.668     667.913      46.575      62.619     112.058      19.712
    2001      62     314.763      66.671     667.915      46.576      62.619     112.056      19.712
    2001      63     314.763      66.674     667.916      46.576      62.619     112.054      19.712
    2001      64     314.763      66.677     667.918      46.576      62.619     112.052      19.712
    2001      65     314.763      66.680     667.919      46.577      62.619     112.051      19.712
    2001      66     314.763      66.683     667.921      46.577      62.619     112.049      19.712
    2001      67     314.763      66.686     667.923      46.577      62.619     112.047      19.712
    2001      68     314.763      66.689     667.924      46.578      62.619     112.046      19.712
    2001      69     314.763      66.692     667.926      46.578      62.619     112.044      19.711
    2001      70     314.763      66.695     667.927      46.578      62.619     112.042      19.711
    2001      71     314.764      66.698     667.929      46.579      62.619     112.041      19.711
    2001      72     314.764      66.701     667.931      46.579      62.619     112.039      19.711
    2001      73     314.764      66.703     667.932      46.580      62.619     112.038      19.711
    2001      74     314.764      66.706     667.934      46.580      62.619     112.036      19.711
    2001      75     314.764      66.709     667.935      46.580      62.619     112.034      19.711
    2001      76     314.763      66.712     667.937      46.581      62.619     112.033      19.711
    2001      77     314.763      66.715     667.938      46.581      62.619     112.031      19.711
    2001      78     314.763      66.718     667.940      46.581      62.619     112.030      19.710
    2001      79     314.763      66.721     667.941      46.582      62.619     112.028      19.710
    2001      80     314.763      66.724     667.943      46.582      62.619     112.026      19.710
    2001      81     314.763      66.727     667.945      46.582      62.619     112.025      19.710
    2001      82     314.763      66.730     667.946      46.583      62.619     112.023      19.710
    2001      83     314.763      66.732     667.948      46.583      62.619     112.022      19.710
    2001      84     314.762      66.735     667.949      46.583      62.619     112.020      19.710
    2001      85     314.762      66.738     667.951      46.584      62.619     112.019      19.710
    2001      86     314.762      66.741     667.952      46.584      62.619     112.017      19.710
    2001      87     314.762      66.744     667.953      46.584      62.619     112.016      19.709
    2001      88     314.762      66.747     667.955      46.585      62.619     112.014      19.709
    2001      89     314.762      66.750     667.956      46.585      62.619     112.013      19.709
    2001      90     314.762      66.752     667.958      46.585      62.619     112.011      19.709
    2001      91     314.762      66.755     667.959      46.586      62.619     112.010      19.709
    2001      92     314.762      66.758     667.961      46.586      62.619     112.008      19.709
    2001      93     314.761      66.761     667.962      46.587      62.619     112.007      19.709
    2001      94     314.761      66.764     667.964      46.587      62.619     112.005      19.709
    2001      95     314.761      66.767     667.965      46.587      62.619     112.004      19.709
    2001      96     314.761      66.770     667.966      46.588      62.619     112.002      19.708
    2001      97     314.761      66.772     667.968      46.588      62.619     112.001      19.708
    2001      98     314.761      66.775     667.969      46.588      62.619     111.999      19.708
    2001      99     314.761      66.778     667.971      46.589      62.619     111.998      19.708
    2001     100     314.761      66.781     667.972      46.589      62.619     111.997      19.708
    2001     101     314.761      66.784     667.973      46.589      62.619     111.995      19.708
    2001     102     314.760      66.787     667.975      46.589      62.619     111.994      19.708
    2001     103     314.760      66.790     667.976      46.590      62.619     111.992      19.708
    2001     104     314.760      66.792     667.977      46.590      62.619     111.991      19.707
    2001     105     314.760      66.795     667.979      46.590      62.619     111.989      19.707
    2001     106     314.760      66.798     667.980      46.591      62.619     111.988      19.707
    2001     107     314.760      66.801     667.981      46.591      62.619     111.987      19.707
    2001     108     314.760      66.804     667.983      46.591      62.619     111.985      19.707
    2001     109     314.760      66.806     667.984      46.592      62.619     111.984      19.707
    2001     110     314.760      66.809     667.985      46.592      62.619     111.983      19.707
    2001     111     314.760      66.812     667.987      46.592      62.619     111.981      19.707
    2001     112     314.760      66.815     667.988      46.593      62.619     111.980      19.707
    2001     113     314.760      66.817     667.989      46.593      62.619     111.978      19.706
    2001     114     314.759      66.820     667.990      46.593      62.619     111.977      19.706
    2001     115     314.759      66.823     667.992      46.594      62.619     111.976      19.706
    2001     116     314.759      66.826     667.993      46.594      62.619     111.974      19.706
    2001     117     314.759      66.828     667.994      46.594      62.619     111.973      19.706
    2001     118     314.759      66.831     667.996      46.595      62.619     111.972      19.706
    2001     119     314.759      66.834     667.997      46.595      62.618     111.970      19.706
    2001     120     314.759      66.837     667.998      46.595      62.618     111.969      19.706
    2001     121     314.759      66.839     667.999      46.596      62.618     111.968      19.706
    2001     122     314.759      66.842     668.000      46.596      62.618     111.966      19.705
    2001     123     314.759      66.845     668.002      46.596      62.618     111.965      19.705
    2001     124     314.759      66.848     668.003      46.596      62.618     111.964      19.705
    2001     125     314.759      66.850     668.004      46.597      62.619     111.962      19.705
    2001     126     314.759      66.853     668.005      46.597      62.619     111.961      19.705
    2001     127     314.759      66.856     668.007      46.597      62.619     111.960      19.705
    2001     128     314.759      66.859     668.008      46.598      62.619     111.959      19.705
    2001     129     314.758      66.862     668.010      46.598      62.619     111.957      19.705
    2001     130     314.758      66.865     668.011      46.598      62.619     111.956      19.705
    2001     131     314.758      66.868     668.012      46.599      62.618     111.955      19.704
    2001     132     314.758      66.871     668.013      46.599      62.618     111.953      19.704
    2001     133     314.758      66.873     668.015      46.599      62.618     111.952      19.704
    2001     134     314.758      66.876     668.016      46.599      62.618     111.951      19.704
    2001     135     314.758      66.879     668.017      46.600      62.618     111.949      19.704
    2001     136     314.758      66.882     668.019      46.600      62.618     111.948      19.704
    2001     137     314.758      66.885     668.020      46.600      62.618     111.947      19.704
    2001     138     314.758      66.888     668.021      46.601      62.618     111.945      19.704
    2001     139     314.758      66.890     668.022      46.601      62.618     111.944      19.704
    2001     140     314.758      66.893     668.024      46.601      62.618     111.943      19.703
    2001     141     314.758      66.896     668.025      46.602      62.618     111.942      19.703
    2001     142     314.758      66.899     668.026      46.602      62.618     111.940      19.703
    2001     143     314.758      66.901     668.028      46.602      62.618     111.939      19.703
    2001     144     314.758      66.904     668.029      46.602      62.618     111.938      19.703
    2001     145     314.758      66.907     668.030      46.603      62.618     111.936      19.703
    2001     146     314.757      66.910     668.031      46.603      62.618     111.935      19.703
    2001     147     314.757      66.913     668.033      46.603      62.618     111.934      19.703
    2001     148     314.757      66.915     668.034      46.604      62.618     111.932      19.702
    2001     149     314.757      66.918     668.035      46.604      62.618     111.931      19.702
    2001     150     314.757      66.921     668.036      46.604      62.618     111.930      19.702
    2001     151     314.757      66.923     668.038      46.604      62.617     111.928      19.702
    2001     152     314.757      66.926     668.039      46.605      62.617     111.927      19.702
    2001     153     314.757      66.929     668.040      46.605      62.617     111.925      19.702
    2001     154     314.757      66.931     668.041      46.605      62.617     111.924      19.702
    2001     155     314.757      66.934     668.042      46.605      62.617     111.922      19.702
    2001     156     314.757      66.937     668.044      46.606      62.617     111.921      19.701
    2001     157     314.757      66.939     668.045      46.606      62.617     111.919      19.701
    2001     158     314.757      66.942     668.046      46.606      62.617     111.918      19.701
    2001     159     314.757      66.945     668.047      46.607      62.617     111.916      19.701
    2001     160     314.756      66.947     668.048      46.607      62.617     111.915      19.701
    2001     161     314.756      66.950     668.049      46.607      62.617     111.913      19.701
    2001     162     314.755      66.952     668.050      46.607      62.617     111.912      19.701
    2001     163     314.755      66.955     668.052      46.608      62.617     111.910      19.700
    2001     164     314.755      66.957     668.053      46.608      62.617     111.909      19.700
    2001     165     314.754      66.960     668.054      46.608      62.617     111.907      19.700
    2001     166     314.754      66.962     668.055      46.608      62.617     111.905      19.700
    2001     167     314.753      66.964     668.056      46.609      62.617     111.904      19.700
    2001     168     314.753      66.967     668.057      46.609      62.617     111.902      19.700
    2001     169     314.752      66.969     668.058      46.609      62.616     111.901      19.700
    2001     170     314.752      66.972     668.059      46.609      62.616     111.899      19.700
    2001     171     314.752      66.974     668.060      46.609      62.616     111.898      19.699
    2001     172     314.751      66.977     668.061      46.609      62.616     111.896      19.699
    2001     173     314.751      66.979     668.062      46.609      62.616     111.894      19.699
    2001     174     314.751      66.981     668.063      46.610      62.616     111.893      19.699
    2001     175     314.751      66.984     668.064      46.610      62.616     111.891      19.699
    2001     176     314.751      66.986     668.065      46.610      62.616     111.889      19.699
    2001     177     314.751      66.989     668.066      46.610      62.616     111.887      19.699
    2001     178     314.751      66.991     668.067      46.610      62.616     111.886      19.698
    2001     179     314.751      66.993     668.068      46.610      62.615     111.884      19.698
    2001     180     314.750      66.996     668.069      46.610      62.615     111.882      19.698
    2001     181     314.750      66.998     668.070      46.611      62.615     111.880      19.698
    2001     182     314.750      67.000     668.070      46.611      62.615     111.878      19.698
    2001     183     314.750      67.002     668.071      46.611      62.615     111.876      19.698
    2001     184     314.750      67.004     668.072      46.611      62.615     111.875      19.698
    2001     185     314.750      67.006     668.073      46.611      62.615     111.873      19.697
    2001     186     314.750      67.008     668.074      46.611      62.615     111.871      19.697
    2001     187     314.750      67.010     668.075      46.611      62.615     111.869      19.697
    2001     188     314.750      67.012     668.075      46.612      62.615     111.867      19.697
    2001     189     314.750      67.014     668.076      46.612      62.615     111.865      19.697
    2001     190     314.750      67.016     668.077      46.612      62.615     111.863      19.697
    2001     191     314.750      67.018     668.077      46.612      62.615     111.861      19.697
    2001     192     314.750      67.020     668.078      46.612      62.615     111.860      19.696
    2001     193     314.750      67.022     668.078      46.612      62.615     111.858      19.696
    2001     194     314.750      67.023     668.079      46.612      62.614     111.856      19.696
    2001     195     314.750      67.025     668.079      46.613      62.614     111.854      19.696
    2001     196     314.750      67.027     668.080      46.613      62.614     111.852      19.696
    2001     197     314.750      67.028     668.080      46.613      62.614     111.850      19.696
    2001     198     314.750      67.030     668.081      46.613      62.614     111.848      19.696
    2001     199     314.750      67.031     668.081      46.613      62.614     111.846      19.695
    2001     200     314.750      67.033     668.081      46.613      62.614     111.844      19.695
    2001     201     314.750      67.035     668.082      46.613      62.614     111.842      19.695
    2001     202     314.750      67.036     668.082      46.613      62.614     111.840      19.695
    2001     203     314.750      67.038     668.083      46.614      62.614     111.838      19.695
    2001     204     314.750      67.040     668.083      46.614      62.614     111.836      19.695
    2001     205     314.750      67.041     668.084      46.614      62.614     111.834      19.695
    2001     206     314.750      67.043     668.084      46.614      62.614     111.832      19.695
    2001     207     314.750      67.044     668.084      46.614      62.614     111.830      19.695
    2001     208     314.750      67.046     668.085      46.614      62.614     111.828      19.694
    2001     209     314.750      67.047     668.085      46.614      62.614     111.826      19.694
    2001     210     314.750      67.049     668.086      46.614      62.614     111.824      19.694
    2001     211     314.750      67.050     668.086      46.615      62.614     111.822      19.694
    2001     212     314.750      67.052     668.087      46.615      62.614     111.820      19.694
    2001     213     314.750      67.053     668.087      46.615      62.614     111.818      19.694
    2001     214     314.750      67.054     668.087      46.615      62.614     111.816      19.694
    2001     215     314.750      67.056     668.088      46.615      62.614     111.814      19.694
    2001     216     314.750      67.057     668.088      46.615      62.614     111.812      19.694
    2001     217     314.750      67.058     668.088      46.615      62.614     111.810      19.693
    2001     218     314.750      67.059     668.088      46.615      62.614     111.808      19.693
    2001     219     314.750      67.060     668.089      46.616      62.614     111.806      19.693
    2001     220     314.750      67.062     668.089      46.616      62.614     111.804      19.693
    2001     221     314.750      67.063     668.089      46.616      62.614     111.802      19.693
    2001     222     314.750      67.064     668.089      46.616      62.614     111.800      19.693
    2001     223     314.750      67.065     668.090      46.616      62.614     111.798      19.693
    2001     224     314.750      67.066     668.090      46.616      62.614     111.796      19.693
    2001     225     314.750      67.067     668.090      46.616      62.614     111.794      19.693
    2001     226     314.750      67.067     668.090      46.616      62.614     111.792      19.692
    2001     227     314.750      67.068     668.091      46.616      62.614     111.790      19.692
    2001     228     314.750      67.069     668.091      46.617      62.614     111.788      19.692
    2001     229     314.750      67.070     668.091      46.617      62.614     111.786      19.692
    2001     230     314.750      67.071     668.091      46.617      62.614     111.785      19.692
    2001     231     314.750      67.072     668.091      46.617      62.614     111.783      19.692
    2001     232     314.750      67.073     668.092      46.617      62.614     111.781      19.692
    2001     233     314.750      67.073     668.092      46.617      62.614     111.779      19.692
    2001     234     314.750      67.074     668.092      46.617      62.614     111.777      19.692
    2001     235     314.750      67.075     668.092      46.617      62.614     111.775      19.692
    2001     236     314.750      67.076     668.092      46.618      62.614     111.773      19.691
    2001     237     314.750      67.076     668.092      46.618      62.614     111.771      19.691
    2001     238     314.750      67.077     668.092      46.618      62.614     111.769      19.691
    2001     239     314.750      67.078     668.092      46.618      62.614     111.767      19.691
    2001     240     314.750      67.078     668.093      46.618      62.614     111.765      19.691
    2001     241     314.750      67.079     668.093      46.618      62.614     111.763      19.691
    2001     242     314.750      67.080     668.093      46.618      62.614     111.761      19.691
    2001     243     314.750      67.080     668.093      46.618      62.614     111.760      19.691
    2001     244     314.750      67.081     668.093      46.618      62.614     111.758      19.691
    2001     245     314.750      67.082     668.093      46.618      62.614     111.756      19.691
    2001     246     314.750      67.082     668.093      46.619      62.614     111.754      19.690
    2001     247     314.750      67.083     668.093      46.619      62.614     111.752      19.690
    2001     248     314.750      67.084     668.093      46.619      62.614     111.750      19.690
    2001     249     314.750      67.084     668.093      46.619      62.614     111.748      19.690
    2001     250     314.750      67.085     668.093      46.619      62.614     111.747      19.690
    2001     251     314.750      67.085     668.093      46.619      62.614     111.745      19.690
    2001     252     314.750      67.086     668.093      46.619      62.614     111.743      19.690
    2001     253     314.750      67.087     668.093      46.619      62.614     111.741      19.690
    2001     254     314.750      67.087     668.093      46.619      62.614     111.739      19.690
    2001     255     314.750      67.088     668.094      46.620      62.614     111.738      19.690
    2001     256     314.750      67.089     668.094      46.620      62.614     111.736      19.690
    2001     257     314.750      67.089     668.094      46.620      62.614     111.734      19.689
    2001     258     314.750      67.090     668.094      46.620      62.614     111.732      19.689
    2001     259     314.750      67.090     668.094      46.620      62.614     111.731      19.689
    2001     260     314.750      67.091     668.094      46.620      62.614     111.729      19.689
    2001     261     314.750      67.092     668.094      46.620      62.614     111.727      19.689
    2001     262     314.750      67.092     668.094      46.620      62.614     111.726      19.689
    2001     263     314.750      67.093     668.094      46.620      62.614     111.724      19.689
    2001     264     314.750      67.094     668.094      46.620      62.614     111.723      19.689
    2001     265     314.750      67.094     668.094      46.621      62.614     111.721      19.689
    2001     266     314.750      67.095     668.094      46.621      62.614     111.720      19.689
    2001     267     314.750      67.096     668.094      46.621      62.614     111.718      19.689
    2001     268     314.750      67.096     668.094      46.621      62.614     111.717      19.689
    2001     269     314.750      67.097     668.094      46.621      62.614     111.716      19.689
    2001     270     314.750      67.097     668.094      46.621      62.614     111.715      19.688
    2001     271     314.750      67.098     668.094      46.621      62.614     111.714      19.688
    2001     272     314.750      67.099     668.095      46.621      62.614     111.713      19.688
    2001     273     314.750      67.099     668.095      46.621      62.614     111.711      19.688
    2001     274     314.750      67.100     668.095      46.621      62.614     111.710      19.688
    2001     275     314.750      67.101     668.095      46.622      62.614     111.710      19.688
    2001     276     314.750      67.101     668.095      46.622      62.614     111.709      19.688
    2001     277     314.750      67.102     668.095      46.622      62.614     111.708      19.688
    2001     278     314.750      67.103     668.095      46.622      62.614     111.707      19.688
    2001     279     314.750      67.103     668.095      46.622      62.614     111.706      19.688
    2001     280     314.750      67.104     668.095      46.622      62.614     111.705      19.688
    2001     281     314.750      67.104     668.095      46.622      62.614     111.704      19.688
    2001     282     314.750      67.105     668.095      46.622      62.615     111.703      19.688
    2001     283     314.750      67.106     668.095      46.622      62.615     111.702      19.688
    2001     284     314.750      67.106     668.095      46.622      62.615     111.701      19.687
    2001     285     314.750      67.107     668.095      46.622      62.615     111.701      19.687
    2001     286     314.750      67.108     668.095      46.623      62.615     111.700      19.687
    2001     287     314.750      67.108     668.095      46.623      62.615     111.699      19.687
    2001     288     314.750      67.109     668.096      46.623      62.615     111.698      19.687
    2001     289     314.750      67.109     668.096      46.623      62.615     111.697      19.687
    2001     290     314.750      67.110     668.096      46.623      62.615     111.696      19.687
    2001     291     314.750      67.111     668.096      46.623      62.615     111.696      19.687
    2001     292     314.750      67.111     668.096      46.623      62.615     111.695      19.687
    2001     293     314.750      67.112     668.096      46.623      62.615     111.694      19.687
    2001     294     314.750      67.113     668.096      46.623      62.615     111.694      19.687
    2001     295     314.751      67.113     668.096      46.623      62.615     111.693      19.687
    2001     296     314.751      67.114     668.096      46.623      62.615     111.692      19.687
    2001     297     314.751      67.115     668.096      46.624      62.615     111.691      19.686
    2001     298     314.751      67.115     668.096      46.624      62.615     111.691      19.686
    2001     299     314.751      67.116     668.096      46.624      62.615     111.690      19.686
    2001     300     314.751      67.116     668.096      46.624      62.615     111.689      19.686
    2001     301     314.751      67.117     668.096      46.624      62.615     111.689      19.686
    2001     302     314.751      67.118     668.096      46.624      62.615     111.688      19.686
    2001     303     314.751      67.118     668.096      46.624      62.615     111.687      19.686
    2001     304     314.751      67.119     668.096      46.624      62.615     111.687      19.686
    2001     305     314.750      67.120     668.097      46.624      62.615     111.686      19.686
    2001     306     314.750      67.120     668.097      46.624      62.615     111.685      19.686
    2001     307     314.750      67.121     668.097      46.624      62.615     111.685      19.686
    2001     308     314.750      67.122     668.097      46.624      62.615     111.684      19.686
    2001     309     314.750      67.122     668.097      46.625      62.615     111.683      19.686
    2001     310     314.750      67.123     668.097      46.625      62.615     111.683      19.685
    2001     311     314.750      67.123     668.097      46.625      62.615     111.682      19.685
    2001     312     314.750      67.124     668.097      46.625      62.615     111.681      19.685
    2001     313     314.750      67.125     668.097      46.625      62.615     111.681      19.685
    2001     314     314.750      67.125     668.097      46.625      62.615     111.680      19.685
    2001     315     314.750      67.126     668.097      46.625      62.615     111.679      19.685
    2001     316     314.750      67.127     668.097      46.625      62.615     111.679      19.685
    2001     317     314.750      67.127     668.098      46.625      62.615     111.678      19.685
    2001     318     314.750      67.128     668.098      46.625      62.615     111.677      19.685
    2001     319     314.751      67.128     668.098      46.625      62.615     111.677      19.685
    2001     320     314.751      67.129     668.098      46.625      62.615     111.676      19.685
    2001     321     314.752      67.130     668.098      46.626      62.616     111.675      19.685
    2001     322     314.752      67.130     668.098      46.626      62.616     111.675      19.685
    2001     323     314.753      67.131     668.098      46.626      62.616     111.674      19.685
    2001     324     314.753      67.132     668.098      46.626      62.616     111.673      19.684
    2001     325     314.753      67.132     668.099      46.626      62.616     111.673      19.684
    2001     326     314.753      67.133     668.099      46.626      62.616     111.672      19.684
    2001     327     314.753      67.134     668.099      46.626      62.616     111.671      19.684
    2001     328     314.753      67.134     668.099      46.626      62.616     111.671      19.684
    2001     329     314.753      67.135     668.099      46.626      62.616     111.670      19.684
    2001     330     314.753      67.135     668.099      46.626      62.616     111.669      19.684
    2001     331     314.753      67.136     668.099      46.626      62.616     111.669      19.684
    2001     332     314.753      67.137     668.099      46.626      62.616     111.668      19.684
    2001     333     314.753      67.137     668.099      46.626      62.616     111.667      19.684
    2001     334     314.753      67.138     668.100      46.626      62.616     111.667      19.684
    2001     335     314.753      67.139     668.100      46.627      62.616     111.666      19.684
    2001     336     314.753      67.139     668.100      46.627      62.616     111.665      19.684
    2001     337     314.753      67.140     668.100      46.627      62.616     111.665      19.684
    2001     338     314.753      67.141     668.100      46.627      62.616     111.664      19.684
    2001     339     314.753      67.141     668.100      46.627      62.617     111.663      19.683
    2001     340     314.753      67.142     668.100      46.627      62.617     111.663      19.683
    2001     341     314.753      67.142     668.100      46.627      62.617     111.662      19.683
    2001     342     314.753      67.143     668.101      46.627      62.617     111.661      19.683
    2001     343     314.753      67.144     668.101      46.627      62.617     111.661      19.683
    2001     344     314.753      67.144     668.101      46.627      62.617     111.660      19.683
    2001     345     314.753      67.145     668.101      46.627      62.617     111.659      19.683
    2001     346     314.753      67.146     668.101      46.627      62.617     111.659      19.683
    2001     347     314.753      67.146     668.101      46.627      62.617     111.658      19.683
    2001     348     314.752      67.147     668.101      46.627      62.617     111.657      19.683
    2001     349     314.752      67.147     668.102      46.628      62.617     111.657      19.683
    2001     350     314.752      67.148     668.102      46.628      62.617     111.656      19.683
    2001     351     314.752      67.149     668.102      46.628      62.617     111.655      19.683
    2001     352     314.752      67.149     668.102      46.628      62.617     111.655      19.683
    2001     353     314.752      67.150     668.102      46.628      62.617     111.654      19.682
    2001     354     314.752      67.151     668.103      46.628      62.617     111.653      19.682
    2001     355     314.752      67.151     668.103      46.628      62.617     111.652      19.682
    2001     356     314.752      67.152     668.103      46.628      62.617     111.652      19.682
    2001     357     314.752      67.153     668.103      46.628      62.617     111.651      19.682
    2001     358     314.752      67.153     668.103      46.628      62.617     111.650      19.682
    2001     359     314.752      67.154     668.103      46.628      62.617     111.650      19.682
    2001     360     314.752      67.154     668.104      46.628      62.617     111.649      19.682
    2001     361     314.752      67.155     668.104      46.628      62.617     111.648      19.682
    2001     362     314.752      67.156     668.104      46.628      62.617     111.648      19.682
    2001     363     314.752      67.156     668.104      46.629      62.617     111.647      19.682
    2001     364     314.752      67.157     668.104      46.629      62.617     111.646      19.682
    2001     365     314.752      67.158     668.105      46.629      62.617     111.646      19.682
