 Tordera                   SWAT+ Jul 2 2024        MODULAR Rev 2024.61.0.1                                
  jday   mon   day    yr    unit  gis_id  name                  precip     snofall      snomlt    surq_gen        latq    wateryld        perc          et     ecanopy      eplant       esoil   surq_cont          cn     sw_init    sw_final      sw_ave      sw_300    sno_init   sno_final     snopack         pet       qtile         irr  surq_runon  latq_runon    overbank    surq_cha    surq_res     surq_ls    latq_cha    latq_res     latq_ls     gwsoilq       satex  satex_chan   sw_change     lagsurf     laglatq    lagsatex    wet_evap    wet_oflo    wet_stor
                                                                  mm            mm          mm          mm          mm          mm          mm          mm          mm          mm          mm          mm         ---          mm          mm          mm          mm          mm          mm          mm          mm          mm          mm          mm          mm          mm          mm          mm          mm          mm          mm          mm          mm          mm          mm          mm          mm          mm          mm          mm          mm          mm
    365    12    31  2001      1       0  rtu0010              529.016       0.761       0.761      30.995      15.217      46.212     124.286     406.243      27.656     308.763      69.825      30.994      44.527      70.639     125.570     137.115      16.515       0.000       0.000       0.000     992.614       0.000       0.000       0.000       0.000       0.000      30.994       0.000       0.000      15.217       0.000       0.000      75.157       9.600       9.600      27.428      12.634      19.403      10.277       0.000       0.000       0.000
    365    12    31  2001      2       0  rtu0020              658.723       6.124       6.124      32.897     112.676     145.573     136.526     579.943      29.855     446.654     103.434      32.899      56.379     128.257     330.928     308.606      34.279       0.000       0.000       0.009    1012.621       0.000       0.000       0.000       0.000       0.000      32.899       0.000       0.000     112.676       0.000       0.000     305.007       9.676       9.674     101.197       4.007     500.049       1.648       0.000       0.000       0.000
    365    12    31  2001      3       0  rtu0030              534.508       0.000       0.000     511.386      28.831     540.217    1074.309     651.496      39.439     558.272      53.785     511.388      57.759      73.724     208.562     277.194      32.561       0.000       0.000       0.000    1146.011       0.000       0.000       0.000       0.000       0.000     511.388       0.000       0.000      28.831       0.000       0.000    1798.876     454.814     454.811      67.327     261.629      92.432     231.099       0.000       0.000       0.000
    365    12    31  2001      4       0  rtu0040              534.530       0.000       0.000     227.085      12.334     239.419     364.080     474.029      36.770     393.498      43.760     227.091      43.645      49.544     114.566     156.329      14.477       0.000       0.000       0.000    1146.185       0.000       0.000       0.000       0.000       0.000     227.091       0.000       0.000      12.334       0.000       0.000     575.475     217.085     217.078      32.466      78.618      19.673      75.194       0.000       0.000       0.000
    365    12    31  2001      5       0  rtu0050              534.149       0.049       0.049     213.741       9.409     223.150     144.856     638.447      37.485     552.474      48.487     213.740      53.788      76.331     136.102     215.247      27.704       0.000       0.000       0.000    1136.260       0.000       0.000       0.000       0.000       0.000     213.740       0.000       0.000       9.409       0.000       0.000     502.155     169.035     169.035      29.844     141.163      51.868     115.183       0.000       0.000       0.000
    365    12    31  2001      6       0  rtu0060              534.497       0.000       0.000     166.400       7.394     173.793     201.960     670.616      38.625     583.704      48.287     166.400      56.036      85.485      80.748     280.938      31.278       0.000       0.000       0.000    1145.941       0.000       0.000       0.000       0.000       0.000     166.400       0.000       0.000       7.394       0.000       0.000     509.506     136.735     136.735      -2.365      96.357      37.268      78.886       0.000       0.000       0.000
    365    12    31  2001      7       0  rtu0070              527.578       0.978       0.978       6.353       0.838       7.191      16.008     502.747      22.169     338.106     142.471       6.352      59.498      98.658     102.928     123.387      21.369       0.000       0.000       0.000     955.098       0.000       0.000       0.000       0.000       0.000       6.352       0.000       0.000       0.838       0.000       0.000       0.500       0.000       0.000       2.132       0.452       5.213       0.000       0.000       0.000       0.000
    365    12    31  2001      8       0  rtu0080              527.578       0.994       0.994     201.780       7.606     209.386     184.580     495.738      16.695     221.905     257.138     201.779      69.346     115.495     267.620     308.255      28.993       0.000       0.000       0.000     954.262       0.000       0.000       0.000       0.000       0.000     201.779       0.000       0.000       7.606       0.000       0.000     438.121      56.493      56.493      75.959      13.858      43.505       5.548       0.000       0.000       0.000
    365    12    31  2001      9       0  rtu0090              527.572       0.954       0.954       1.371       2.433       3.804      13.509     459.766      36.054     395.389      28.322       1.371      54.545     135.455     243.388     210.308      28.325       0.000       0.000       0.000     954.584       0.000       0.000       0.000       0.000       0.000       1.371       0.000       0.000       2.433       0.000       0.000       3.404       0.000       0.000      53.893       0.054       7.495       0.000       0.000       0.000       0.000
    365    12    31  2001     10       0  rtu0100              527.599       0.971       0.971     142.649      38.774     181.424     140.184     459.399      27.866     341.776      89.757     142.661      51.050      93.805     191.977     225.028      26.137       0.000       0.000       0.000     953.541       0.000       4.643       0.000       0.000       0.000     142.661       0.000       0.000      38.774       0.000       0.000     296.355     109.803     109.791      49.019      56.362     133.582      50.753       0.000       0.000       0.000
    365    12    31  2001     11       0  rtu0110              534.481       0.000       0.000     795.360      39.087     834.447     567.338     618.577      33.526     457.788     127.262     795.385      61.079      77.817     252.795     307.008      35.339       0.000       0.000       0.000    1146.035       0.000       0.000       0.000       0.000       0.000     795.385       0.000       0.000      39.087       0.000       0.000    1573.334     735.767     735.742      87.369     252.933     152.062     235.236       0.000       0.000       0.000
    365    12    31  2001     12       0  rtu0120              534.503       0.000       0.000     218.788       0.000     218.788       4.977     724.440      17.273      24.485     682.682     218.788       2.273      84.903     141.838     146.382       3.195       0.000       0.000       0.000    1145.883       0.000       0.000       0.000       0.000       0.000     218.788       0.000       0.000       0.000       0.000       0.000      48.479       0.000       0.000      28.429     614.152       0.000       0.000     377.963     218.687       9.807
    365    12    31  2001     13       0  rtu0130              534.508       0.000       0.000     435.751       0.008     435.759     200.942     761.933      36.647     626.707      98.579     437.293      63.371      82.078     335.254     315.621      44.259       0.000       0.000       0.000    1145.900       0.000       0.000       0.000       0.000       0.000     437.293       0.000       0.000       0.008       0.000       0.000     973.086     297.320     295.780     126.415    1386.412       0.043     957.801      18.074      42.277       1.222
    365    12    31  2001     14       0  rtu0140              740.299       4.563       4.552     213.449      71.734     285.184     838.230     606.578      30.503     480.972      95.103     213.454      47.959      92.512     197.832     217.899      20.128       0.000       0.000       0.268    1177.282       0.000       0.000       0.000       0.000       0.000     213.454       0.000       0.000      71.734       0.000       0.000    1042.330     192.074     192.069      52.588      11.447      94.774      10.215       0.000       0.000       0.000
    365    12    31  2001     15       0  rtu0150              516.919       0.120       0.120     259.797       0.343     260.140     103.171     534.655      16.528     290.301     227.826     259.909      72.777      88.197     173.145     207.253      24.734       0.000       0.000       0.000     942.153       0.000       0.000       0.000       0.000       0.000     259.909       0.000       0.000       0.343       0.000       0.000     400.760      46.807      46.766      42.416     440.949       2.439     103.280      21.207      73.565       2.105
    365    12    31  2001     16       0  rtu0160              743.866       2.727       2.727       4.028      46.813      50.841      69.069     594.510      31.408     478.920      84.183       4.027      53.948     144.479     203.376     229.133      28.988       0.000       0.000       0.001    1180.804       0.000       0.000       0.000       0.000       0.000       4.027       0.000       0.000      46.813       0.000       0.000       0.000       0.013       0.013      29.408       0.639     154.628       0.000       0.000       0.000       0.000
    365    12    31  2001     17       0  rtu0170              534.487       0.000       0.000      19.074       0.064      19.138      37.662     550.958      17.967     254.851     278.139      19.094      63.193      82.506     123.847     131.900      17.855       0.000       0.000       0.000    1145.890       0.000       0.000       0.000       0.000       0.000      19.094       0.000       0.000       0.064       0.000       0.000      93.551       4.667       4.648      20.642      21.982       1.419      13.192       0.367       0.212       0.010
    365    12    31  2001     18       0  rtu0180              534.508       0.000       0.000      90.951       0.026      90.977      31.252     489.812      10.849     167.861     311.102      90.951      72.396      82.978     127.974     115.604      14.761       0.000       0.000       0.000    1145.947       0.000       0.000       0.000       0.000       0.000      90.951       0.000       0.000       0.026       0.000       0.000      99.999       6.023       6.023      22.467      36.035       0.346      15.255       0.000       0.000       0.000
    365    12    31  2001     19       0  rtu0190              527.671       0.954       0.954       8.893      16.664      25.557     169.179     426.472      26.968     324.059      75.445       8.892      42.616      72.940     125.598     142.790      17.206       0.000       0.000       0.000     955.325       0.000       0.000       0.000       0.000       0.000       8.892       0.000       0.000      16.664       0.000       0.000     119.829       5.104       5.104      26.293       2.136      28.112       1.379       0.000       0.000       0.000
    365    12    31  2001     20       0  rtu0200              526.585       0.939       0.939      99.307       0.355      99.662      50.849     423.496      17.970     234.817     170.708      99.307      69.182     104.498     192.352     183.516      17.048       0.000       0.000       0.000     949.092       0.000       7.782       0.000       0.000       0.000      99.307       0.000       0.000       0.355       0.000       0.000      80.896       0.028       0.028      43.867       1.073       5.505       0.013       0.000       0.000       0.000
    365    12    31  2001     21       0  rtu0210              742.570       2.742       2.742      44.687      44.339      89.026     408.525     524.063      32.334     422.264      69.465      44.687      41.220      87.683     161.422     169.246      16.477       0.000       0.000       0.006    1181.378       0.000       2.083       0.000       0.000       0.000      44.687       0.000       0.000      44.339       0.000       0.000     313.078      39.458      39.458      36.819       1.001      47.681       0.962       0.000       0.000       0.000
    365    12    31  2001     22       0  rtu0220              508.537       1.230       1.227      58.723       3.007      61.730      57.134     418.143      29.149     243.577     145.416      58.722      62.517      88.380     173.026     193.364      19.819       0.000       0.000       0.003     894.517       0.000       0.545       0.000       0.000       0.000      58.722       0.000       0.000       3.007       0.000       0.000      70.202       1.830       1.830      42.265       4.185      16.866       0.973       0.000       0.000       0.000
    365    12    31  2001     23       0  rtu0230              743.896       2.723       2.723      39.008      52.800      91.808     397.925     574.559      32.215     471.374      70.970      39.008      44.936     110.572     167.013     186.544      21.590       0.000       0.000       0.001    1181.540       0.000       0.216       0.000       0.000       0.000      39.008       0.000       0.000      52.800       0.000       0.000     348.299      33.916      33.915      28.182       2.159      72.357       1.752       0.000       0.000       0.000
    365    12    31  2001     24       0  rtu0240              523.791       0.694       0.694       9.761      24.650      34.411      94.910     427.458      27.065     348.932      51.460       9.761      43.206      80.470     120.278     134.035      15.710       0.000       0.000       0.000    1043.992       0.000       0.000       0.000       0.000       0.000       9.761       0.000       0.000      24.650       0.000       0.000      52.868       7.086       7.086      19.877       6.105      60.689       5.588       0.000       0.000       0.000
    365    12    31  2001     25       0  rtu0250              535.074       0.828       0.828      32.009      16.908      48.917     106.903     456.192      34.077     375.111      47.003      32.009      47.216      87.065     123.617     156.388      19.374       0.000       0.000       0.000     965.144       0.000       0.000       0.000       0.000       0.000      32.009       0.000       0.000      16.908       0.000       0.000      95.196      21.442      21.442      18.251       8.920      43.038       7.692       0.000       0.000       0.000
    365    12    31  2001     26       0  rtu0260              399.209       0.000       0.000     167.144       0.607     167.751     129.262     269.125       3.044      13.749     252.331     167.144      86.308      86.562     372.884     244.340       8.322       0.000       0.000       0.000    1140.022       0.000       0.000       0.000       0.000       0.000     167.144       0.000       0.000       0.607       0.000       0.000     309.917       0.642       0.642     142.965       1.430       7.267       0.433       0.000       0.000       0.000
    365    12    31  2001     27       0  rtu0270              399.209       0.000       0.000      37.848       0.601      38.449      33.607     369.323      13.204      92.810     263.309      37.852      65.734      73.766     176.622     129.322      13.111       0.000       0.000       0.000    1140.143       0.000       0.000       0.000       0.000       0.000      37.852       0.000       0.000       0.601       0.000       0.000      93.543       2.295       2.291      51.358       2.757       3.767       1.537       0.000       0.000       0.000
    365    12    31  2001     28       0  rtu0280              399.217       0.000       0.000    1933.380       1.012    1934.391     272.079     597.868      13.633     139.346     444.889    1934.413      83.589      77.405     385.133     362.449      62.425       0.000       0.000       0.000    1140.072       0.000       0.000       0.000       0.000       0.000    1934.413       0.000       0.000       1.012       0.000       0.000    2559.868    1777.731    1776.697     153.653     981.392      37.007     906.419       0.000       0.000       0.000
    365    12    31  2001     29       0  rtu0290              427.897       0.000       0.000     890.182      19.650     909.832     431.957     528.284       9.600      99.439     419.245     890.260      86.510      87.459     552.230     524.826      53.311       0.000       0.000       0.000    1141.305       0.000       0.000       0.000       0.000       0.000     890.260       0.000       0.000      19.650       0.000       0.000    1674.470     683.982     683.904     232.068     160.137     108.679     122.495       0.000       0.000       0.000
    365    12    31  2001     30       0  rtu0300              534.503       0.000       0.000     597.234       7.408     604.642     252.914     466.747       8.847      88.998     368.902     597.322      82.612      95.547     412.860     363.929      35.701       0.000       0.000       0.000    1145.675       0.000       0.000       0.000       0.000       0.000     597.322       0.000       0.000       7.408       0.000       0.000     948.419     370.389     370.301     158.440     180.720      58.650     133.039       0.000       0.000       0.000
    365    12    31  2001     31       0  rtu0310              534.492       0.000       0.000      54.936       7.431      62.367     133.438     456.932      22.147     243.745     191.040      54.936      56.539      86.726     213.831     204.451      21.768       0.000       0.000       0.000    1145.945       0.000      16.025       0.000       0.000       0.000      54.936       0.000       0.000       7.431       0.000       0.000     160.384       5.611       5.611      63.466       9.544      20.984       5.516       0.000       0.000       0.000
    365    12    31  2001     32       0  rtu0320              534.503       0.000       0.000     323.442      63.149     386.591     233.522     693.774      40.113     608.452      45.209     323.442      58.301     108.878     146.669     375.807      35.717       0.000       0.000       0.000    1145.861       0.000       0.000       0.000       0.000       0.000     323.442       0.000       0.000      63.149       0.000       0.000     798.254     300.306     300.306      18.870     121.880     171.462     112.953       0.000       0.000       0.000
    365    12    31  2001     33       0  rtu0330              534.503       0.000       0.000       8.066       7.871      15.937     134.864     622.102      26.573     397.131     198.398       8.066      56.486      91.454     141.544     259.010      20.763       0.000       0.000       0.000    1145.826       0.000       0.000       0.000       0.000       0.000       8.066       0.000       0.000       7.871       0.000       0.000     263.429       0.000       0.000      25.011       0.959      33.278       0.000       0.000       0.000       0.000
    365    12    31  2001     34       0  rtu0340              534.487       0.000       0.000      76.460       5.635      82.095     155.400     563.085      36.397     470.918      55.769      76.459      56.230      83.215     166.463     226.780      24.929       0.000       0.000       0.000    1145.924       0.000       0.000       0.000       0.000       0.000      76.459       0.000       0.000       5.635       0.000       0.000     307.665      31.925      31.925      41.567      67.414      25.464      40.287       0.000       0.000       0.000
    365    12    31  2001     35       0  rtu0350              534.498       0.000       0.000     203.702       6.625     210.327     219.766     549.025      27.688     367.553     153.784     203.730      57.322      68.000     206.474     217.636      22.712       0.000       0.000       0.000    1145.994       0.000       0.000       0.000       0.000       0.000     203.730       0.000       0.000       6.625       0.000       0.000     513.810     131.201     131.172      69.142     116.317      24.508      95.672       0.000       0.000       0.000
    365    12    31  2001     36       0  rtu0360              534.489       0.035       0.035      32.970       5.073      38.044      41.301     525.272      31.762     383.694     109.816      32.970      56.054      73.855     118.054     125.325      16.892       0.000       0.000       0.005    1146.642       0.000       0.000       0.000       0.000       0.000      32.970       0.000       0.000       5.073       0.000       0.000      92.207       3.518       3.517      22.069       2.140      12.409       0.490       0.000       0.000       0.000
    365    12    31  2001     37       0  rtu0370              540.079     107.404     106.761    5499.823       3.728    5503.552     464.810     804.065      10.174     130.876     663.016    5501.928      96.171      88.414     580.721     547.688      94.376       0.000       0.000      15.226     857.581       0.000       0.000       0.000       0.000       0.000    5501.928       0.000       0.000       3.728       0.000       0.000    6480.432    5085.611    5083.507     245.816    1972.650     104.816    1823.321       0.000       0.000       0.000
    365    12    31  2001     38       0  rtu0380              540.079     106.814     106.198    1298.777       2.577    1301.354     250.761     452.613       8.504     107.591     336.518    1298.864      93.235      88.414     419.002     354.964      45.387       0.000       0.000      15.097     857.592       0.000       0.000       0.000       0.000       0.000    1298.864       0.000       0.000       2.577       0.000       0.000    1629.906     922.209     922.122     165.068      87.443      56.347      70.632       0.000       0.000       0.000
    365    12    31  2001     39       0  rtu0390              540.079     103.515     103.052      69.145      23.857      93.002      85.221     404.893      29.223     315.141      60.530      69.145      55.116      92.669     154.981     207.132      21.153       0.000       0.000      14.379     858.313       0.000       0.000       0.000       0.000       0.000      69.145       0.000       0.000      23.857       0.000       0.000      74.165      28.609      28.608      31.113      13.095      76.550       9.790       0.000       0.000       0.000
    365    12    31  2001     40       0  rtu0400              540.073     103.837     103.358    2221.885     217.269    2439.155     481.282     670.565      29.679     476.461     164.424    2222.248      79.529     109.465     607.177     589.031      85.043       0.000       0.000      14.450     857.797       0.000       0.000       0.000       0.000       0.000    2222.248       0.000       0.000     217.269       0.000       0.000    3300.618    1958.674    1958.312     248.515     468.574     686.027     442.756       0.000       0.000       0.000
    365    12    31  2001     41       0  rtu0410              540.084     103.598     103.133     108.985      31.230     140.214     145.592     430.473      28.757     311.305      90.411     108.991      52.554      84.751     177.258     229.853      23.618       0.000       0.000      14.398     858.179       0.000       0.000       0.000       0.000       0.000     108.991       0.000       0.000      31.230       0.000       0.000     222.430      66.942      66.935      46.190      14.110      91.759      10.395       0.000       0.000       0.000
    365    12    31  2001     42       0  rtu0420              540.084     106.310     105.719     325.838      37.490     363.327     192.373     299.945       8.444      98.002     193.499     325.837      86.971      89.593     248.060     306.619      15.492       0.000       0.000      14.986     857.809       0.000       0.000       0.000       0.000       0.000     325.837       0.000       0.000      37.490       0.000       0.000     394.812      24.042      24.042      79.125       0.031     170.891       0.000       0.000       0.000       0.000
    365    12    31  2001     43       0  rtu0430              540.052     104.533     104.017     335.740      36.570     372.310     186.138     375.021      21.474     220.288     133.259     335.773      68.395      91.522     283.725     332.473      24.415       0.000       0.000      14.599     858.039       0.000       0.000       0.000       0.000       0.000     335.773       0.000       0.000      36.570       0.000       0.000     489.522     207.923     207.889      95.970      52.210     158.417      45.606       0.000       0.000       0.000
    365    12    31  2001     44       0  rtu0440              547.911      97.035      96.563     278.900      83.244     362.145     242.102     490.179      23.610     282.606     183.963     278.903      66.445      93.514     329.358     376.419      32.142       0.000       0.000      13.486     867.529       0.000       0.000       0.000       0.000       0.000     278.903       0.000       0.000      83.244       0.000       0.000     664.541     177.394     177.391     117.760      82.855     363.502      68.729       0.000       0.000       0.000
    365    12    31  2001     45       0  rtu0450              540.079     103.300     102.853      10.931      30.413      41.344      53.745     431.490      31.575     355.425      44.490      10.931      54.545      88.414     115.431     192.423      20.457       0.000       0.000      14.334     858.742       0.000       0.000       0.000       0.000       0.000      10.931       0.000       0.000      30.413       0.000       0.000       0.000       0.000       0.000      13.490       0.190     130.413       0.000       0.000       0.000       0.000
    365    12    31  2001     46       0  rtu0460              740.321       2.867       2.867       8.715      58.507      67.222      85.562     604.925      35.316     493.276      76.333       8.715      54.563     143.585     223.108     254.819      28.607       0.000       0.000       0.002    1174.619       0.000       0.000       0.000       0.000       0.000       8.715       0.000       0.000      58.507       0.000       0.000      57.151       1.123       1.123      39.707       0.606     204.987       0.012       0.000       0.000       0.000
    365    12    31  2001     47       0  rtu0470              644.232       6.690       6.690      34.335     143.913     178.248     184.786     608.675      30.768     499.756      78.152      34.336      57.195     118.867     377.136     348.892      33.327       0.000       0.000       0.010     983.016       0.000       0.000       0.000       0.000       0.000      34.336       0.000       0.000     143.913       0.000       0.000     456.994       6.003       6.001     128.958       5.595     656.633       1.986       0.000       0.000       0.000
    365    12    31  2001     48       0  rtu0480              534.503       0.000       0.000    2837.324       4.041    2841.365     443.338    1086.656       4.741     199.749     882.166    2837.510      95.220      79.300     580.721     536.078      91.202       0.000       0.000       0.000    1145.862       0.000       0.000       0.000       0.000       0.000    2837.510       0.000       0.000       4.041       0.000       0.000    4087.602    2458.260    2458.074     250.367     154.626     119.951     133.979       0.000       0.000       0.000
    365    12    31  2001     49       0  rtu0490              534.513       0.000       0.000     381.186       4.113     385.299     181.045     483.811       3.385      99.114     381.313     381.188      86.734      86.428     289.091     299.030      20.407       0.000       0.000       0.000    1146.001       0.000       0.000       0.000       0.000       0.000     381.188       0.000       0.000       4.113       0.000       0.000     616.878     142.555     142.552     101.193      14.287      37.314       9.558       0.000       0.000       0.000
    365    12    31  2001     50       0  rtu0500              534.513       0.000       0.000    1226.853     146.887    1373.740    1112.188     762.291      38.375     668.421      55.494    1226.853      56.427      65.262     170.925     342.663      33.196       0.000       0.000       0.000    1146.431       0.000       0.000       0.000       0.000       0.000    1226.853       0.000       0.000     146.887       0.000       0.000    2766.479    1183.535    1183.535      52.759     453.931     446.938     440.778       0.000       0.000       0.000
    365    12    31  2001     51       0  rtu0510              534.508       0.000       0.000     644.912      65.028     709.940     663.694     532.842      34.906     442.691      55.244     644.912      45.627      58.716     108.562     220.905      19.829       0.000       0.000       0.000    1146.664       0.000       0.000       0.000       0.000       0.000     644.912       0.000       0.000      65.028       0.000       0.000    1396.861     631.476     631.476      24.889     120.824     155.837     119.190       0.000       0.000       0.000
    365    12    31  2001     52       0  rtu0520              540.079     105.377     104.829     269.432      31.808     301.240     133.475     516.488      17.819     247.279     251.390     269.432      69.021      99.686     264.276     290.609      30.527       0.000       0.000      14.784     857.891       0.000       0.000       0.000       0.000       0.000     269.432       0.000       0.000      31.808       0.000       0.000     493.411     156.568     156.568      82.182       6.436     142.965       1.085       0.000       0.000       0.000
    365    12    31  2001     53       0  rtu0530              399.217       0.000       0.000     676.188      10.268     686.456     259.181     414.270      10.495     101.117     302.658     676.421      88.221      80.559     412.230     376.169      43.577       0.000       0.000       0.000    1140.094       0.000       0.000       0.000       0.000       0.000     676.421       0.000       0.000      10.268       0.000       0.000    1126.619     468.684     468.451     165.609     331.610      59.656     277.421       0.000       0.000       0.000
    365    12    31  2001     54       0  rtu0540              540.478     103.623     103.163      17.894      16.750      34.644     117.865     368.840      28.991     287.492      52.357      17.894      45.722      73.509     113.099     146.639      15.593       0.000       0.000      14.402     858.133       0.000       0.000       0.000       0.000       0.000      17.894       0.000       0.000      16.750       0.000       0.000       0.642       0.019       0.019      19.768       0.361      27.874       0.000       0.000       0.000       0.000
    365    12    31  2001     55       0  rtu0550              548.185     106.915     106.405     165.011      26.001     191.013     133.255     404.197      23.342     250.272     130.583     165.017      64.754      89.091     219.372     266.371      22.183       0.000       0.000      15.101     854.572       0.000       0.000       0.000       0.000       0.000     165.017       0.000       0.000      26.001       0.000       0.000     245.392      58.100      58.094      65.051      23.811     111.432      15.536       0.000       0.000       0.000
    365    12    31  2001     56       0  rtu0560              534.513       0.000       0.000      43.958      15.914      59.873     420.941     446.781      26.587     266.668     153.526      43.958      53.202      59.789     165.095     168.960      12.577       0.000       0.000       0.000    1146.406       0.000       0.000       0.000       0.000       0.000      43.958       0.000       0.000      15.914       0.000       0.000     445.677       7.988       7.988      52.581       2.635      21.931       1.170       0.000       0.000       0.000
    365    12    31  2001     57       0  rtu0570              540.116     103.117     102.665      47.002      54.811     101.813     169.981     393.522      29.703     303.151      60.667      47.003      51.235      77.962     156.106     216.687      18.929       0.000       0.000      14.290     858.456       0.000       0.000       0.000       0.000       0.000      47.003       0.000       0.000      54.811       0.000       0.000     164.243      31.786      31.785      39.019       6.941     139.167       5.299       0.000       0.000       0.000
    365    12    31  2001     58       0  rtu0580              540.079     103.804     103.331      45.507      20.862      66.369     112.755     396.039      28.146     285.859      82.034      45.507      54.342      82.880     171.036     211.697      19.883       0.000       0.000      14.443     858.317       0.000       0.000       0.000       0.000       0.000      45.507       0.000       0.000      20.862       0.000       0.000      79.130      19.948      19.948      44.018       3.613      80.593       1.923       0.000       0.000       0.000
    365    12    31  2001     59       0  rtu0590              540.084     107.410     106.767    1745.155       2.964    1748.119     218.541     464.650       4.953      63.718     395.979    1745.219      97.259      88.415     322.091     302.938      46.781       0.000       0.000      15.226     857.599       0.000       0.000       0.000       0.000       0.000    1745.219       0.000       0.000       2.964       0.000       0.000    2008.067    1333.065    1333.001     116.678      60.399      62.619      52.313       0.000       0.000       0.000
    365    12    31  2001     60       0  rtu0600              540.089     105.479     104.925     195.419       2.864     198.283     156.343     456.426      16.992     249.420     190.014     195.419      72.758      88.608     257.875     266.016      23.929       0.000       0.000      14.806     857.660       0.000       0.000       0.000       0.000       0.000     195.419       0.000       0.000       2.864       0.000       0.000     355.507      20.740      20.740      84.517      16.225      38.904       3.494       0.000       0.000       0.000
    365    12    31  2001     61       0  rtu0610              540.089     104.975     104.446     178.099      53.603     231.702     149.703     265.751      16.201     144.701     104.849     178.098      69.344      81.457     232.930     244.618      15.824       0.000       0.000      14.697     857.955       0.000       0.000       0.000       0.000       0.000     178.098       0.000       0.000      53.603       0.000       0.000     182.850       5.263       5.263      75.633       6.669     215.771       1.897       0.000       0.000       0.000
    365    12    31  2001     62       0  rtu0620              540.079     105.694     105.130     201.378       5.512     206.891     236.464     594.183      17.001     272.595     304.586     201.380      70.195      88.414     375.161     353.853      37.769       0.000       0.000      14.853     857.693       0.000       0.000       0.000       0.000       0.000     201.380       0.000       0.000       5.512       0.000       0.000     640.738      52.388      52.386     143.177      15.221      75.589       3.447       0.000       0.000       0.000
    365    12    31  2001     63       0  rtu0630              540.068     104.733     104.216      88.673      35.007     123.680     178.529     418.828      21.867     262.157     134.803      88.674      59.233      77.349     204.626     243.856      19.505       0.000       0.000      14.644     858.140       0.000       0.000       0.000       0.000       0.000      88.674       0.000       0.000      35.007       0.000       0.000     244.565      18.859      18.857      63.552      16.903     137.625       8.361       0.000       0.000       0.000
    365    12    31  2001     64       0  rtu0640              702.933      22.934      22.844       2.203      29.802      32.006     135.005     516.681      31.850     426.152      58.679       2.203      42.655     105.383     151.739     154.101      19.919       0.000       0.000       2.883    1116.697       0.000       0.000       0.000       0.000       0.000       2.203       0.000       0.000      29.802       0.000       0.000       3.905       0.000       0.000      23.146       0.053      39.428       0.000       0.000       0.000       0.000
    365    12    31  2001     65       0  rtu0650              743.851       2.735       2.735     264.548      77.703     342.250     510.116     590.703      29.451     442.410     118.841     264.549      51.078     114.987     198.165     228.983      25.682       0.000       0.000       0.001    1181.757       0.000       0.000       0.000       0.000       0.000     264.549       0.000       0.000      77.703       0.000       0.000     740.817     215.777     215.775      41.532       3.662     130.281       3.300       0.000       0.000       0.000
    365    12    31  2001     66       0  rtu0660              743.881       2.826       2.826   27888.906     127.012   28015.920    6307.662    1091.858      13.405     331.845     746.607   27889.631      98.445      73.411     630.723     625.921     105.512       0.000       0.000       0.002    1183.832       0.000       0.000       0.000       0.000       0.000   27889.631       0.000       0.000     127.012       0.000       0.000   34950.824   27344.055   27343.336     278.275    1022.915     201.242    1003.191       0.000       0.000       0.000
    365    12    31  2001     67       0  rtu0670              743.888       2.728       2.728      90.307      35.999     126.306     316.520     504.216      30.477     390.463      83.276      90.306      42.995      85.860     158.823     150.866      16.538       0.000       0.000       0.001    1182.437       0.000       3.867       0.000       0.000       0.000      90.306       0.000       0.000      35.999       0.000       0.000     234.411      65.352      65.352      36.432       0.321      39.244       0.304       0.000       0.000       0.000
    365    12    31  2001     68       0  rtu0680              534.503       0.000       0.000     191.074       7.121     198.194     112.395     468.261      27.361     341.413      99.487     191.073      63.318      86.062     176.699     204.461      21.524       0.000       0.000       0.000    1146.012       0.000       0.000       0.000       0.000       0.000     191.073       0.000       0.000       7.121       0.000       0.000     289.611      82.529      82.529      45.256     157.982      30.029     127.580       0.000       0.000       0.000
    365    12    31  2001     69       0  rtu0690              534.487       0.000       0.000      59.451       3.276      62.727      47.811     471.873      30.263     326.374     115.236      59.451      60.832      93.245     202.521     186.072      21.434       0.000       0.000       0.000    1145.988       0.000       0.000       0.000       0.000       0.000      59.451       0.000       0.000       3.276       0.000       0.000     102.499       6.847       6.847      54.563      13.969      15.241       6.376       0.000       0.000       0.000
    365    12    31  2001     70       0  rtu0700              484.613       0.000       0.000      89.371       1.105      90.476      20.648     385.723      19.266     214.157     152.301      89.371      65.075      66.758     108.746      92.717      10.695       0.000       0.000       0.000    1144.299       0.000       3.484       0.000       0.000       0.000      89.371       0.000       0.000       1.105       0.000       0.000      28.558       0.000       0.000      20.965       0.849       1.966       0.000       0.000       0.000       0.000
    365    12    31  2001     71       0  rtu0710              520.985       1.345       1.345      10.151       2.420      12.571      21.769     479.206      31.991     334.289     112.926      10.151      51.066      75.550     127.776     112.812      17.673       0.000       0.000       0.004    1057.787       0.000       0.000       0.000       0.000       0.000      10.151       0.000       0.000       2.420       0.000       0.000      18.640       1.727       1.727      26.077       1.378       4.857       0.408       0.000       0.000       0.000
    365    12    31  2001     72       0  rtu0720              508.406       0.148       0.148     118.243       0.776     119.019      64.147     414.825      17.757     181.778     215.290     118.243      75.390      90.396     144.393     177.626      18.036       0.000       0.000       0.000     843.782       0.000       0.000       0.000       0.000       0.000     118.243       0.000       0.000       0.776       0.000       0.000     116.551       1.938       1.938      26.962       7.184       5.586       0.953       0.000       0.000       0.000
    365    12    31  2001     73       0  rtu0730              534.497       0.000       0.000      66.254       2.853      69.108      24.266     437.475      14.791     164.717     257.967      66.254      63.058      79.642     140.939     113.645      15.927       0.000       0.000       0.000    1146.167       0.000      15.946       0.000       0.000       0.000      66.254       0.000       0.000       2.853       0.000       0.000       5.567       0.000       0.000      30.607       0.620      10.741       0.000       0.000       0.000       0.000
    365    12    31  2001     74       0  rtu0740              743.881       2.721       2.721       1.539      25.181      26.719     115.410     587.959      32.583     494.066      61.310       1.538      45.579     130.088     157.715     176.270      24.569       0.000       0.000       0.001    1179.677       0.000       0.000       0.000       0.000       0.000       1.538       0.000       0.000      25.181       0.000       0.000       0.000       0.000       0.000      13.795       0.032      44.075       0.000       0.000       0.000       0.000
    365    12    31  2001     75       0  rtu0750              743.881       2.721       2.721       0.687      16.437      17.123     141.563     565.180      32.469     471.001      61.711       0.686      42.751     116.893     156.978     161.041      21.779       0.000       0.000       0.001    1179.929       0.000       0.000       0.000       0.000       0.000       0.686       0.000       0.000      16.437       0.000       0.000       0.000       0.000       0.000      20.015       0.004      23.847       0.000       0.000       0.000       0.000
    365    12    31  2001     76       0  rtu0760              521.017       0.000       0.000      62.873       6.738      69.610      94.232     452.084      28.389     295.915     127.780      62.873      61.094      88.187     185.284     185.924      16.946       0.000       0.000       0.000    1145.659       0.000       0.000       0.000       0.000       0.000      62.873       0.000       0.000       6.738       0.000       0.000     143.401       7.996       7.996      48.482       1.239      17.849       0.705       0.000       0.000       0.000
    365    12    31  2001     77       0  rtu0770              415.207       0.000       0.000      51.966       2.226      54.192      95.938     387.620      20.934     192.339     174.347      51.966      58.059      66.293      79.895     101.253      12.349       0.000       0.000       0.000    1141.048       0.000       0.000       0.000       0.000       0.000      51.966       0.000       0.000       2.226       0.000       0.000     129.336      10.853      10.853       6.792       0.837       4.866       0.612       0.000       0.000       0.000
    365    12    31  2001     78       0  rtu0780              399.217       0.000       0.000    1177.720      14.193    1191.912     416.016     685.047      10.729      91.470     582.848    1178.294      86.168      78.105     574.403     502.317      75.501       0.000       0.000       0.000    1140.068       0.000       0.000       0.000       0.000       0.000    1178.294       0.000       0.000      14.193       0.000       0.000    2142.318     996.827     996.253     247.810     451.753     100.396     400.802       0.000       0.000       0.000
    365    12    31  2001     79       0  rtu0790              534.508       0.000       0.000      49.028       9.849      58.877     194.061     458.782      27.607     298.102     133.072      49.028      49.901      77.936     146.320     170.978      18.049       0.000       0.000       0.000    1146.099       0.000       0.000       0.000       0.000       0.000      49.028       0.000       0.000       9.849       0.000       0.000     211.361      15.033      15.033      34.145       2.529      17.339       2.141       0.000       0.000       0.000
    365    12    31  2001     80       0  rtu0800              534.487       0.000       0.000      64.494       3.130      67.624      36.017     442.896      27.327     305.374     110.196      64.494      56.131      76.840     120.712     115.009      14.533       0.000       0.000       0.000    1146.084       0.000       4.072       0.000       0.000       0.000      64.494       0.000       0.000       3.130       0.000       0.000      28.517       0.000       0.000      21.906       0.419       4.845       0.000       0.000       0.000       0.000
    365    12    31  2001     81       0  rtu0810              532.064       0.019       0.019     289.882       1.929     291.811     534.279     621.104      27.967     449.678     143.460     289.882      63.155      81.840     123.846     214.928      26.579       0.000       0.000       0.000    1117.786       0.000       0.000       0.000       0.000       0.000     289.882       0.000       0.000       1.929       0.000       0.000     936.108     226.967     226.967      20.974      82.534      22.298      72.437       0.000       0.000       0.000
    365    12    31  2001     82       0  rtu0820              527.583       0.980       0.980       5.833       9.721      15.554     147.657     424.010      24.063     277.866     122.081       5.833      44.813      85.477     151.844     143.303      20.130       0.000       0.000       0.000     953.773       0.000       0.000       0.000       0.000       0.000       5.833       0.000       0.000       9.721       0.000       0.000      92.775       2.290       2.290      33.138       4.025      13.005       2.019       0.000       0.000       0.000
    365    12    31  2001     83       0  rtu0830              508.416       0.113       0.113     141.328       4.226     145.554     110.440     436.862      26.667     234.460     175.735     141.420      70.820      89.385     173.966     243.435      23.128       0.000       0.000       0.000     843.720       0.000       0.000       0.000       0.000       0.000     141.420       0.000       0.000       4.226       0.000       0.000     226.785      43.929      43.837      42.233      90.484      32.668      65.015       0.000       0.000       0.000
    365    12    31  2001     84       0  rtu0840              519.238       0.606       0.606     285.413       5.188     290.601     203.560     577.036      25.450     381.277     170.309     285.502      70.333      96.419     282.766     334.398      35.513       0.000       0.000       0.000     906.587       0.000       2.410       0.000       0.000       0.000     285.502       0.000       0.000       5.188       0.000       0.000     641.984     183.381     183.291      93.046     237.816      45.902     180.372       0.000       0.000       0.000
    365    12    31  2001     85       0  rtu0850              540.089     104.053     103.567     173.847      49.779     223.626     993.698     423.158      25.588     277.530     120.041     173.857      54.964      73.042     269.483     288.604      24.273       0.000       0.000      14.497     858.026       0.000       0.000       0.000       0.000       0.000     173.857       0.000       0.000      49.779       0.000       0.000    1198.610     129.518     129.508      98.086      27.690     137.688      19.940       0.000       0.000       0.000
    365    12    31  2001     86       0  rtu0860              540.084     104.858     104.335     295.398      18.609     314.007      73.381     374.845      20.050     246.339     108.457     295.398      72.068     103.326     150.660     210.184      21.505       0.000       0.000      14.671     857.986       0.000       0.000       0.000       0.000       0.000     295.398       0.000       0.000      18.609       0.000       0.000     245.797     125.818     125.818      23.635       9.735      75.942       6.414       0.000       0.000       0.000
    365    12    31  2001     87       0  rtu0870              743.881       2.727       2.727       5.213      33.377      38.591      54.221     645.621      31.819     536.278      77.525       5.213      55.111     148.117     159.030     209.645      28.588       0.000       0.000       0.001    1182.325       0.000       0.000       0.000       0.000       0.000       5.213       0.000       0.000      33.377       0.000       0.000       0.000       0.000       0.000       5.449       0.368     110.815       0.000       0.000       0.000       0.000
    365    12    31  2001     88       0  rtu0880              743.874       2.721       2.721       4.221      43.390      47.611      54.537     633.250      32.686     538.199      62.365       4.221      54.505     145.548     162.520     208.873      28.306       0.000       0.000       0.001    1180.154       0.000       0.000       0.000       0.000       0.000       4.221       0.000       0.000      43.390       0.000       0.000       0.000       0.000       0.000       8.474       0.645     149.695       0.000       0.000       0.000       0.000
    365    12    31  2001     89       0  rtu0890              641.618      53.447      53.211      11.954      37.219      49.173      57.981     519.901      30.369     397.756      91.776      11.953      55.234     130.047     187.075     226.776      27.364       0.000       0.000       7.248    1019.113       0.000       6.007       0.000       0.000       0.000      11.953       0.000       0.000      37.219       0.000       0.000       5.873       0.005       0.005      28.475       1.209     111.787       0.001       0.000       0.000       0.000
    365    12    31  2001     90       0  rtu0900              540.073     104.806     104.283     173.954      33.662     207.617     163.340     395.822      24.636     243.497     127.689     173.954      65.715      92.260     266.001     312.340      22.818       0.000       0.000      14.666     857.947       0.000       0.000       0.000       0.000       0.000     173.954       0.000       0.000      33.662       0.000       0.000     313.544      73.890      73.890      86.752       3.648     149.681       0.694       0.000       0.000       0.000
    365    12    31  2001     91       0  rtu0910              562.194       1.357       1.356      14.684       6.674      21.358      23.835     497.663      45.043     406.119      46.500      14.683      54.362      88.033     153.574     149.888      23.419       0.000       0.000       0.004    1020.263       0.000       0.000       0.000       0.000       0.000      14.683       0.000       0.000       6.674       0.000       0.000      13.424       0.000       0.000      32.725       0.499      28.945       0.000       0.000       0.000       0.000
    365    12    31  2001     92       0  rtu0920              521.156       0.373       0.373     109.592       0.610     110.202      72.257     486.352      12.611     188.662     285.078     109.639      70.682      83.878     200.640     186.011      19.002       0.000       0.000       0.001    1004.312       0.000       0.000       0.000       0.000       0.000     109.639       0.000       0.000       0.610       0.000       0.000     205.207      13.358      13.326      58.301      50.844       5.307      16.772       0.803       6.243       0.110
    365    12    31  2001     93       0  rtu0930              508.663       2.782       2.777      41.911       8.844      50.755     392.584     469.802      30.209     336.080     103.512      41.911      49.116      73.606     138.710     172.861      17.259       0.000       0.000       0.008     965.384       0.000       3.913       0.000       0.000       0.000      41.911       0.000       0.000       8.844       0.000       0.000     433.071       8.450       8.450      32.508       0.403      16.116       0.350       0.000       0.000       0.000
    365    12    31  2001     94       0  rtu0940              527.578       0.967       0.967      60.729      12.851      73.580     129.951     464.572      27.643     343.252      93.677      60.729      59.713      97.641     235.306     248.732      23.050       0.000       0.000       0.000     954.513       0.000       7.927       0.000       0.000       0.000      60.729       0.000       0.000      12.851       0.000       0.000     198.658       7.416       7.416      68.738       6.037      65.094       1.881       0.000       0.000       0.000
    365    12    31  2001     95       0  rtu0950              743.866       2.729       2.729       2.890      40.091      42.981      80.746     605.546      31.493     485.600      88.454       2.889      50.283     153.971     183.184     217.892      30.337       0.000       0.000       0.001    1178.890       0.000       0.000       0.000       0.000       0.000       2.889       0.000       0.000      40.091       0.000       0.000       0.000       0.000       0.000      14.587       0.412      84.758       0.000       0.000       0.000       0.000
    365    12    31  2001     96       0  rtu0960              743.874       2.722       2.722       2.381      38.845      41.225      88.039     605.429      32.549     508.820      64.060       2.380      48.354     140.862     159.248     189.711      26.946       0.000       0.000       0.001    1179.818       0.000       0.000       0.000       0.000       0.000       2.380       0.000       0.000      38.845       0.000       0.000       0.000       0.000       0.000       9.181       0.306      77.095       0.000       0.000       0.000       0.000
    365    12    31  2001     97       0  rtu0970              534.530       0.000       0.000     251.086       3.081     254.167     100.978     583.458      22.669     354.609     206.179     251.297      67.902      83.488     163.533     197.783      27.079       0.000       0.000       0.000    1146.088       0.000       0.000       0.000       0.000       0.000     251.297       0.000       0.000       3.081       0.000       0.000     443.969     168.001     167.789      39.968     422.587      19.443     337.717       0.280       0.162       0.007
    365    12    31  2001     98       0  rtu0980              513.517       2.244       2.242      40.594       1.876      42.471      69.335     468.493      29.189     307.781     131.523      40.594      56.892      82.385     138.726     140.082      18.995       0.000       0.000       0.006     999.456       0.000       0.000       0.000       0.000       0.000      40.594       0.000       0.000       1.876       0.000       0.000      94.918       6.097       6.097      28.132       2.733       8.450       1.299       0.000       0.000       0.000
    365    12    31  2001     99       0  rtu0990              527.593       0.979       0.979      10.223       8.369      18.592     107.283     436.159      23.483     282.122     130.553      10.232      48.857      92.545     210.855     180.601      22.363       0.000       0.000       0.000     954.459       0.000       4.781       0.000       0.000       0.000      10.232       0.000       0.000       8.369       0.000       0.000      87.186       3.269       3.260      59.074       3.160      18.427       1.560       0.000       0.000       0.000
    365    12    31  2001    100       0  rtu1000              534.465       0.000       0.000      65.533       5.297      70.829      99.964     513.459      30.721     356.451     126.288      65.532      56.883      78.439     164.095     169.457      19.542       0.000       0.000       0.000    1146.184       0.000       0.000       0.000       0.000       0.000      65.532       0.000       0.000       5.297       0.000       0.000     192.577      25.758      25.758      42.770      20.430      22.760      12.131       0.000       0.000       0.000
    365    12    31  2001    101       0  rtu1010              534.487       0.000       0.000     521.598      24.165     545.763    1565.931     659.460      24.605     387.675     247.179     521.603      56.754      59.648     173.181     285.504      28.401       0.000       0.000       0.000    1146.134       0.000       0.000       0.000       0.000       0.000     521.603       0.000       0.000      24.165       0.000       0.000    2293.373     461.992     461.987      56.689     268.097      46.926     247.281       0.000       0.000       0.000
    365    12    31  2001    102       0  rtu1020              533.073      45.625      45.419     581.946      93.324     675.270    1029.461     478.850      28.654     377.331      72.865     581.959      47.628      75.356     200.514     261.490      26.540       0.000       0.000       6.274     913.627       0.000       0.000       0.000       0.000       0.000     581.959       0.000       0.000      93.324       0.000       0.000    1713.043     547.155     547.142      62.493     134.322     161.449     125.475       0.000       0.000       0.000
    365    12    31  2001    103       0  rtu1030              743.866       2.732       2.732     302.593     103.873     406.466    1344.958     592.577      29.634     467.868      95.075     302.593      48.413      90.483     201.032     274.514      20.583       0.000       0.000       0.001    1183.361       0.000       0.000       0.000       0.000       0.000     302.593       0.000       0.000     103.873       0.000       0.000    1655.371     260.876     260.876      55.199      68.318     141.177      62.965       0.000       0.000       0.000
    365    12    31  2001    104       0  rtu1040              534.671       3.391       3.376     135.775      12.491     148.267     441.774     552.882      25.613     354.777     172.492     135.777      57.770      71.455     161.455     200.862      19.215       0.000       0.000       0.468    1136.726       0.000       0.000       0.000       0.000       0.000     135.777       0.000       0.000      12.491       0.000       0.000     653.217      94.032      94.030      44.938      41.967      33.911      36.523       0.000       0.000       0.000
    365    12    31  2001    105       0  rtu1050              536.354      34.801      34.622     140.803       9.456     150.260     109.282     519.106      25.804     308.639     184.663     140.807      61.085      89.012     215.222     244.808      27.316       0.000       0.000       4.876    1050.715       0.000       0.000       0.000       0.000       0.000     140.807       0.000       0.000       9.456       0.000       0.000     305.349      81.947      81.943      63.019      37.733      46.640      27.642       0.000       0.000       0.000
    365    12    31  2001    106       0  rtu1060              539.359      93.214      92.681    2795.794      15.097    2810.891     461.220     802.722      14.849     264.652     523.221    2796.066      94.922      89.816     565.830     556.145      89.336       0.000       0.000      13.165     893.938       0.000       0.000       0.000       0.000       0.000    2796.066       0.000       0.000      15.097       0.000       0.000    3773.620    2410.006    2409.734     237.681     589.005     137.654     514.207       0.000       0.000       0.000
    365    12    31  2001    107       0  rtu1070              540.062     104.070     103.585       6.817      13.337      20.154     134.811     346.773      23.629     225.189      97.954       6.817      46.396      63.366     140.098     138.700      13.809       0.000       0.000      14.501     858.274       0.000       0.000       0.000       0.000       0.000       6.817       0.000       0.000      13.337       0.000       0.000       0.000       0.000       0.000      38.313       0.108      20.810       0.000       0.000       0.000       0.000
    365    12    31  2001    108       0  rtu1080              540.084     104.475     103.969      33.791       9.114      42.905      75.243     333.651      19.984     184.937     128.730      33.791      59.965      88.415     289.164     226.946      21.135       0.000       0.000      14.588     857.976       0.000       0.000       0.000       0.000       0.000      33.791       0.000       0.000       9.114       0.000       0.000      12.024       0.000       0.000     100.237       0.872      45.477       0.000       0.000       0.000       0.000
    365    12    31  2001    109       0  rtu1090              540.095     105.066     104.533      99.993      14.337     114.330      57.715     319.435      16.656     168.136     134.643      99.992      66.922      88.915     218.323     189.074      17.597       0.000       0.000      14.716     857.936       0.000       0.000       0.000       0.000       0.000      99.992       0.000       0.000      14.337       0.000       0.000      16.086       0.000       0.000      64.616       0.985      63.726       0.000       0.000       0.000       0.000
    365    12    31  2001    110       0  rtu1100              540.084     104.688     104.170      22.873       3.814      26.687      41.154     455.868      22.968     298.284     134.616      22.873      59.745      88.415     121.940     171.485      19.500       0.000       0.000      14.634     857.718       0.000       0.000       0.000       0.000       0.000      22.873       0.000       0.000       3.814       0.000       0.000       0.364       0.000       0.000      16.740       1.886      21.621       0.000       0.000       0.000       0.000
    365    12    31  2001    111       0  rtu1110              540.106     103.908     103.428     123.468      20.876     144.344     116.744     375.963      25.707     279.934      70.322     123.501      58.186      85.456     184.068     210.842      20.888       0.000       0.000      14.465     858.257       0.000       0.000       0.000       0.000       0.000     123.501       0.000       0.000      20.876       0.000       0.000     146.251      38.452      38.418      49.238      48.040      59.810      29.811       0.000       0.000       0.000
    365    12    31  2001    112       0  rtu1120              540.084     103.941     103.441     231.005      37.919     268.924     673.155     344.764      21.136     227.656      95.972     231.028      60.995      73.867     245.004     247.189      17.619       0.000       0.000      14.468     857.874       0.000       0.000       0.000       0.000       0.000     231.028       0.000       0.000      37.919       0.000       0.000     832.303     102.607     102.583      85.451      46.075      67.975      36.353       0.000       0.000       0.000
    365    12    31  2001    113       0  rtu1130              540.062     103.419     102.968      34.723      39.794      74.516     159.880     408.496      29.747     326.337      52.413      34.722      50.485      86.076     130.695     202.307      19.630       0.000       0.000      14.360     859.088       0.000       0.000       0.000       0.000       0.000      34.722       0.000       0.000      39.794       0.000       0.000     125.121       9.125       9.125      22.279       3.037     111.025       1.484       0.000       0.000       0.000
    365    12    31  2001    114       0  rtu1140              540.100     103.706     103.222     324.775      35.791     360.566     200.387     393.976      26.279     252.461     115.235     324.809      60.894      85.726     279.394     308.343      28.765       0.000       0.000      14.418     857.997       0.000       0.000       0.000       0.000       0.000     324.809       0.000       0.000      35.791       0.000       0.000     511.630     237.679     237.645      96.702      99.138     141.110      81.172       0.000       0.000       0.000
    365    12    31  2001    115       0  rtu1150              540.084     103.732     103.262      38.969      69.549     108.518     160.303     474.940      28.716     356.827      89.396      38.969      58.059      97.413     194.882     302.823      24.698       0.000       0.000      14.425     858.974       0.000      10.918       0.000       0.000       0.000      38.969       0.000       0.000      69.549       0.000       0.000     237.718       5.374       5.374      48.668       7.910     293.119       2.270       0.000       0.000       0.000
    365    12    31  2001    116       0  rtu1160              540.068     106.644     106.038     763.671      36.450     800.121     209.737     313.693       6.321      94.231     213.141     763.671      93.094     101.350     212.881     340.066      21.076       0.000       0.000      15.059     857.782       0.000       0.000       0.000       0.000       0.000     763.671       0.000       0.000      36.450       0.000       0.000     839.192     406.384     406.384      55.689      50.224     163.652      44.978       0.000       0.000       0.000
    365    12    31  2001    117       0  rtu1170              540.068     104.298     103.790     812.473     100.106     912.579     358.219     628.075      25.066     406.976     196.033     812.473      75.906      95.537     296.338     471.009      58.217       0.000       0.000      14.549     857.933       0.000       0.000       0.000       0.000       0.000     812.473       0.000       0.000     100.106       0.000       0.000    1459.145     593.518     593.518     100.263     116.223     395.295      81.062       0.000       0.000       0.000
    365    12    31  2001    118       0  rtu1180              540.177     103.501     103.045     290.359      95.706     386.065     173.462     436.262      31.009     329.294      75.959     290.359      58.963      92.265     201.980     320.117      31.392       0.000       0.000      14.381     859.079       0.000       0.000       0.000       0.000       0.000     290.359       0.000       0.000      95.706       0.000       0.000     510.434     262.373     262.373      54.783      58.331     407.743      54.568       0.000       0.000       0.000
    365    12    31  2001    119       0  rtu1190              734.318       3.099       3.099       3.852      36.697      40.549      58.753     618.753      32.657     526.218      59.878       3.851      54.545     127.119     159.694     195.252      25.189       0.000       0.000       0.002    1163.218       0.000       0.000       0.000       0.000       0.000       3.851       0.000       0.000      36.697       0.000       0.000       0.000       0.000       0.000      16.265       0.128     157.122       0.000       0.000       0.000       0.000
