single point
         alpha                      122.0922160663110    1.000000000000000   -100.0000000000000
           awc                      199.0000000000001    1.000000000000000   -100.0000000000000
         canmx                      35.43717814879702    1.000000000000000   -100.0000000000000
           cn2                      29.00156064080014    1.000000000000000   -100.0000000000000
       cn3_swf                      60.89917346088985    1.000000000000000   -100.0000000000000
          epco                      24.65929830232490    1.000000000000000   -100.0000000000000
          esco                      199.0000000000001    1.000000000000000   -100.0000000000000
       lat_len                      186.9503265456990    1.000000000000000   -100.0000000000000
       latq_co                      199.0000000000001    1.000000000000000   -100.0000000000000
         perco                      187.5878339801070    1.000000000000000   -100.0000000000000
         petco                      123.9570495246123    1.000000000000000   -100.0000000000000
      revap_co                      10.35975249834698    1.000000000000000   -100.0000000000000
        surlag                      42.61766675261926    1.000000000000000   -100.0000000000000
