 prueba                    SWAT+ Apr 12 2023       MODULAR Rev 2023.60.5.6                                
  jday   mon   day    yr    unit  gis_id  name            grzn        grzp        lab_min_p   act_sta_p       fertn            fertp            fixn             denit            act_nit_n        act_sta_n        org_lab_p        rsd_nitorg_n     rsd_laborg_p    no3atmo          nh4atmo          nuptake          puptake          gwtrann          gwtranp      
                                                          kgha        kgha        kgha        kgha             kgha             kgha             kgha             kgha             kgha             kgha             kgha             kgha             kgha             kgha             kgha             kgha             kgha             kgha             kgha       
   366    12    31  2016       1       1  prueba                 0.000       0.000      -2.485      -9.225           83.798            9.218            0.000           15.516           21.087           -4.098            3.613           12.764            2.671            0.000            0.000           79.349           14.418            0.000            0.000
   365    12    31  2017       1       1  prueba                 0.000       0.000      -1.467      -8.173           83.798            9.218            0.000           23.012           21.547           -6.169            3.689           15.168            3.112            0.000            0.000           76.548           13.926            0.000            0.000
   365    12    31  2018       1       1  prueba                 0.000       0.000      -0.985      -7.143           83.798            9.218            0.000           22.587           21.477           -7.475            3.671           17.836            3.621            0.000            0.000           76.421           13.893            0.000            0.000
   365    12    31  2019       1       1  prueba                 0.000       0.000      -0.363      -6.186           83.798            9.218            0.000           30.664           21.782           -8.798            3.719           22.050            4.416            0.000            0.000           78.154           14.360            0.000            0.000
   366    12    31  2020       1       1  prueba                 0.000       0.000       0.773      -5.005           83.798            9.218            0.000           25.283           21.474           -9.522            3.656           27.527            5.439            0.000            0.000           76.671           13.982            0.000            0.000
   365    12    31  2021       1       1  prueba                 0.000       0.000       0.543      -4.291           83.798            9.218            0.000           21.315           22.360          -10.087            3.800           25.168            5.020            0.000            0.000           78.452           14.552            0.000            0.000
   365    12    31  2022       1       1  prueba                 0.000       0.000      -2.432      -4.697           83.798            9.218            0.000           41.969           23.164          -10.884            3.931           25.587            5.099            0.000            0.000           49.283           10.443            0.000            0.000
