 prueba                    SWAT+ Apr 12 2023       MODULAR Rev 2023.60.5.6                                
   jday   mon   day    yr   unit  gis_id  name                    flo_in          geo_bf         flo_out           peakr         sed_in        sed_out         washld          bedld            dep        deg_btm       deg_bank         hc_sed          width          depth          slope        deg_btm       deg_bank         hc_len      flo_in_mm       aqu_in_mm      flo_out_mm        sed_stor 
                                                                         m^3/s   
   366    12    31  2016         1     1  prueba                0.9746E+03     0.0000E+00     0.9715E+03     0.1503E+04     0.9902E+03     0.1028E+04     0.4951E+03     0.0000E+00     0.4746E+03     0.5300E+03     0.3010E+01     0.0000E+00     0.4743E+01     0.3097E+00     0.1850E-02     0.1103E+02     0.1509E+01     0.0000E+00     0.5710E+05     0.0000E+00     0.5665E+05     0.9393E+03
   365    12    31  2017         1     1  prueba                0.1004E+04     0.0000E+00     0.9999E+03     0.1559E+04     0.1021E+04     0.1061E+04     0.5104E+03     0.0000E+00     0.4897E+03     0.5487E+03     0.1768E+01     0.0000E+00     0.4743E+01     0.3097E+00     0.1850E-02     0.1160E+02     0.8689E+00     0.0000E+00     0.6007E+05     0.0000E+00     0.5953E+05     0.1169E+04
   365    12    31  2018         1     1  prueba                0.1270E+04     0.0000E+00     0.1265E+04     0.1994E+04     0.1749E+04     0.1929E+04     0.8746E+03     0.0000E+00     0.8349E+03     0.1053E+04     0.1953E+01     0.0000E+00     0.4743E+01     0.3097E+00     0.1850E-02     0.2009E+02     0.8415E+00     0.0000E+00     0.7820E+05     0.0000E+00     0.7752E+05     0.1705E+04
   365    12    31  2019         1     1  prueba                0.1173E+04     0.0000E+00     0.1168E+04     0.1837E+04     0.1644E+04     0.1796E+04     0.8220E+03     0.0000E+00     0.7820E+03     0.9724E+03     0.1757E+01     0.0000E+00     0.4743E+01     0.3097E+00     0.1850E-02     0.1901E+02     0.6676E+00     0.0000E+00     0.7152E+05     0.0000E+00     0.7091E+05     0.1561E+04
   366    12    31  2020         1     1  prueba                0.1372E+04     0.0000E+00     0.1367E+04     0.2168E+04     0.3209E+04     0.3783E+04     0.1605E+04     0.0000E+00     0.1513E+04     0.2176E+04     0.1680E+01     0.0000E+00     0.4743E+01     0.3098E+00     0.1850E-02     0.3770E+02     0.6075E+00     0.0000E+00     0.8659E+05     0.0000E+00     0.8581E+05     0.2860E+04
   365    12    31  2021         1     1  prueba                0.1100E+04     0.0000E+00     0.1095E+04     0.1722E+04     0.1229E+04     0.1305E+04     0.6147E+03     0.0000E+00     0.5879E+03     0.6883E+03     0.1677E+01     0.0000E+00     0.4743E+01     0.3098E+00     0.1850E-02     0.1397E+02     0.5642E+00     0.0000E+00     0.6753E+05     0.0000E+00     0.6690E+05     0.1193E+04
   365    12    31  2022         1     1  prueba                0.1198E+04     0.0000E+00     0.1194E+04     0.1887E+04     0.1376E+04     0.1475E+04     0.6882E+03     0.0000E+00     0.6600E+03     0.7846E+03     0.1979E+01     0.0000E+00     0.4743E+01     0.3098E+00     0.1850E-02     0.1578E+02     0.6377E+00     0.0000E+00     0.7460E+05     0.0000E+00     0.7398E+05     0.1437E+04
