 prueba                    SWAT+ Apr 12 2023       MODULAR Rev 2023.60.5.6                                
  jday   mon   day    yr    unit  gis_id  name                  precip     snofall      snomlt    surq_gen        latq    wateryld        perc          et     ecanopy      eplant       esoil   surq_cont          cn     sw_init    sw_final      sw_ave      sw_300    sno_init   sno_final     snopack         pet       qtile         irr  surq_runon  latq_runon    overbank    surq_cha    surq_res     surq_ls    latq_cha    latq_res     latq_ls     gwtranq       satex  satex_chan   sw_change     lagsurf     laglatq    lagsatex     wet_out
                                                                  mm            mm          mm          mm          mm          mm          mm          mm          mm          mm          mm          mm         ---          mm          mm          mm          mm          mm          mm          mm          mm          mm          mm          mm          mm          mm          mm          mm          mm          mm          mm          mm          mm          mm          mm          mm          mm          mm          mm          mm
    31     1    31  2016       1       1  prueba                 0.890       0.000       0.000       0.000       0.000       0.000       0.000      12.243       0.046       2.066      10.131       0.000       4.086      24.274      12.922      20.510       3.892       0.000       0.000       0.000      65.629       0.000       0.000       0.000       0.000       0.000       0.000       0.000       0.000       0.000       0.000       0.000       0.000       0.000       0.000     -11.353       0.000       0.000       0.000       0.000
    60     2    29  2016       1       1  prueba                 3.040       0.000       0.000       0.000       0.000       0.000       0.000       5.262       0.082       1.136       4.044       0.000       4.086      12.922      10.699      17.725       0.190       0.000       0.000       0.000      89.570       0.000       0.000       0.000       0.000       0.000       0.000       0.000       0.000       0.000       0.000       0.000       0.000       0.000       0.000      -2.222       0.000       0.000       0.000       0.000
    91     3    31  2016       1       1  prueba                18.610       0.000       0.000       0.000       0.000       0.000       0.000      18.621       0.128       0.993      17.501       0.000       4.086      10.699      10.688      18.015       1.068       0.000       0.000       0.000      97.769       0.000       0.000       0.000       0.000       0.000       0.000       0.000       0.000       0.000       0.000       0.000       0.000       0.000       0.000      -0.011       0.000       0.000       0.000       0.000
   121     4    30  2016       1       1  prueba                25.970       0.000       0.000       1.879       0.000       1.879       0.000      23.845       0.134       1.370      22.342       3.759       4.086      10.688      10.933      18.479       1.995       0.000       0.000       0.000     105.977       0.000       0.000       0.000       0.000       0.000       3.759       0.000       0.000       0.000       0.000       0.000       0.000       0.000       0.000       0.246       0.000       0.000       0.000       0.000
   152     5    31  2016       1       1  prueba                21.660       0.000       0.000      85.831       0.000      85.831       0.000     132.050       0.157       1.194     130.700     171.662       4.086      10.933      50.185      25.526      14.069       0.000       0.000       0.000     139.298       0.000     280.742       0.000       0.000       0.000     171.662       0.000       0.000       0.000       0.000       0.000       0.000       0.000       0.000      39.252       0.000       0.000       0.000       0.000
   182     6    30  2016       1       1  prueba                 1.470       0.000       0.000     122.712       0.000     122.712       0.008     176.618       0.044       1.002     175.571     245.425       4.086      50.185      87.353      46.055      25.783       0.000       0.000       0.000     160.970       0.000     307.816       0.000       0.000       0.000     245.425       0.000       0.000       0.000       0.000       0.000       0.000       0.000       0.000      37.167       0.000       0.000       0.000       0.000
   213     7    31  2016       1       1  prueba                 0.300       0.000       0.000     186.006       0.000     186.006       0.072     197.206       0.178      63.669     133.359     372.012       4.086      87.353      54.211      49.597      13.452       0.000       0.000       0.000     166.675       0.000     425.785       0.000       0.000       0.000     372.012       0.000       0.000       0.000       0.000       0.000       0.000       0.000       0.000     -33.142       0.000       0.000       0.000       0.000
   244     8    31  2016       1       1  prueba                25.590       0.000       0.000     244.064       0.000     244.064       0.046     181.570       2.229      91.368      87.973     488.129       4.086      54.211      16.187      27.848       0.712       0.000       0.000       0.000     142.247       0.000     360.136       0.000       0.000       0.000     488.129       0.000       0.000       0.000       0.000       0.000       0.000       0.000       0.000     -38.024       0.000       0.000       0.000       0.000
   274     9    30  2016       1       1  prueba                47.460       0.000       0.000     122.314       0.000     122.314       0.002     123.973       0.710      25.668      97.595     244.627       4.086      16.187      30.802      23.084       7.117       0.000       0.000       0.000     108.310       0.000     118.579       0.000       0.000       0.000     244.627       0.000       0.000       0.000       0.000       0.000       0.000       0.000       0.000      14.615       0.000       0.000       0.000       0.000
   305    10    31  2016       1       1  prueba                14.240       0.000       0.000       0.000       0.000       0.000       0.002      23.910       0.294       1.668      21.948       0.000       4.086      30.802      21.130      23.710       8.421       0.000       0.000       0.000      62.033       0.000       0.000       0.000       0.000       0.000       0.000       0.000       0.000       0.000       0.000       0.000       0.000       0.000       0.000      -9.672       0.000       0.000       0.000       0.000
   335    11    30  2016       1       1  prueba                71.260       0.000       0.000      13.999       0.000      13.999       0.002      14.942       0.154       0.306      14.482      27.997       4.086      21.130      42.642      23.747       8.461       0.000       0.000       0.000      42.384       0.000       0.000       0.000       0.000       0.000      27.997       0.000       0.000       0.000       0.000       0.000       0.000       0.000       0.000      21.512       0.000       0.000       0.000       0.000
   366    12    31  2016       1       1  prueba                29.220       0.000       0.000      11.978       0.000      11.978       0.002      24.784       0.327       0.453      24.003      23.956       4.086      42.642      55.903      41.846      30.291       0.000       0.000       0.000      18.859       0.000       0.000       0.000       0.000       0.000      23.956       0.000       0.000       0.000       0.000       0.000       0.000       0.000       0.000      13.261       0.000       0.000       0.000       0.000
    31     1    31  2017       1       1  prueba               100.950       0.000       0.000      45.346       0.000      45.346       0.004      41.845       0.151       1.309      40.385      90.462       4.086      55.903      69.052      53.278      23.980       0.000       0.000       0.000      41.452       0.000       0.000       0.000       0.000       0.000      90.462       0.000       0.000       0.000       0.000       0.000       0.000       0.000       0.000      13.149       0.292       0.000       0.000       0.000
    59     2    28  2017       1       1  prueba                16.780       0.000       0.000       0.001       0.000       0.001       0.017      44.510       0.110       1.931      42.470       0.000       4.086      69.052      41.911      50.527      17.554       0.000       0.000       0.000      59.290       0.000       0.000       0.000       0.000       0.000       0.000       0.000       0.000       0.000       0.000       0.000       0.000       0.000       0.000     -27.141       0.002       0.001       0.000       0.000
    90     3    31  2017       1       1  prueba                59.790       0.000       0.000      21.287       0.000      21.287       0.020      47.259       0.093       3.233      43.933      42.444       4.086      41.911      33.135      38.161      11.991       0.000       0.000       0.000      96.253       0.000       0.000       0.000       0.000       0.000      42.444       0.000       0.000       0.000       0.000       0.000       0.000       0.000       0.000      -8.776       0.166       0.001       0.000       0.000
   120     4    30  2017       1       1  prueba                31.070       0.000       0.000       5.009       0.000       5.009       0.019      26.757       0.092       3.632      23.034      10.018       4.086      33.135      32.420      27.023       3.095       0.000       0.000       0.000     104.953       0.000       0.000       0.000       0.000       0.000      10.018       0.000       0.000       0.000       0.000       0.000       0.000       0.000       0.000      -0.716       0.000       0.002       0.000       0.000
   151     5    31  2017       1       1  prueba                 7.330       0.000       0.000      87.658       0.000      87.658       0.010     140.647       0.051       5.462     135.134     175.316       4.086      32.420      59.321      38.348      15.446       0.000       0.000       0.000     154.261       0.000     293.153       0.000       0.000       0.000     175.316       0.000       0.000       0.000       0.000       0.000       0.000       0.000       0.000      26.901       0.000       0.002       0.000       0.000
   181     6    30  2017       1       1  prueba                13.860       0.000       0.000     116.013       0.000     116.013       0.032     201.577       0.324       4.816     196.438     232.027       4.086      59.321      91.950      74.902      25.621       0.000       0.000       0.000     178.146       0.000     302.423       0.000       0.000       0.000     232.027       0.000       0.000       0.000       0.000       0.000       0.000       0.000       0.000      32.629       0.000       0.002       0.000       0.000
   212     7    31  2017       1       1  prueba                 2.680       0.000       0.000     188.580       0.000     188.580       0.099     198.297       0.554      80.151     117.591     377.160       4.086      91.950      43.279      70.591       7.938       0.000       0.000       0.000     166.205       0.000     418.438       0.000       0.000       0.000     377.160       0.000       0.000       0.000       0.000       0.000       0.000       0.000       0.000     -48.671       0.000       0.002       0.000       0.000
   243     8    31  2017       1       1  prueba                25.560       0.000       0.000     242.802       0.000     242.802       0.046     164.994       2.903      73.126      88.964     485.604       4.086      43.279      24.778      27.058       1.106       0.000       0.000       0.000     134.819       0.000     361.118       0.000       0.000       0.000     485.604       0.000       0.000       0.000       0.000       0.000       0.000       0.000       0.000     -18.501       0.000       0.002       0.000       0.000
   273     9    30  2017       1       1  prueba                12.870       0.000       0.000     115.690       0.000     115.690       0.012     100.119       0.414      21.585      78.121     231.379       4.086      24.778      22.720      29.742      13.116       0.000       0.000       0.000     108.035       0.000     106.091       0.000       0.000       0.000     231.379       0.000       0.000       0.000       0.000       0.000       0.000       0.000       0.000      -2.058       0.000       0.002       0.000       0.000
   304    10    31  2017       1       1  prueba                23.680       0.000       0.000       0.000       0.000       0.000       0.013      24.651       0.208       1.232      23.211       0.000       4.086      22.720      21.736      23.062       6.568       0.000       0.000       0.000      71.193       0.000       0.000       0.000       0.000       0.000       0.000       0.000       0.000       0.000       0.000       0.000       0.000       0.000       0.000      -0.984       0.000       0.002       0.000       0.000
   334    11    30  2017       1       1  prueba                 9.810       0.000       0.000       0.000       0.000       0.000       0.012       6.659       0.093       0.027       6.539       0.000       4.086      21.736      22.542      19.199       2.746       0.000       0.000       0.000      46.731       0.000       0.000       0.000       0.000       0.000       0.000       0.000       0.000       0.000       0.000       0.000       0.000       0.000       0.000       0.806       0.000       0.002       0.000       0.000
   365    12    31  2017       1       1  prueba                 2.970       0.000       0.000       0.000       0.000       0.000       0.013      10.894       0.054       0.605      10.235       0.000       4.086      22.542      16.939      19.203       2.659       0.000       0.000       0.000      59.082       0.000       0.000       0.000       0.000       0.000       0.000       0.000       0.000       0.000       0.000       0.000       0.000       0.000       0.000      -5.603       0.000       0.002       0.000       0.000
    31     1    31  2018       1       1  prueba                22.780       0.000       0.000       2.418       0.000       2.418       0.012      11.245       0.190       0.329      10.725       4.837       4.086      16.939      25.594      17.248       0.947       0.000       0.000       0.000      67.441       0.000       0.000       0.000       0.000       0.000       4.837       0.000       0.000       0.000       0.000       0.000       0.000       0.000       0.000       8.654       0.000       0.002       0.000       0.000
    59     2    28  2018       1       1  prueba                54.250       0.000       0.000       4.765       0.000       4.765       0.011      33.314       0.271       2.576      30.467       9.531       4.086      25.594      31.577      31.643      15.206       0.000       0.000       0.000      49.018       0.000       0.000       0.000       0.000       0.000       9.531       0.000       0.000       0.000       0.000       0.000       0.000       0.000       0.000       5.984       0.000       0.002       0.000       0.000
    90     3    31  2018       1       1  prueba                17.250       0.000       0.000       0.132       0.000       0.132       0.012      41.868       0.224       2.147      39.497       0.263       4.086      31.577      17.442      25.473       8.821       0.000       0.000       0.000     117.938       0.000       0.000       0.000       0.000       0.000       0.263       0.000       0.000       0.000       0.000       0.000       0.000       0.000       0.000     -14.135       0.000       0.002       0.000       0.000
   120     4    30  2018       1       1  prueba                10.400       0.000       0.000       0.000       0.000       0.000       0.012      11.431       0.096       0.536      10.799       0.000       4.086      17.442      16.399      16.855       0.432       0.000       0.000       0.000     116.652       0.000       0.000       0.000       0.000       0.000       0.000       0.000       0.000       0.000       0.000       0.000       0.000       0.000       0.000      -1.043       0.000       0.002       0.000       0.000
   151     5    31  2018       1       1  prueba                 0.000       0.000       0.000      86.282       0.000      86.282       0.012     114.334       0.000       0.005     114.329     172.564       4.086      16.399      54.930      30.692      13.130       0.000       0.000       0.000     141.086       0.000     283.974       0.000       0.000       0.000     172.564       0.000       0.000       0.000       0.000       0.000       0.000       0.000       0.000      38.530       0.000       0.002       0.000       0.000
   181     6    30  2018       1       1  prueba               136.940       0.000       0.000     194.722       0.000     194.722       0.036     204.957       0.140       7.820     196.997     388.042       4.086      54.930      99.583      80.762      29.098       0.000       0.000       0.000     163.423       0.000     278.816       0.000       0.000       0.000     388.042       0.000       0.000       0.000       0.000       0.000       0.000       0.000       0.000      44.653       1.785       0.002       0.000       0.000
   212     7    31  2018       1       1  prueba                 5.850       0.000       0.000     182.678       0.000     182.678       0.123     223.005       0.280      73.425     149.299     365.355       4.086      99.583      54.045      80.743      10.234       0.000       0.000       0.000     187.056       0.000     432.497       0.000       0.000       0.000     365.355       0.000       0.000       0.000       0.000       0.000       0.000       0.000       0.000     -45.538       0.000       0.002       0.000       0.000
   243     8    31  2018       1       1  prueba                 8.500       0.000       0.000     240.309       0.000     240.309       0.060     186.286       2.856      86.850      96.580     480.618       4.086      54.045      19.407      31.116       0.410       0.000       0.000       0.000     152.195       0.000     380.519       0.000       0.000       0.000     480.618       0.000       0.000       0.000       0.000       0.000       0.000       0.000       0.000     -34.637       0.000       0.002       0.000       0.000
   273     9    30  2018       1       1  prueba                56.100       0.000       0.000     135.895       0.000     135.895       0.018     102.503       0.808       6.620      95.076     271.790       4.086      19.407      43.376      38.555      18.437       0.000       0.000       0.000      92.425       0.000     111.733       0.000       0.000       0.000     271.790       0.000       0.000       0.000       0.000       0.000       0.000       0.000       0.000      23.968       0.000       0.002       0.000       0.000
   304    10    31  2018       1       1  prueba               151.200       0.000       0.000      73.385       0.000      73.385       0.019      51.573       0.255       1.458      49.860     146.317       4.086      43.376      66.141      42.443      19.904       0.000       0.000       0.000      62.972       0.000       0.000       0.000       0.000       0.000     146.317       0.000       0.000       0.000       0.000       0.000       0.000       0.000       0.000      22.766       0.576       0.002       0.000       0.000
   334    11    30  2018       1       1  prueba               207.500       0.000       0.000     143.982       0.000     143.982       0.036      38.584       0.205       1.370      37.010     286.357       4.086      66.141      91.804      72.042      31.413       0.000       0.000       0.000      33.152       0.000       0.000       0.000       0.000       0.000     286.357       0.000       0.000       0.000       0.000       0.000       0.000       0.000       0.000      25.662       2.045       0.002       0.000       0.000
   365    12    31  2018       1       1  prueba                13.300       0.000       0.000       0.004       0.000       0.004       0.104      32.855       0.078       1.416      31.362       0.000       4.086      91.804      74.835      82.833      23.211       0.000       0.000       0.000      32.410       0.000       0.000       0.000       0.000       0.000       0.000       0.000       0.000       0.000       0.000       0.000       0.000       0.000       0.000     -16.968       0.013       0.004       0.000       0.000
    31     1    31  2019       1       1  prueba                 0.900       0.000       0.000       0.000       0.000       0.000       0.106      21.932       0.055       2.218      19.660       0.000       4.086      74.835      53.697      66.351      13.244       0.000       0.000       0.000      49.678       0.000       0.000       0.000       0.000       0.000       0.000       0.000       0.000       0.000       0.000       0.000       0.000       0.000       0.000     -21.139       0.000       0.006       0.000       0.000
    59     2    28  2019       1       1  prueba                 0.700       0.000       0.000       0.000       0.000       0.000       0.093      10.589       0.043       2.358       8.189       0.000       4.086      53.697      43.714      47.524       3.068       0.000       0.000       0.000      52.548       0.000       0.000       0.000       0.000       0.000       0.000       0.000       0.000       0.000       0.000       0.000       0.000       0.000       0.000      -9.983       0.000       0.007       0.000       0.000
    90     3    31  2019       1       1  prueba                19.900       0.000       0.000       2.911       0.000       2.911       0.095       4.536       0.050       2.104       2.383       5.823       4.086      43.714      44.023      41.815       0.166       0.000       0.000       0.000      89.425       0.000       0.000       0.000       0.000       0.000       5.823       0.000       0.000       0.000       0.000       0.000       0.000       0.000       0.000       0.309       0.000       0.009       0.000       0.000
   120     4    30  2019       1       1  prueba               139.500       0.000       0.000      71.289       0.000      71.289       0.086      61.937       0.242       3.823      57.872     142.336       4.086      44.023      62.257      51.463      10.290       0.000       0.000       0.000      95.825       0.000       0.000       0.000       0.000       0.000     142.336       0.000       0.000       0.000       0.000       0.000       0.000       0.000       0.000      18.234       0.307       0.009       0.000       0.000
   151     5    31  2019       1       1  prueba                 8.400       0.000       0.000      87.011       0.000      87.011       0.095     136.927       0.164       6.102     130.661     174.017       4.086      62.257      84.823      65.226      19.564       0.000       0.000       0.000     135.452       0.000     283.228       0.000       0.000       0.000     174.017       0.000       0.000       0.000       0.000       0.000       0.000       0.000       0.000      22.566       0.006       0.011       0.000       0.000
   181     6    30  2019       1       1  prueba                 1.200       0.000       0.000     119.961       0.000     119.961       0.125     181.069       0.073       5.583     175.413     239.922       4.086      84.823     118.030     100.283      26.009       0.000       0.000       0.000     161.133       0.000     302.822       0.000       0.000       0.000     239.922       0.000       0.000       0.000       0.000       0.000       0.000       0.000       0.000      33.207       0.000       0.011       0.000       0.000
   212     7    31  2019       1       1  prueba                 3.100       0.000       0.000     183.372       0.000     183.372       0.200     210.631       0.379      69.414     140.838     366.744       4.086     118.030      75.829     100.493      12.487       0.000       0.000       0.000     175.298       0.000     429.386       0.000       0.000       0.000     366.744       0.000       0.000       0.000       0.000       0.000       0.000       0.000       0.000     -42.201       0.000       0.011       0.000       0.000
   243     8    31  2019       1       1  prueba                 3.700       0.000       0.000     241.049       0.000     241.049       0.148     185.631       1.921      90.546      93.164     482.099       4.086      75.829      37.126      51.346       0.374       0.000       0.000       0.000     151.527       0.000     380.961       0.000       0.000       0.000     482.099       0.000       0.000       0.000       0.000       0.000       0.000       0.000       0.000     -38.702       0.000       0.011       0.000       0.000
   273     9    30  2019       1       1  prueba               105.210       0.000       0.000     199.614       0.000     199.614       0.096     103.534       2.697      20.882      79.955     398.915       4.086      37.126      48.759      51.337      13.344       0.000       0.000       0.000      99.038       0.000     113.763       0.000       0.000       0.000     398.915       0.000       0.000       0.000       0.000       0.000       0.000       0.000       0.000      11.632       0.399       0.010       0.000       0.000
   304    10    31  2019       1       1  prueba                29.200       0.000       0.000       5.139       0.000       5.139       0.099      28.965       0.253       3.380      25.331      10.277       4.086      48.759      43.757      43.301       6.327       0.000       0.000       0.000      75.523       0.000       0.000       0.000       0.000       0.000      10.277       0.000       0.000       0.000       0.000       0.000       0.000       0.000       0.000      -5.002       0.000       0.010       0.000       0.000
   334    11    30  2019       1       1  prueba                 5.500       0.000       0.000       0.000       0.000       0.000       0.095      12.723       0.137       0.606      11.979       0.000       4.086      43.757      36.439      38.622       2.140       0.000       0.000       0.000      88.746       0.000       0.000       0.000       0.000       0.000       0.000       0.000       0.000       0.000       0.000       0.000       0.000       0.000       0.000      -7.318       0.000       0.009       0.000       0.000
   365    12    31  2019       1       1  prueba               109.700       0.000       0.000      65.833       0.000      65.833       0.098      32.371       0.138       3.126      29.107     131.308       4.086      36.439      47.838      52.014      13.026       0.000       0.000       0.000      55.150       0.000       0.000       0.000       0.000       0.000     131.308       0.000       0.000       0.000       0.000       0.000       0.000       0.000       0.000      11.399       0.455       0.009       0.000       0.000
    31     1    31  2020       1       1  prueba               240.400       0.000       0.000     180.019       0.000     180.019       0.101      26.413       0.192       1.920      24.301     357.366       4.086      47.838      76.230      55.057      14.512       0.000       0.000       0.000      34.629       0.000       0.000       0.000       0.000       0.000     357.366       0.000       0.000       0.000       0.000       0.000       0.000       0.000       0.000      28.393       3.399       0.009       0.000       0.000
    60     2    29  2020       1       1  prueba                 7.800       0.000       0.000       0.134       0.000       0.134       0.121      33.523       0.115       3.629      29.779       0.218       4.086      76.230      55.727      66.226      16.667       0.000       0.000       0.000      61.408       0.000       0.000       0.000       0.000       0.000       0.218       0.000       0.000       0.000       0.000       0.000       0.000       0.000       0.000     -20.504       0.067       0.009       0.000       0.000
    91     3    31  2020       1       1  prueba                46.200       0.000       0.000       7.040       0.000       7.040       0.123      34.160       0.381       3.109      30.671      14.080       4.086      55.727      60.598      53.357       9.654       0.000       0.000       0.000      76.663       0.000       0.000       0.000       0.000       0.000      14.080       0.000       0.000       0.000       0.000       0.000       0.000       0.000       0.000       4.871       0.000       0.011       0.000       0.000
   121     4    30  2020       1       1  prueba                31.510       0.000       0.000       1.544       0.000       1.544       0.115      41.297       0.357       4.138      36.803       3.087       4.086      60.598      49.157      53.904      10.756       0.000       0.000       0.000      88.027       0.000       0.000       0.000       0.000       0.000       3.087       0.000       0.000       0.000       0.000       0.000       0.000       0.000       0.000     -11.441       0.000       0.011       0.000       0.000
   152     5    31  2020       1       1  prueba                38.600       0.000       0.000      88.178       0.000      88.178       0.106     134.575       0.246       5.523     128.805     176.320       4.086      49.157      78.690      57.604      15.643       0.000       0.000       0.000     147.035       0.000     258.966       0.000       0.000       0.000     176.320       0.000       0.000       0.000       0.000       0.000       0.000       0.000       0.000      29.532       0.047       0.011       0.000       0.000
   182     6    30  2020       1       1  prueba                28.000       0.000       0.000     121.327       0.000     121.327       0.117     191.128       0.129       5.959     185.040     242.654       4.086      78.690     111.530      93.478      25.899       0.000       0.000       0.000     163.701       0.000     288.767       0.000       0.000       0.000     242.654       0.000       0.000       0.000       0.000       0.000       0.000       0.000       0.000      32.841       0.000       0.011       0.000       0.000
   213     7    31  2020       1       1  prueba                14.500       0.000       0.000     190.161       0.000     190.161       0.192     196.571       1.044      73.201     122.326     380.323       4.086     111.530      68.147      93.365      10.142       0.000       0.000       0.000     162.204       0.000     406.085       0.000       0.000       0.000     380.323       0.000       0.000       0.000       0.000       0.000       0.000       0.000       0.000     -43.383       0.000       0.011       0.000       0.000
   244     8    31  2020       1       1  prueba                13.800       0.000       0.000     238.600       0.000     238.600       0.140     186.687       0.800      82.708     103.180     477.200       4.086      68.147      38.029      47.241       0.644       0.000       0.000       0.000     152.806       0.000     379.931       0.000       0.000       0.000     477.200       0.000       0.000       0.000       0.000       0.000       0.000       0.000       0.000     -30.118       0.000       0.010       0.000       0.000
   274     9    30  2020       1       1  prueba                 4.760       0.000       0.000     117.276       0.000     117.276       0.091      95.704       0.712      18.961      76.031     234.552       4.086      38.029      40.207      45.574      10.779       0.000       0.000       0.000     114.067       0.000     116.365       0.000       0.000       0.000     234.552       0.000       0.000       0.000       0.000       0.000       0.000       0.000       0.000       2.178       0.000       0.010       0.000       0.000
   305    10    31  2020       1       1  prueba                 7.030       0.000       0.000       0.000       0.000       0.000       0.094      12.239       0.125       0.304      11.810       0.000       4.086      40.207      34.905      36.812       2.082       0.000       0.000       0.000      90.785       0.000       0.000       0.000       0.000       0.000       0.000       0.000       0.000       0.000       0.000       0.000       0.000       0.000       0.000      -5.302       0.000       0.010       0.000       0.000
   335    11    30  2020       1       1  prueba               296.980       0.000       0.000     218.001       0.000     218.001       0.093      25.511       0.226       0.844      24.441     428.346       4.086      34.905      77.585      58.720      19.502       0.000       0.000       0.000      25.330       0.000       0.000       0.000       0.000       0.000     428.346       0.000       0.000       0.000       0.000       0.000       0.000       0.000       0.000      42.680       9.750       0.009       0.000       0.000
   366    12    31  2020       1       1  prueba                 2.380       0.000       0.000       0.342       0.000       0.342       0.106      33.290       0.108       2.129      31.054       0.683       4.086      77.585      56.921      67.969      19.381       0.000       0.000       0.000      46.726       0.000       0.000       0.000       0.000       0.000       0.683       0.000       0.000       0.000       0.000       0.000       0.000       0.000       0.000     -20.664       0.002       0.010       0.000       0.000
    31     1    31  2021       1       1  prueba                61.780       0.000       0.000      29.452       0.000      29.452       0.110      30.474       0.076       2.216      28.183      58.851       4.086      56.921      58.666      65.575      19.311       0.000       0.000       0.000      48.040       0.000       0.000       0.000       0.000       0.000      58.851       0.000       0.000       0.000       0.000       0.000       0.000       0.000       0.000       1.744       0.067       0.010       0.000       0.000
    59     2    28  2021       1       1  prueba                 4.270       0.000       0.000       0.000       0.000       0.000       0.101      16.887       0.102       2.411      14.373       0.000       4.086      58.666      45.948      50.354       6.823       0.000       0.000       0.000      52.543       0.000       0.000       0.000       0.000       0.000       0.000       0.000       0.000       0.000       0.000       0.000       0.000       0.000       0.000     -12.718       0.000       0.009       0.000       0.000
    90     3    31  2021       1       1  prueba                43.460       0.000       0.000       6.372       0.000       6.372       0.110      31.335       0.183       2.508      28.644      12.744       4.086      45.948      51.591      50.935       9.596       0.000       0.000       0.000      58.195       0.000       0.000       0.000       0.000       0.000      12.744       0.000       0.000       0.000       0.000       0.000       0.000       0.000       0.000       5.643       0.000       0.011       0.000       0.000
   120     4    30  2021       1       1  prueba                42.290       0.000       0.000       0.000       0.000       0.000       0.104      40.464       0.430       2.499      37.536       0.000       4.086      51.591      53.313      51.186      10.331       0.000       0.000       0.000      63.442       0.000       0.000       0.000       0.000       0.000       0.000       0.000       0.000       0.000       0.000       0.000       0.000       0.000       0.000       1.722       0.000       0.010       0.000       0.000
   151     5    31  2021       1       1  prueba                 8.240       0.000       0.000      86.990       0.000      86.990       0.099     123.172       0.219       4.137     118.816     173.979       4.086      53.313      80.830      60.101      18.231       0.000       0.000       0.000     126.589       0.000     276.564       0.000       0.000       0.000     173.979       0.000       0.000       0.000       0.000       0.000       0.000       0.000       0.000      27.516       0.000       0.011       0.000       0.000
   181     6    30  2021       1       1  prueba                16.150       0.000       0.000     130.713       0.000     130.713       0.130     153.699       0.313       3.984     149.402     261.426       4.086      80.830     120.180      99.728      26.554       0.000       0.000       0.000     132.498       0.000     277.918       0.000       0.000       0.000     261.426       0.000       0.000       0.000       0.000       0.000       0.000       0.000       0.000      39.350       0.000       0.010       0.000       0.000
   212     7    31  2021       1       1  prueba                43.160       0.000       0.000     198.110       0.000     198.110       0.224     196.733       0.682      64.987     131.064     396.106       4.086     120.180      87.249     104.785      11.545       0.000       0.000       0.000     161.571       0.000     395.857       0.000       0.000       0.000     396.106       0.000       0.000       0.000       0.000       0.000       0.000       0.000       0.000     -32.931       0.147       0.010       0.000       0.000
   243     8    31  2021       1       1  prueba                28.510       0.000       0.000     247.046       0.000     247.046       0.200     168.749       3.053      84.300      81.395     494.081       4.086      87.249      56.218      66.702       0.901       0.000       0.000       0.000     126.716       0.000     354.650       0.000       0.000       0.000     494.081       0.000       0.000       0.000       0.000       0.000       0.000       0.000       0.000     -31.031       0.012       0.010       0.000       0.000
   273     9    30  2021       1       1  prueba                68.120       0.000       0.000     123.023       0.000     123.023       0.160     111.159       1.640      11.725      97.794     246.046       4.086      56.218      83.921      73.466      19.125       0.000       0.000       0.000      87.932       0.000      97.193       0.000       0.000       0.000     246.046       0.000       0.000       0.000       0.000       0.000       0.000       0.000       0.000      27.703       0.000       0.009       0.000       0.000
   304    10    31  2021       1       1  prueba                38.220       0.000       0.000       5.622       0.000       5.622       0.165      42.970       0.275       2.015      40.681      11.243       4.086      83.921      73.384      73.522      16.267       0.000       0.000       0.000      55.490       0.000       0.000       0.000       0.000       0.000      11.243       0.000       0.000       0.000       0.000       0.000       0.000       0.000       0.000     -10.536       0.000       0.009       0.000       0.000
   334    11    30  2021       1       1  prueba               136.090       0.000       0.000      82.998       0.000      82.998       0.159      33.418       0.341       1.708      31.369     164.846       4.086      73.384      90.584      73.935      18.993       0.000       0.000       0.000      40.663       0.000       0.000       0.000       0.000       0.000     164.846       0.000       0.000       0.000       0.000       0.000       0.000       0.000       0.000      17.200       1.463       0.008       0.000       0.000
   365    12    31  2021       1       1  prueba                 4.570       0.000       0.000       0.008       0.000       0.008       0.163      30.586       0.098       3.234      27.254       0.000       4.086      90.584      66.712      74.882      15.181       0.000       0.000       0.000      54.651       0.000       0.000       0.000       0.000       0.000       0.000       0.000       0.000       0.000       0.000       0.000       0.000       0.000       0.000     -23.871       0.022       0.009       0.000       0.000
    31     1    31  2022       1       1  prueba                15.760       0.000       0.000       0.000       0.000       0.000       0.162      15.607       0.175       1.793      13.639       0.000       4.086      66.712      66.703      63.430       8.703       0.000       0.000       0.000      37.797       0.000       0.000       0.000       0.000       0.000       0.000       0.000       0.000       0.000       0.000       0.000       0.000       0.000       0.000      -0.009       0.000       0.008       0.000       0.000
    59     2    28  2022       1       1  prueba                 2.880       0.000       0.000       0.000       0.000       0.000       0.146      12.742       0.147       1.659      10.935       0.000       4.086      66.703      56.695      61.162       8.045       0.000       0.000       0.000      50.238       0.000       0.000       0.000       0.000       0.000       0.000       0.000       0.000       0.000       0.000       0.000       0.000       0.000       0.000     -10.008       0.000       0.007       0.000       0.000
    90     3    31  2022       1       1  prueba               245.310       0.000       0.000     124.063       0.000     124.063       0.164      55.343       0.693       1.805      52.845     247.812       4.086      56.695     116.012      84.707      26.427       0.000       0.000       0.000      43.034       0.000       0.000       0.000       0.000       0.000     247.812       0.000       0.000       0.000       0.000       0.000       0.000       0.000       0.000      59.316       0.399       0.008       0.000       0.000
   120     4    30  2022       1       1  prueba                92.070       0.000       0.000      28.179       0.000      28.179       0.190      96.809       0.441       5.396      90.972      55.779       4.086     116.012      89.324      94.601      18.542       0.000       0.000       0.000      95.734       0.000       0.000       0.000       0.000       0.000      55.779       0.000       0.000       0.000       0.000       0.000       0.000       0.000       0.000     -26.688       0.736       0.008       0.000       0.000
   151     5    31  2022       1       1  prueba               144.780       0.000       0.000     166.372       0.000     166.372       0.222     176.521       0.253       7.774     168.493     331.191       4.086      89.324     128.388     109.096      26.988       0.000       0.000       0.000     143.228       0.000     282.571       0.000       0.000       0.000     331.191       0.000       0.000       0.000       0.000       0.000       0.000       0.000       0.000      39.064       1.979       0.010       0.000       0.000
   181     6    30  2022       1       1  prueba                 8.140       0.000       0.000     120.714       0.000     120.714       0.284     193.595       0.473       8.874     184.249     241.427       4.086     128.388     152.735     139.763      24.973       0.000       0.000       0.000     169.308       0.000     303.515       0.000       0.000       0.000     241.427       0.000       0.000       0.000       0.000       0.000       0.000       0.000       0.000      24.347       0.000       0.011       0.000       0.000
   212     7    31  2022       1       1  prueba                 0.300       0.000       0.000     189.626       0.000     189.626       0.326     218.410       0.228     100.492     117.690     379.251       4.086     152.735      87.169     122.646       6.451       0.000       0.000       0.000     174.905       0.000     419.046       0.000       0.000       0.000     379.251       0.000       0.000       0.000       0.000       0.000       0.000       0.000       0.000     -65.566       0.000       0.011       0.000       0.000
   243     8    31  2022       1       1  prueba                 6.060       0.000       0.000     231.724       0.000     231.724       0.222     199.021       2.490      73.760     122.771     463.449       4.086      87.169      65.207      67.346       1.641       0.000       0.000       0.000     162.952       0.000     398.766       0.000       0.000       0.000     463.449       0.000       0.000       0.000       0.000       0.000       0.000       0.000       0.000     -21.962       0.000       0.011       0.000       0.000
   273     9    30  2022       1       1  prueba                 6.470       0.000       0.000     118.325       0.000     118.325       0.190     102.597       1.935      20.581      80.081     236.649       4.086      65.207      65.512      71.135      12.981       0.000       0.000       0.000     107.862       0.000     120.529       0.000       0.000       0.000     236.649       0.000       0.000       0.000       0.000       0.000       0.000       0.000       0.000       0.304       0.000       0.010       0.000       0.000
   304    10    31  2022       1       1  prueba                 8.230       0.000       0.000       0.000       0.000       0.000       0.196      13.754       0.467       0.034      13.252       0.000       4.086      65.512      59.792      62.040       4.174       0.000       0.000       0.000      55.153       0.000       0.000       0.000       0.000       0.000       0.000       0.000       0.000       0.000       0.000       0.000       0.000       0.000       0.000      -5.719       0.000       0.010       0.000       0.000
   334    11    30  2022       1       1  prueba                56.140       0.000       0.000      22.704       0.000      22.704       0.188      26.107       0.090       1.553      24.464      45.377       4.086      59.792      66.933      66.618       8.554       0.000       0.000       0.000      62.706       0.000       0.000       0.000       0.000       0.000      45.377       0.000       0.000       0.000       0.000       0.000       0.000       0.000       0.000       7.141       0.040       0.010       0.000       0.000
   365    12    31  2022       1       1  prueba                30.690       0.000       0.000       1.994       0.000       1.994       0.194      22.657       0.153       1.077      21.427       3.987       4.086      66.933      72.778      77.408      18.957       0.000       0.000       0.000      32.568       0.000       0.000       0.000       0.000       0.000       3.987       0.000       0.000       0.000       0.000       0.000       0.000       0.000       0.000       5.845       0.000       0.010       0.000       0.000
