 prueba                    SWAT+ Apr 12 2023       MODULAR Rev 2023.60.5.6                                
       year     plant_no   plant_name       harv_area(ha)    yld(t)         yld(t/ha)      
        2015           1 wetm              0.0000000E+00  0.0000000E+00  0.0000000E+00
        2015           2 rice               1798.640       6088.604       3.385116    
        2016           1 wetm              0.0000000E+00  0.0000000E+00  0.0000000E+00
        2016           2 rice               1798.640       6896.972       3.834548    
        2017           1 wetm              0.0000000E+00  0.0000000E+00  0.0000000E+00
        2017           2 rice               1798.640       6307.879       3.507027    
        2018           1 wetm              0.0000000E+00  0.0000000E+00  0.0000000E+00
        2018           2 rice               1798.640       6454.589       3.588594    
        2019           1 wetm              0.0000000E+00  0.0000000E+00  0.0000000E+00
        2019           2 rice               1798.640       6156.697       3.422973    
        2020           1 wetm              0.0000000E+00  0.0000000E+00  0.0000000E+00
        2020           2 rice               1798.640       6289.411       3.496759    
        2021           1 wetm              0.0000000E+00  0.0000000E+00  0.0000000E+00
        2021           2 rice               1798.640       6459.957       3.591578    
        2022           1 wetm              0.0000000E+00  0.0000000E+00  0.0000000E+00
        2022           2 rice               1798.640       4336.241       2.410844    
