 prueba                    SWAT+ Apr 12 2023       MODULAR Rev 2023.60.5.6                                
  jday   mon   day    yr    unit  gis_id  name            grzn        grzp        lab_min_p   act_sta_p       fertn            fertp            fixn             denit            act_nit_n        act_sta_n        org_lab_p        rsd_nitorg_n     rsd_laborg_p    no3atmo          nh4atmo          nuptake          puptake          gwtrann          gwtranp      
                                                          kgha        kgha        kgha        kgha             kgha             kgha             kgha             kgha             kgha             kgha             kgha             kgha             kgha             kgha             kgha             kgha             kgha             kgha             kgha       
   365    12    31  2022       1       1  hru01          0.000       0.000      31.722      17.028            0.000            0.000            0.000          166.166           22.352           20.219            3.598          302.856           57.356            0.000            0.000          122.439           22.817            0.000            0.000
   365    12    31  2022       2       2  hru02          0.000       0.000      -3.331      -7.576          119.532           13.149            0.000            0.000           17.396           -7.835            2.979            3.063            0.856            0.000            0.000           83.506           15.155            0.000            0.000
   365    12    31  2022       3       3  hru03          0.000       0.000      31.722      17.028            0.000            0.000            0.000          166.164           22.352           20.219            3.598          302.855           57.356            0.000            0.000          122.438           22.817            0.000            0.000
   365    12    31  2022       4       4  hru04          0.000       0.000      -3.709      -7.727          119.532           13.149            0.000            0.000           17.916           -8.044            3.068            3.177            0.892            0.000            0.000           87.483           15.874            0.000            0.000
   365    12    31  2022       5       5  hru05          0.000       0.000      31.722      17.028            0.000            0.000            0.000          166.167           22.352           20.220            3.598          302.857           57.356            0.000            0.000          122.440           22.817            0.000            0.000
   365    12    31  2022       6       6  hru06          0.000       0.000      -4.175      -7.849          119.532           13.149            0.000            0.000           18.434           -8.214            3.157            3.310            0.932            0.000            0.000           91.869           16.667            0.000            0.000
   365    12    31  2022       7       7  hru07          0.000       0.000      -3.329      -7.574          119.532           13.149            0.000            0.000           17.388           -7.837            2.978            3.061            0.855            0.000            0.000           83.443           15.143            0.000            0.000
   365    12    31  2022       8       8  hru08          0.000       0.000      31.722      17.028            0.000            0.000            0.000          166.167           22.352           20.220            3.598          302.858           57.356            0.000            0.000          122.440           22.817            0.000            0.000
   365    12    31  2022       9       9  hru09          0.000       0.000      31.722      17.028            0.000            0.000            0.000          166.166           22.352           20.220            3.598          302.857           57.356            0.000            0.000          122.439           22.817            0.000            0.000
   365    12    31  2022      10      10  hru10          0.000       0.000      31.722      17.028            0.000            0.000            0.000          166.165           22.352           20.219            3.598          302.856           57.356            0.000            0.000          122.439           22.817            0.000            0.000
   365    12    31  2022      11      11  hru11          0.000       0.000      31.722      17.028            0.000            0.000            0.000          166.167           22.352           20.220            3.598          302.858           57.356            0.000            0.000          122.440           22.817            0.000            0.000
   365    12    31  2022      12      12  hru12          0.000       0.000      -3.434      -7.624          119.532           13.149            0.000            0.000           17.520           -7.880            3.000            3.090            0.864            0.000            0.000           84.435           15.323            0.000            0.000
   365    12    31  2022      13      13  hru13          0.000       0.000      31.722      17.028            0.000            0.000            0.000          166.167           22.352           20.220            3.598          302.858           57.356            0.000            0.000          122.440           22.817            0.000            0.000
   365    12    31  2022      14      14  hru14          0.000       0.000      -3.745      -7.725          119.532           13.149            0.000            0.000           17.818           -7.994            3.051            3.169            0.889            0.000            0.000           87.202           15.823            0.000            0.000
   365    12    31  2022      15      15  hru15          0.000       0.000      31.722      17.028            0.000            0.000            0.000          166.167           22.352           20.220            3.598          302.858           57.356            0.000            0.000          122.440           22.817            0.000            0.000
   365    12    31  2022      16      16  hru16          0.000       0.000      -3.847      -7.757          119.532           13.149            0.000            0.000           18.003           -8.064            3.083            3.205            0.900            0.000            0.000           88.415           16.042            0.000            0.000
   365    12    31  2022      17      17  hru17          0.000       0.000      31.722      17.028            0.000            0.000            0.000          166.167           22.352           20.220            3.598          302.858           57.356            0.000            0.000          122.440           22.817            0.000            0.000
   365    12    31  2022      18      18  hru18          0.000       0.000      -4.420      -7.939          119.532           13.149            0.000            0.000           19.081           -8.374            3.267            3.389            0.956            0.000            0.000           94.446           17.132            0.000            0.000
   365    12    31  2022      19      19  hru19          0.000       0.000      31.722      17.028            0.000            0.000            0.000          166.166           22.352           20.220            3.598          302.857           57.356            0.000            0.000          122.440           22.817            0.000            0.000
   365    12    31  2022      20      20  hru20          0.000       0.000      31.722      17.027            0.000            0.000            0.000          166.161           22.352           20.219            3.598          302.854           57.356            0.000            0.000          122.437           22.817            0.000            0.000
   365    12    31  2022      21      21  hru21          0.000       0.000      -1.657      -7.242          119.532           13.149            0.000            0.000           16.877           -7.644            2.891            2.968            0.825            0.000            0.000           80.047           14.529            0.000            0.000
   365    12    31  2022      22      22  hru22          0.000       0.000      31.722      17.028            0.000            0.000            0.000          166.162           22.352           20.219            3.598          302.855           57.356            0.000            0.000          122.438           22.817            0.000            0.000
   365    12    31  2022      23      23  hru23          0.000       0.000      31.722      17.028            0.000            0.000            0.000          166.167           22.352           20.220            3.598          302.857           57.356            0.000            0.000          122.440           22.817            0.000            0.000
   365    12    31  2022      24      24  hru24          0.000       0.000      -5.036      -8.145          119.532           13.149            0.000           17.008           22.356           -9.851            3.828            3.660            1.038            0.000            0.000          103.028           18.692            0.000            0.000
   365    12    31  2022      25      25  hru25          0.000       0.000      -4.815      -8.054          119.532           13.149            0.000           10.505           19.974           -8.629            3.420            3.519            0.995            0.000            0.000           98.690           17.902            0.000            0.000
   365    12    31  2022      26      26  hru26          0.000       0.000      31.722      17.028            0.000            0.000            0.000          166.166           22.352           20.220            3.598          302.857           57.356            0.000            0.000          122.440           22.817            0.000            0.000
   365    12    31  2022      27      27  hru27          0.000       0.000      31.722      17.028            0.000            0.000            0.000          166.163           22.352           20.220            3.598          302.857           57.356            0.000            0.000          122.439           22.817            0.000            0.000
   365    12    31  2022      28      28  hru28          0.000       0.000      -3.756      -7.731          119.532           13.149            0.000            0.000           17.920           -8.040            3.069            3.182            0.893            0.000            0.000           87.624           15.899            0.000            0.000
   365    12    31  2022      29      29  hru29          0.000       0.000      -3.869      -8.046          119.532           13.149            0.000           36.838           25.426          -11.218            4.352            3.300            0.988            0.000            0.000           93.868           17.628            0.000            0.000
   365    12    31  2022      30      30  hru30          0.000       0.000      31.722      17.028            0.000            0.000            0.000          166.167           22.352           20.220            3.598          302.858           57.356            0.000            0.000          122.440           22.817            0.000            0.000
   365    12    31  2022      31      31  hru31          0.000       0.000      -5.047      -8.152          119.532           13.149            0.000           11.181           20.631           -8.936            3.533            3.594            1.018            0.000            0.000          100.980           18.320            0.000            0.000
   365    12    31  2022      32      32  hru32          0.000       0.000      31.722      17.028            0.000            0.000            0.000          166.167           22.352           20.220            3.598          302.858           57.356            0.000            0.000          122.440           22.817            0.000            0.000
   365    12    31  2022      33      33  hru33          0.000       0.000      31.722      17.028            0.000            0.000            0.000          166.164           22.352           20.219            3.598          302.857           57.356            0.000            0.000          122.439           22.817            0.000            0.000
   365    12    31  2022      34      34  hru34          0.000       0.000      31.722      17.028            0.000            0.000            0.000          166.162           22.352           20.219            3.598          302.856           57.356            0.000            0.000          122.439           22.817            0.000            0.000
   365    12    31  2022      35      35  hru35          0.000       0.000      31.722      17.028            0.000            0.000            0.000          166.167           22.352           20.220            3.598          302.858           57.356            0.000            0.000          122.440           22.817            0.000            0.000
   365    12    31  2022      36      36  hru36          0.000       0.000      -0.084      -7.626            0.000            0.000            0.000            0.000           16.872           -8.849            2.890            0.015            0.003            0.000            0.000            0.000            0.000            0.000            0.000
   365    12    31  2022      37      37  hru37          0.000       0.000      31.722      17.028            0.000            0.000            0.000          166.162           22.352           20.219            3.598          302.856           57.356            0.000            0.000          122.438           22.817            0.000            0.000
   365    12    31  2022      38      38  hru38          0.000       0.000      -3.691      -7.994          119.532           13.149            0.000           38.233           26.629          -11.772            4.558            3.257            0.988            0.000            0.000           93.343           17.629            0.000            0.000
   365    12    31  2022      39      39  hru39          0.000       0.000      31.722      17.028            0.000            0.000            0.000          166.165           22.352           20.220            3.598          302.857           57.356            0.000            0.000          122.439           22.817            0.000            0.000
   365    12    31  2022      40      40  hru40          0.000       0.000      -3.569      -7.974          119.532           13.149            0.000           39.583           27.455          -12.125            4.699            3.142            0.986            0.000            0.000           91.789           17.594            0.000            0.000
   365    12    31  2022      41      41  hru41          0.000       0.000      -4.637      -8.008          119.532           13.149            0.000            0.000           19.412           -8.478            3.324            3.448            0.974            0.000            0.000           96.375           17.481            0.000            0.000
   365    12    31  2022      42      42  hru42          0.000       0.000      31.722      17.027            0.000            0.000            0.000          166.157           22.352           20.219            3.598          302.854           57.356            0.000            0.000          122.437           22.817            0.000            0.000
   365    12    31  2022      43      43  hru43          0.000       0.000      31.722      17.027            0.000            0.000            0.000          166.154           22.352           20.219            3.598          302.854           57.355            0.000            0.000          122.436           22.817            0.000            0.000
   365    12    31  2022      44      44  hru44          0.000       0.000      -4.116      -7.853          119.532           13.149            0.000            0.000           18.309           -8.171            3.135            3.283            0.924            0.000            0.000           90.956           16.502            0.000            0.000
   365    12    31  2022      45      45  hru45          0.000       0.000      31.722      17.028            0.000            0.000            0.000          166.167           22.352           20.220            3.598          302.858           57.356            0.000            0.000          122.440           22.817            0.000            0.000
   365    12    31  2022      46      46  hru46          0.000       0.000       0.031      -7.590            0.000            0.000            0.000            0.000           17.549           -9.228            3.006            0.014            0.003            0.000            0.000            0.000            0.000            0.000            0.000
   365    12    31  2022      47      47  hru47          0.000       0.000      31.722      17.028            0.000            0.000            0.000          166.167           22.352           20.220            3.598          302.858           57.356            0.000            0.000          122.440           22.817            0.000            0.000
   365    12    31  2022      48      48  hru48          0.000       0.000      -0.077      -7.624            0.000            0.000            0.000            0.000           16.918           -8.878            2.898            0.015            0.003            0.000            0.000            0.000            0.000            0.000            0.000
   365    12    31  2022      49      49  hru49          0.000       0.000      31.722      17.028            0.000            0.000            0.000          166.167           22.352           20.220            3.598          302.858           57.356            0.000            0.000          122.440           22.817            0.000            0.000
   365    12    31  2022      50      50  hru50          0.000       0.000      -0.036      -7.611            0.000            0.000            0.000            0.000           17.169           -9.015            2.941            0.015            0.003            0.000            0.000            0.000            0.000            0.000            0.000
   365    12    31  2022      51      51  hru51          0.000       0.000      31.722      17.028            0.000            0.000            0.000          166.167           22.352           20.220            3.598          302.858           57.356            0.000            0.000          122.440           22.817            0.000            0.000
   365    12    31  2022      52      52  hru52          0.000       0.000       0.030      -7.590            0.000            0.000            0.000            0.000           17.546           -9.227            3.005            0.014            0.003            0.000            0.000            0.000            0.000            0.000            0.000
   365    12    31  2022      53      53  hru53          0.000       0.000      31.722      17.028            0.000            0.000            0.000          166.167           22.352           20.220            3.598          302.858           57.356            0.000            0.000          122.440           22.817            0.000            0.000
   365    12    31  2022      54      54  hru54          0.000       0.000      31.722      17.027            0.000            0.000            0.000          166.154           22.352           20.219            3.598          302.854           57.355            0.000            0.000          122.436           22.817            0.000            0.000
   365    12    31  2022      55      55  hru55          0.000       0.000       0.029      -7.591            0.000            0.000            0.000            0.000           17.538           -9.220            3.004            0.014            0.003            0.000            0.000            0.000            0.000            0.000            0.000
   365    12    31  2022      56      56  hru56          0.000       0.000      31.722      17.027            0.000            0.000            0.000          166.155           22.352           20.219            3.598          302.854           57.356            0.000            0.000          122.436           22.817            0.000            0.000
   365    12    31  2022      57      57  hru57          0.000       0.000      31.722      17.027            0.000            0.000            0.000          166.161           22.352           20.219            3.598          302.856           57.356            0.000            0.000          122.438           22.817            0.000            0.000
   365    12    31  2022      58      58  hru58          0.000       0.000      -3.727      -7.734          119.532           13.149            0.000            0.000           17.900           -8.036            3.065            3.177            0.892            0.000            0.000           87.459           15.869            0.000            0.000
   365    12    31  2022      59      59  hru59          0.000       0.000      31.722      17.028            0.000            0.000            0.000          166.167           22.352           20.220            3.598          302.858           57.356            0.000            0.000          122.440           22.817            0.000            0.000
   365    12    31  2022      60      60  hru60          0.000       0.000      -0.029      -7.608            0.000            0.000            0.000            0.000           17.212           -9.045            2.948            0.015            0.003            0.000            0.000            0.000            0.000            0.000            0.000
   365    12    31  2022      61      61  hru61          0.000       0.000      31.722      17.028            0.000            0.000            0.000          166.163           22.352           20.219            3.598          302.856           57.356            0.000            0.000          122.439           22.817            0.000            0.000
   365    12    31  2022      62      62  hru62          0.000       0.000      -0.059      -7.618            0.000            0.000            0.000            0.000           17.027           -8.938            2.917            0.015            0.003            0.000            0.000            0.000            0.000            0.000            0.000
   365    12    31  2022      63      63  hru63          0.000       0.000      31.722      17.028            0.000            0.000            0.000          166.167           22.352           20.220            3.598          302.858           57.356            0.000            0.000          122.440           22.817            0.000            0.000
   365    12    31  2022      64      64  hru64          0.000       0.000       0.021      -7.593            0.000            0.000            0.000            0.000           17.492           -9.197            2.996            0.014            0.003            0.000            0.000            0.000            0.000            0.000            0.000
   365    12    31  2022      65      65  hru65          0.000       0.000      -0.018      -7.605            0.000            0.000            0.000            0.000           17.273           -9.080            2.959            0.015            0.003            0.000            0.000            0.000            0.000            0.000            0.000
   365    12    31  2022      66      66  hru66          0.000       0.000      31.722      17.027            0.000            0.000            0.000          166.135           22.351           20.219            3.598          302.850           57.355            0.000            0.000          122.431           22.816            0.000            0.000
   365    12    31  2022      67      67  hru67          0.000       0.000      31.722      17.028            0.000            0.000            0.000          166.167           22.352           20.220            3.598          302.858           57.356            0.000            0.000          122.440           22.817            0.000            0.000
   365    12    31  2022      68      68  hru68          0.000       0.000      -0.014      -7.603            0.000            0.000            0.000            0.000           17.295           -9.094            2.962            0.015            0.003            0.000            0.000            0.000            0.000            0.000            0.000
   365    12    31  2022      69      69  hru69          0.000       0.000       0.007      -7.597            0.000            0.000            0.000            0.000           17.414           -9.157            2.983            0.014            0.003            0.000            0.000            0.000            0.000            0.000            0.000
   365    12    31  2022      70      70  hru70          0.000       0.000      31.722      17.028            0.000            0.000            0.000          166.167           22.352           20.220            3.598          302.858           57.356            0.000            0.000          122.440           22.817            0.000            0.000
   365    12    31  2022      71      71  hru71          0.000       0.000       0.021      -7.593            0.000            0.000            0.000            0.000           17.491           -9.196            2.996            0.014            0.003            0.000            0.000            0.000            0.000            0.000            0.000
   365    12    31  2022      72      72  hru72          0.000       0.000      31.722      17.027            0.000            0.000            0.000          166.152           22.351           20.219            3.598          302.853           57.355            0.000            0.000          122.435           22.817            0.000            0.000
   365    12    31  2022      73      73  hru73          0.000       0.000      -4.580      -7.990          119.532           13.149            0.000            0.000           19.322           -8.448            3.309            3.435            0.970            0.000            0.000           95.947           17.404            0.000            0.000
   365    12    31  2022      74      74  hru74          0.000       0.000      31.722      17.028            0.000            0.000            0.000          166.162           22.352           20.219            3.598          302.856           57.356            0.000            0.000          122.438           22.817            0.000            0.000
   365    12    31  2022      75      75  hru75          0.000       0.000      31.722      17.028            0.000            0.000            0.000          166.164           22.352           20.220            3.598          302.857           57.356            0.000            0.000          122.439           22.817            0.000            0.000
   365    12    31  2022      76      76  hru76          0.000       0.000      -1.657      -7.242          119.532           13.149            0.000            0.000           16.875           -7.643            2.890            2.967            0.825            0.000            0.000           80.035           14.527            0.000            0.000
   365    12    31  2022      77      77  hru77          0.000       0.000      31.722      17.028            0.000            0.000            0.000          166.166           22.352           20.220            3.598          302.857           57.356            0.000            0.000          122.440           22.817            0.000            0.000
