 april24                   SWAT+ Apr 12 2023       MODULAR Rev 2023.60.5.6                                
  jday   mon   day    yr    unit  gis_id  name            grzn        grzp        lab_min_p   act_sta_p       fertn            fertp            fixn             denit            act_nit_n        act_sta_n        org_lab_p        rsd_nitorg_n     rsd_laborg_p    no3atmo          nh4atmo          nuptake          puptake          gwtrann          gwtranp      
                                                          kgha        kgha        kgha        kgha             kgha             kgha             kgha             kgha             kgha             kgha             kgha             kgha             kgha             kgha             kgha             kgha             kgha             kgha             kgha       
   366    12    31  2016       1       1  april24                0.000       0.000      -2.599      -8.973          112.821           12.410            0.000            7.532           16.958           -2.766            2.906           11.692            2.496            0.000            0.000           91.638           16.656            0.000            0.000
   365    12    31  2017       1       1  april24                0.000       0.000      -1.205      -7.952          112.821           12.410            0.000           22.092           16.029           -4.248            2.745           13.556            2.831            0.000            0.000           83.834           15.267            0.000            0.000
   365    12    31  2018       1       1  april24                0.000       0.000      -1.338      -6.983          112.821           12.410            0.000           23.642           16.392           -5.100            2.803           16.262            3.356            0.000            0.000           89.953           16.340            0.000            0.000
   365    12    31  2019       1       1  april24                0.000       0.000      -0.594      -6.093          112.821           12.410            0.000           22.863           16.109           -5.912            2.751           18.444            3.762            0.000            0.000           88.475           16.085            0.000            0.000
   366    12    31  2020       1       1  april24                0.000       0.000      -1.088      -5.394          112.821           12.410            0.000           31.399           16.859           -6.524            2.874           21.694            4.398            0.000            0.000           97.149           17.649            0.000            0.000
   365    12    31  2021       1       1  april24                0.000       0.000      -0.750      -4.452          112.821           12.410            0.000           20.644           16.164           -6.696            2.746           26.159            5.248            0.000            0.000          101.353           18.418            0.000            0.000
   365    12    31  2022       1       1  april24                0.000       0.000       1.220      -3.770          112.821           12.410            0.000            9.179           15.620           -6.730            2.647           25.425            5.078            0.000            0.000           86.437           15.731            0.000            0.000
