 Osu                       SWAT+ Apr 12 2023       MODULAR Rev 2023.60.5.6                                
  jday   mon   day    yr    unit  gis_id  name                  precip     snofall      snomlt    surq_gen        latq    wateryld        perc          et     ecanopy      eplant       esoil   surq_cont          cn     sw_init    sw_final      sw_ave      sw_300    sno_init   sno_final     snopack         pet       qtile         irr  surq_runon  latq_runon    overbank    surq_cha    surq_res     surq_ls    latq_cha    latq_res     latq_ls     gwtranq       satex  satex_chan   sw_change     lagsurf     laglatq    lagsatex     wet_out
                                                                  mm            mm          mm          mm          mm          mm          mm          mm          mm          mm          mm          mm         ---          mm          mm          mm          mm          mm          mm          mm          mm          mm          mm          mm          mm          mm          mm          mm          mm          mm          mm          mm          mm          mm          mm          mm          mm          mm          mm          mm
    31     1    31  2013       1       1  Osu                   16.000       2.767      17.752       4.633       0.532       5.165       7.296       3.624       0.718       1.395       1.511      29.537      42.517     106.783      97.685     102.513      32.075      14.986       0.000       7.588       3.484       0.000       0.000       0.038       0.526       0.000      28.508       0.000       1.029       0.006       0.000       0.526       0.000       0.000       0.000      -9.098       0.615       1.419       0.000       0.000
    59     2    28  2013       1       1  Osu                   46.000      12.095      12.095      12.946       0.410      13.356       5.628      10.932       1.124       5.142       4.667      51.183      41.574      97.685      85.599      92.960      26.666       0.000       0.000       1.937      10.285       0.000       0.000       0.108       0.403       0.000      49.369       0.000       1.814       0.007       0.000       0.403       0.000       0.000       0.000     -12.086       2.495       1.192       0.000       0.000
    90     3    31  2013       1       1  Osu                   80.000       0.000       0.000       7.972       2.341      10.313      22.437      33.272       1.005      18.891      13.376      15.219      28.376      85.599     101.891     101.731      23.393       0.000       0.000       0.000      33.295       0.000       0.000       0.057       2.325       0.000      14.746       0.000       0.473       0.015       0.000       2.325       0.000       0.000       0.000      16.293       0.482       4.410       0.000       0.000
   120     4    30  2013       1       1  Osu                   76.000       0.000       0.000       5.852       2.010       7.862      19.561      37.230       1.098      21.276      14.856      11.277      28.374     101.891     114.357      96.261      21.874       0.000       0.000       0.000      37.762       0.000       0.000       0.042       1.993       0.000      10.917       0.000       0.360       0.017       0.000       1.993       0.000       0.000       0.000      12.466       0.283       4.002       0.000       0.000
   151     5    31  2013       1       1  Osu                  104.000       0.000       0.000      18.682       2.814      21.496      26.653      58.018       1.217      31.575      25.225      35.825      28.388     114.357     131.102     108.119      26.813       0.000       0.000       0.000      53.804       0.000      29.002       0.143       2.795       0.000      34.536       0.000       1.289       0.019       0.000       2.795       0.000       0.000       0.000      16.744       0.861       5.263       0.000       0.000
   181     6    30  2013       1       1  Osu                   48.000       0.000       0.000       4.914       2.946       7.860      27.482      52.042       2.171      28.559      21.312       9.863      28.411     131.102     106.190     109.203      27.380       0.000       0.000       0.000      46.922       0.000      11.126       0.033       2.925       0.000       9.561       0.000       0.303       0.021       0.000       2.925       0.000       0.000       0.000     -24.911       0.196       5.616       0.000       0.000
   212     7    31  2013       1       1  Osu                  473.000       0.000       0.000     167.651      19.265     186.917     115.871      59.918       3.074      38.589      18.255     352.518      34.227     106.190     211.615     185.836      50.414       0.000       0.000       0.000      51.176       0.000      33.021       1.321      19.223       0.000     340.142       0.000      12.377       0.042       0.000      19.223       0.000       0.000       0.000     105.424      29.266      32.553       0.000       0.000
   243     8    31  2013       1       1  Osu                  255.000       0.000       0.000      85.372      18.309     103.681     110.936      64.661       2.143      40.778      21.740     177.450      31.140     211.615     202.916     183.532      47.121       0.000       0.000       0.000      56.137       0.000      24.042       0.641      18.263       0.000     171.524       0.000       5.925       0.046       0.000      18.263       0.000       0.000       0.000      -8.699      13.943      31.470       0.000       0.000
   273     9    30  2013       1       1  Osu                   82.000       0.000       0.000      16.113      13.137      29.251      86.184      41.450       1.535      21.963      17.952      33.854      29.007     202.916     143.011     168.340      38.462       0.000       0.000       0.000      37.136       0.000       0.513       0.085      13.095       0.000      33.150       0.000       0.703       0.042       0.000      13.095       0.000       0.000       0.000     -59.904       1.759      23.466       0.000       0.000
   304    10    31  2013       1       1  Osu                   69.000       0.000       0.000      21.737       7.106      28.843      58.596      28.714       1.009      15.939      11.766      43.352      28.934     143.011     108.274     140.668      31.398       0.000       0.000       0.000      28.193       0.000       0.000       0.151       7.070       0.000      41.943       0.000       1.409       0.036       0.000       7.070       0.000       0.000       0.000     -34.738       1.152      13.200       0.000       0.000
   334    11    30  2013       1       1  Osu                   76.000      23.715      23.715       9.428       2.534      11.962      25.079      11.684       1.014       5.911       4.760      20.764      28.561     108.274     134.126     107.856      25.977       0.000       0.000       0.796      11.651       0.000       0.000       0.065       2.511       0.000      20.097       0.000       0.667       0.023       0.000       2.511       0.000       0.000       0.000      25.852       0.339       5.285       0.000       0.000
   365    12    31  2013       1       1  Osu                   19.000      11.341      11.341       3.920       3.374       7.294      30.943       7.641       0.822       3.576       3.243      10.088      35.739     134.126     108.659     120.128      31.059       0.000       0.000       0.298       7.296       0.000       0.000       0.021       3.353       0.000       9.825       0.000       0.263       0.021       0.000       3.353       0.000       0.000       0.000     -25.467       0.168       6.535       0.000       0.000
    31     1    31  2014       1       1  Osu                    6.000       3.771       3.771       0.793       1.119       1.912      12.087      10.374       0.514       5.692       4.168       4.368      42.243     108.659      88.732      97.008      24.743       0.000       0.000       0.123      10.305       0.000       0.000       0.004       1.107       0.000       4.238       0.000       0.130       0.011       0.000       1.107       0.000       0.000       0.000     -19.927       0.023       2.656       0.000       0.000
    59     2    28  2014       1       1  Osu                    4.000       0.858       0.858       0.313       0.376       0.690       5.358      14.688       0.285       8.674       5.730       0.640      31.237      88.732      72.725      79.555      15.855       0.000       0.000       0.031      15.255       0.000       0.000       0.002       0.366       0.000       0.621       0.000       0.020       0.010       0.000       0.366       0.000       0.000       0.000     -16.008       0.003       1.275       0.000       0.000
    90     3    31  2014       1       1  Osu                   90.000       0.000       0.000       6.532       1.756       8.288      17.394      26.558       0.999      14.886      10.674      12.308      28.341      72.725     111.273      91.246      19.503       0.000       0.000       0.000      26.618       0.000       0.000       0.045       1.744       0.000      11.937       0.000       0.371       0.012       0.000       1.744       0.000       0.000       0.000      38.549       0.414       3.410       0.000       0.000
   120     4    30  2014       1       1  Osu                   69.000       0.000       0.000       4.776       2.040       6.816      19.898      39.238       0.660      22.911      15.666       9.192      28.364     111.273     115.629      95.312      19.346       0.000       0.000       0.000      39.809       0.000       0.000       0.032       2.024       0.000       8.925       0.000       0.267       0.016       0.000       2.024       0.000       0.000       0.000       4.356       0.243       3.959       0.000       0.000
   151     5    31  2014       1       1  Osu                   44.000       0.000       0.000       5.192       2.585       7.777      24.635      61.949       1.381      33.831      26.736      10.254      28.390     115.629      88.142     104.994      25.508       0.000       0.000       0.000      57.545       0.000      31.276       0.037       2.566       0.000       9.916       0.000       0.337       0.019       0.000       2.566       0.000       0.000       0.000     -27.487       0.200       4.929       0.000       0.000
   181     6    30  2014       1       1  Osu                  122.000       0.000       0.000      21.681       2.798      24.479      26.400      54.298       1.482      31.112      21.704      41.685      28.368      88.142     118.539     106.273      27.100       0.000       0.000       0.000      48.599       0.000      11.791       0.168       2.780       0.000      40.171       0.000       1.514       0.018       0.000       2.780       0.000       0.000       0.000      30.397       0.961       5.189       0.000       0.000
   212     7    31  2014       1       1  Osu                  337.000       0.000       0.000     101.983      15.158     117.141      97.852      50.881       4.261      31.143      15.476     204.437      30.535     118.539     190.877     172.870      47.148       0.000       0.000       0.000      43.396       0.000      15.282       0.785      15.121       0.000     197.456       0.000       6.982       0.037       0.000      15.121       0.000       0.000       0.000      72.339      25.042      25.472       0.000       0.000
   243     8    31  2014       1       1  Osu                  338.000       0.000       0.000     117.610      24.341     141.951     140.280      39.378       3.726      23.067      12.586     211.237      36.887     190.877     215.636     213.040      64.630       0.000       0.000       0.000      33.516       0.000       5.583       0.879      24.290       0.000     204.487       0.000       6.750       0.051       0.000      24.290       0.000       0.000       0.000      24.758      55.816      41.561       0.000       0.000
   273     9    30  2014       1       1  Osu                   98.000       0.000       0.000      18.247      13.679      31.926      89.582      40.856       1.364      22.589      16.902      36.930      29.048     215.636     163.699     171.164      39.179       0.000       0.000       0.000      36.335       0.000       0.562       0.099      13.636       0.000      36.150       0.000       0.780       0.043       0.000      13.636       0.000       0.000       0.000     -51.937       2.327      24.772       0.000       0.000
   304    10    31  2014       1       1  Osu                   98.000       0.000       0.000      25.308       7.192      32.501      59.735      27.487       0.711      15.445      11.331      50.277      28.896     163.699     155.121     142.381      31.985       0.000       0.000       0.000      26.640       0.000       0.000       0.178       7.157       0.000      48.644       0.000       1.634       0.035       0.000       7.157       0.000       0.000       0.000      -8.578       1.353      13.327       0.000       0.000
   334    11    30  2014       1       1  Osu                   65.000       0.000       0.000      12.065       5.249      17.314      46.812      14.819       1.189       7.530       6.100      23.608      28.934     155.121     145.253     136.445      33.338       0.000       0.000       0.000      14.299       0.000       0.000       0.077       5.218       0.000      22.941       0.000       0.667       0.030       0.000       5.218       0.000       0.000       0.000      -9.867       0.934       9.907       0.000       0.000
   365    12    31  2014       1       1  Osu                   47.000      41.974      41.175      11.880       4.124      16.004      37.465       4.240       1.108       1.297       1.835      45.156      38.987     145.253     115.528     131.446      35.955       0.000       0.799       4.800       3.936       0.000       0.000       0.081       4.102       0.000      43.682       0.000       1.474       0.022       0.000       4.102       0.000       0.000       0.000     -29.726       0.814       7.882       0.000       0.000
    31     1    31  2015       1       1  Osu                   35.000      14.091      13.913       6.570       1.299       7.869      13.993       9.003       1.616       3.418       3.969      34.648      41.591     115.528      97.487     105.482      30.511       0.799       0.977       0.215       8.260       0.000       0.000       0.050       1.286       0.000      33.460       0.000       1.187       0.013       0.000       1.286       0.000       0.000       0.000     -18.041       0.624       3.030       0.000       0.000
    59     2    28  2015       1       1  Osu                   16.000       2.799       3.776       1.966       0.467       2.432       6.296      14.133       0.656       7.702       5.775      10.529      36.299      97.487      85.709      90.107      22.882       0.977       0.000       0.052      13.765       0.000       0.000       0.016       0.457       0.000      10.158       0.000       0.371       0.010       0.000       0.457       0.000       0.000       0.000     -11.778       0.161       1.503       0.000       0.000
    90     3    31  2015       1       1  Osu                   34.000       0.000       0.000       2.336       0.645       2.981       7.912      29.929       0.804      17.295      11.830       4.601      28.328      85.709      79.953      85.883      19.400       0.000       0.000       0.000      30.007       0.000       0.000       0.018       0.634       0.000       4.445       0.000       0.156       0.011       0.000       0.634       0.000       0.000       0.000      -5.756       0.129       1.745       0.000       0.000
   120     4    30  2015       1       1  Osu                  106.000       0.000       0.000       8.622       2.198      10.820      21.147      35.743       2.503      18.568      14.672      16.668      28.352      79.953     118.926      99.877      21.983       0.000       0.000       0.000      34.620       0.000       0.000       0.061       2.184       0.000      16.139       0.000       0.529       0.013       0.000       2.184       0.000       0.000       0.000      38.973       0.364       4.156       0.000       0.000
   151     5    31  2015       1       1  Osu                   27.000       0.000       0.000       2.658       2.291       4.949      21.793      62.297       1.019      34.838      26.441       5.290      28.374     118.926      81.171     101.452      24.821       0.000       0.000       0.000      59.166       0.000      32.859       0.018       2.273       0.000       5.128       0.000       0.163       0.018       0.000       2.273       0.000       0.000       0.000     -37.755       0.131       4.510       0.000       0.000
   181     6    30  2015       1       1  Osu                   92.000       0.000       0.000      13.206       0.660      13.867       8.264      46.238       1.967      25.143      19.128      25.865      28.292      81.171     116.733      81.171      25.598       0.000       0.000       0.000      47.383       0.000      13.621       0.105       0.649       0.000      24.889       0.000       0.976       0.011       0.000       0.649       0.000       0.000       0.000      35.562       0.200       1.692       0.000       0.000
   212     7    31  2015       1       1  Osu                  126.000       0.000       0.000      20.585       4.948      25.532      44.478      60.755       2.798      39.225      18.731      40.618      28.425     116.733     127.700     125.854      29.826       0.000       0.000       0.000      51.979       0.000       9.485       0.149       4.926       0.000      39.240       0.000       1.378       0.022       0.000       4.926       0.000       0.000       0.000      10.967       0.747       8.568       0.000       0.000
   243     8    31  2015       1       1  Osu                  123.000       0.000       0.000      21.065       4.575      25.641      41.292      60.916       1.897      39.390      19.629      40.912      28.476     127.700     140.176     122.210      29.113       0.000       0.000       0.000      53.287       0.000      14.520       0.155       4.550       0.000      39.505       0.000       1.407       0.025       0.000       4.550       0.000       0.000       0.000      12.476       1.114       8.266       0.000       0.000
   273     9    30  2015       1       1  Osu                   34.000       0.000       0.000       2.598       3.960       6.558      35.868      45.974       1.070      25.651      19.253       5.530      28.491     140.176      99.225     119.609      28.485       0.000       0.000       0.000      41.281       0.000       0.599       0.011       3.936       0.000       5.430       0.000       0.100       0.024       0.000       3.936       0.000       0.000       0.000     -40.951       0.213       7.462       0.000       0.000
   304    10    31  2015       1       1  Osu                  106.000       0.000       0.000      22.193       4.482      26.676      40.108      30.077       1.008      16.801      12.268      41.728      28.503      99.225     114.215     121.705      28.591       0.000       0.000       0.000      29.279       0.000       0.000       0.166       4.457       0.000      40.317       0.000       1.410       0.025       0.000       4.457       0.000       0.000       0.000      14.990       1.668       8.225       0.000       0.000
   334    11    30  2015       1       1  Osu                   92.000       2.836       2.836      15.470       4.114      19.584      38.036      12.039       1.949       4.996       5.094      30.947      28.567     114.215     138.028     124.606      31.481       0.000       0.000       0.031      11.416       0.000       0.000       0.105       4.090       0.000      29.966       0.000       0.982       0.024       0.000       4.090       0.000       0.000       0.000      23.813       0.584       7.573       0.000       0.000
   365    12    31  2015       1       1  Osu                   63.000      22.359      22.359      13.665       5.956      19.621      52.168       7.794       1.470       2.954       3.370      28.285      29.314     138.028     125.456     138.347      34.051       0.000       0.000       0.223       7.270       0.000       0.000       0.087       5.927       0.000      27.456       0.000       0.829       0.029       0.000       5.927       0.000       0.000       0.000     -12.572       0.684      10.809       0.000       0.000
    31     1    31  2016       1       1  Osu                   33.000      25.298      25.298       6.986       2.236       9.222      21.815       7.601       0.765       3.698       3.138      32.658      38.427     125.456     100.288     109.484      28.515       0.000       0.000       1.217       7.372       0.000       0.000       0.051       2.219       0.000      31.584       0.000       1.074       0.018       0.000       2.219       0.000       0.000       0.000     -25.168       0.790       4.658       0.000       0.000
    60     2    29  2016       1       1  Osu                   49.000       7.556       6.673       5.958       0.967       6.925      11.537      15.280       0.837       8.037       6.406      24.787      34.987     100.288     102.900      98.573      27.805       0.000       0.884       0.230      14.643       0.000       0.000       0.044       0.954       0.000      23.953       0.000       0.834       0.013       0.000       0.954       0.000       0.000       0.000       2.612       0.613       2.294       0.000       0.000
    91     3    31  2016       1       1  Osu                   49.000       0.000       0.884       7.313       2.884      10.197      27.473      31.201       0.573      18.169      12.460      14.342      29.294     102.900      86.747     108.325      25.365       0.884       0.000       0.043      31.628       0.000       0.000       0.049       2.865       0.000      13.897       0.000       0.445       0.019       0.000       2.865       0.000       0.000       0.000     -16.154       0.380       5.473       0.000       0.000
   121     4    30  2016       1       1  Osu                  159.000       0.000       0.000      18.270       4.206      22.476      38.073      44.101       1.879      23.877      18.345      34.991      28.533      86.747     142.880     119.010      28.136       0.000       0.000       0.000      42.576       0.000       0.860       0.127       4.185       0.000      33.887       0.000       1.105       0.021       0.000       4.185       0.000       0.000       0.000      56.133       1.333       7.545       0.000       0.000
   152     5    31  2016       1       1  Osu                   88.000       0.000       0.000      13.639       5.831      19.470      50.295      66.346       1.423      36.250      28.673      26.979      28.656     142.880     113.056     132.450      30.339       0.000       0.000       0.000      60.193       0.000      24.142       0.093       5.803       0.000      26.154       0.000       0.825       0.028       0.000       5.803       0.000       0.000       0.000     -29.823       0.922      10.580       0.000       0.000
   182     6    30  2016       1       1  Osu                   59.000       0.000       0.000       8.518       2.092      10.610      20.529      54.617       1.306      32.033      21.279      16.407      28.388     113.056     102.389     102.099      26.830       0.000       0.000       0.000      49.525       0.000      14.066       0.065       2.071       0.000      15.822       0.000       0.585       0.020       0.000       2.071       0.000       0.000       0.000     -10.668       0.378       4.441       0.000       0.000
   213     7    31  2016       1       1  Osu                  276.000       0.000       0.000      87.131      16.376     103.507     104.041      66.477       2.744      44.334      19.398     157.491      32.011     102.389     125.156     177.685      44.379       0.000       0.000       0.000      57.683       0.000      16.735       0.665      16.335       0.000     152.240       0.000       5.251       0.041       0.000      16.335       0.000       0.000       0.000      22.768      36.709      28.212       0.000       0.000
   244     8    31  2016       1       1  Osu                   61.000       0.000       0.000       7.631       3.199      10.830      30.345      67.851       1.666      42.338      23.847      15.046      28.409     125.156      98.774     110.087      26.272       0.000       0.000       0.000      61.767       0.000      18.528       0.055       3.171       0.000      14.550       0.000       0.496       0.027       0.000       3.171       0.000       0.000       0.000     -26.383       0.342       6.650       0.000       0.000
   274     9    30  2016       1       1  Osu                  158.000       0.000       0.000      35.134       5.236      40.371      40.627      39.018       2.584      19.274      17.160      63.048      28.420      98.774     144.219     123.439      32.856       0.000       0.000       0.000      35.051       0.000       0.554       0.275       5.213       0.000      60.842       0.000       2.206       0.023       0.000       5.213       0.000       0.000       0.000      45.445       5.041       9.271       0.000       0.000
   305    10    31  2016       1       1  Osu                   80.000       0.000       0.000      21.971       7.075      29.045      58.190      25.345       1.486      13.169      10.690      44.334      28.649     144.219     124.322     142.800      34.477       0.000       0.000       0.000      24.205       0.000       0.000       0.151       7.042       0.000      42.903       0.000       1.432       0.032       0.000       7.042       0.000       0.000       0.000     -19.897       0.861      12.604       0.000       0.000
   335    11    30  2016       1       1  Osu                    6.000       0.860       0.860       1.030       2.366       3.396      23.206      14.986       0.585       8.496       5.905       2.323      28.428     124.322      90.839     104.016      22.207       0.000       0.000       0.000      15.222       0.000       0.000       0.003       2.344       0.000       2.295       0.000       0.028       0.022       0.000       2.344       0.000       0.000       0.000     -33.483       0.012       4.939       0.000       0.000
   366    12    31  2016       1       1  Osu                   15.000       2.968       2.968       2.010       0.721       2.731       9.031       8.891       0.757       4.574       3.561       4.050      29.349      90.839      86.107      85.341      18.778       0.000       0.000       0.000       8.937       0.000       0.000       0.015       0.707       0.000       3.905       0.000       0.145       0.014       0.000       0.707       0.000       0.000       0.000      -4.732       0.017       2.067       0.000       0.000
    31     1    31  2017       1       1  Osu                    4.000       2.784       1.860       0.396       0.315       0.712       5.224       9.581       0.279       5.579       3.723       0.785      36.319      86.107      74.202      78.277      15.863       0.000       0.924       0.312       9.756       0.000       0.000       0.003       0.307       0.000       0.759       0.000       0.026       0.009       0.000       0.307       0.000       0.000       0.000     -11.905       0.010       1.166       0.000       0.000
    59     2    28  2017       1       1  Osu                   11.000       0.000       0.924       0.678       0.157       0.835       3.321      17.179       0.497       9.976       6.706       2.561      34.657      74.202      63.822      67.857      12.052       0.924       0.000       0.016      17.563       0.000       0.000       0.005       0.152       0.000       2.462       0.000       0.098       0.005       0.000       0.152       0.000       0.000       0.000     -10.381       0.023       0.710       0.000       0.000
    90     3    31  2017       1       1  Osu                   13.000       2.719       2.719       0.329       0.116       0.446       3.189      24.842       1.132      13.788       9.922       0.650      28.281      63.822      48.651      55.449       7.882       0.000       0.000       0.006      28.715       0.000       0.000       0.002       0.111       0.000       0.631       0.000       0.020       0.006       0.000       0.111       0.000       0.000       0.000     -15.171       0.003       0.590       0.000       0.000
   120     4    30  2017       1       1  Osu                   21.000       0.000       0.000       0.556       0.088       0.644       2.675      31.197       0.684      15.509      15.004       1.063      28.270      48.651      35.562      44.748       6.216       0.000       0.000       0.000      48.822       0.000       0.000       0.004       0.084       0.000       1.030       0.000       0.033       0.004       0.000       0.084       0.000       0.000       0.000     -13.088       0.011       0.448       0.000       0.000
   151     5    31  2017       1       1  Osu                   18.000       0.000       0.000       0.505       0.097       0.602       2.660      32.593       0.873      11.328      20.392       0.972      28.255      35.562      62.653      57.352      18.943       0.000       0.000       0.000      58.763       0.000      56.870       0.004       0.093       0.000       0.937       0.000       0.035       0.004       0.000       0.093       0.000       0.000       0.000      27.090       0.004       0.472       0.000       0.000
   181     6    30  2017       1       1  Osu                   12.000       0.000       0.000       0.351       0.094       0.445       3.017      30.524       0.850      10.682      18.992       0.687      28.246      62.653      60.592      61.298      21.502       0.000       0.000       0.000      57.562       0.000      19.275       0.003       0.090       0.000       0.663       0.000       0.024       0.003       0.000       0.090       0.000       0.000       0.000      -2.061       0.001       0.498       0.000       0.000
   212     7    31  2017       1       1  Osu                  198.000       0.000       0.000      32.035       4.974      37.009      38.974      56.183       4.515      34.711      16.957      62.026      28.307      60.592     136.265     110.259      31.161       0.000       0.000       0.000      48.190       0.000       7.533       0.249       4.960       0.000      59.773       0.000       2.253       0.014       0.000       4.960       0.000       0.000       0.000      75.673       1.118       8.103       0.000       0.000
   243     8    31  2017       1       1  Osu                  201.000       0.000       0.000      43.366       9.818      53.184      71.185      59.220       2.752      36.014      20.453      84.102      29.608     136.265     169.943     144.597      36.970       0.000       0.000       0.000      51.341       0.000      10.075       0.317       9.788       0.000      81.280       0.000       2.822       0.030       0.000       9.788       0.000       0.000       0.000      33.678       3.303      16.334       0.000       0.000
   273     9    30  2017       1       1  Osu                  109.000       0.000       0.000      20.823      10.789      31.613      75.868      42.902       0.624      23.815      18.463      41.236      28.694     169.943     140.588     154.466      37.491       0.000       0.000       0.000      38.559       0.000       0.531       0.130      10.753       0.000      40.126       0.000       1.110       0.037       0.000      10.753       0.000       0.000       0.000     -29.355       1.866      18.858       0.000       0.000
   304    10    31  2017       1       1  Osu                   66.000       0.000       0.000      21.460       7.107      28.567      58.043      26.753       0.889      14.977      10.887      43.211      28.730     140.588     106.332     138.021      32.275       0.000       0.000       0.000      26.386       0.000       0.000       0.150       7.072       0.000      41.817       0.000       1.394       0.034       0.000       7.072       0.000       0.000       0.000     -34.256       0.944      12.945       0.000       0.000
   334    11    30  2017       1       1  Osu                   10.000       2.862       2.862       1.706       1.654       3.360      17.306      14.074       0.378       8.388       5.308       3.535      28.370     106.332      83.269      89.636      18.967       0.000       0.000       0.000      15.543       0.000       0.000       0.011       1.634       0.000       3.433       0.000       0.101       0.020       0.000       1.634       0.000       0.000       0.000     -23.063       0.018       3.830       0.000       0.000
   365    12    31  2017       1       1  Osu                   26.000       1.724       1.724       4.504       0.508       5.011       7.178       9.195       0.691       4.737       3.767      19.548      36.520      83.269      74.268      77.427      17.807       0.000       0.000       0.000       9.026       0.000       0.000       0.039       0.497       0.000      18.872       0.000       0.675       0.011       0.000       0.497       0.000       0.000       0.000      -9.001       0.975       1.660       0.000       0.000
    31     1    31  2018       1       1  Osu                   43.000      15.724      15.724       9.592       0.219       9.811       4.127       8.807       0.565       4.347       3.895      44.273      40.029      74.268      65.276      69.739      14.621       0.000       0.000       0.249       8.297       0.000       0.000       0.077       0.213       0.000      42.738       0.000       1.535       0.006       0.000       0.213       0.000       0.000       0.000      -8.992       1.666       0.939       0.000       0.000
    59     2    28  2018       1       1  Osu                   16.000       3.766       3.766       1.407       0.106       1.513       2.684      12.539       0.373       6.946       5.220       4.069      37.311      65.276      65.372      60.383      11.836       0.000       0.000       0.194      13.891       0.000       0.000       0.012       0.102       0.000       3.910       0.000       0.159       0.004       0.000       0.102       0.000       0.000       0.000       0.097       0.038       0.532       0.000       0.000
    90     3    31  2018       1       1  Osu                   99.000       5.720       5.691       8.990       2.824      11.815      26.374      28.376       1.257      15.438      11.681      17.579      28.339      65.372     100.139      99.117      21.823       0.000       0.000       0.003      27.846       0.000       0.000       0.062       2.811       0.000      17.042       0.000       0.537       0.014       0.000       2.811       0.000       0.000       0.000      34.766       0.312       4.896       0.000       0.000
   120     4    30  2018       1       1  Osu                  123.000       0.000       0.000      12.542       5.067      17.609      45.004      44.464       1.306      24.879      18.279      24.276      28.457     100.139     119.224     121.671      25.994       0.000       0.000       0.000      43.757       0.000       0.000       0.082       5.044       0.000      23.592       0.000       0.684       0.023       0.000       5.044       0.000       0.000       0.000      19.086       0.963       8.838       0.000       0.000
   151     5    31  2018       1       1  Osu                   96.000       0.000       0.000      13.723       5.222      18.946      46.463      57.269       1.477      31.017      24.775      27.229      28.528     119.224     108.725     125.322      28.527       0.000       0.000       0.000      52.420       0.000      23.830       0.092       5.195       0.000      26.400       0.000       0.829       0.027       0.000       5.195       0.000       0.000       0.000     -10.500       0.740       9.425       0.000       0.000
   181     6    30  2018       1       1  Osu                  124.000       0.000       0.000      25.132       1.798      26.929      17.751      56.184       0.912      32.627      22.644      47.542      28.341     108.725     150.817      89.928      24.923       0.000       0.000       0.000      60.338       0.000      21.423       0.201       1.780       0.000      45.758       0.000       1.783       0.018       0.000       1.780       0.000       0.000       0.000      42.093       1.182       3.882       0.000       0.000
   212     7    31  2018       1       1  Osu                  138.000       0.000       0.000      47.470      11.530      59.000      77.741      76.818       0.996      53.773      22.048      85.604      29.978     150.817     103.779     150.229      35.426       0.000       0.000       0.000      68.115       0.000      20.804       0.363      11.494       0.000      82.769       0.000       2.835       0.036       0.000      11.494       0.000       0.000       0.000     -47.038      22.409      19.921       0.000       0.000
   243     8    31  2018       1       1  Osu                  453.000       0.000       0.000     156.162       7.048     163.210      51.812      65.802       2.645      39.964      23.194     299.412      32.101     103.779     250.416     124.674      36.895       0.000       0.000       0.000      59.383       0.000      22.529       1.283       7.021       0.000     288.667       0.000      10.745       0.027       0.000       7.021       0.000       0.000       0.000     146.637      73.853      12.201       0.000       0.000
   273     9    30  2018       1       1  Osu                  117.000       0.000       0.000      47.157      21.412      68.569     121.681      40.437       2.245      20.144      18.047      91.209      34.284     250.416     152.928     201.010      54.189       0.000       0.000       0.000      36.204       0.000       0.323       0.328      21.364       0.000      88.716       0.000       2.493       0.049       0.000      21.364       0.000       0.000       0.000     -97.488      24.602      36.956       0.000       0.000
   304    10    31  2018       1       1  Osu                   84.000       0.000       0.000      24.289       8.050      32.339      64.280      27.287       1.128      14.803      11.356      48.573      28.846     152.928     125.306     145.727      31.606       0.000       0.000       0.000      26.452       0.000       0.000       0.166       8.012       0.000      47.028       0.000       1.545       0.038       0.000       8.012       0.000       0.000       0.000     -27.621       1.311      14.909       0.000       0.000
   334    11    30  2018       1       1  Osu                   44.000       0.000       0.000       4.971       3.674       8.645      35.166      15.222       0.943       8.007       6.272       9.920      28.604     125.306     113.222     123.966      30.498       0.000       0.000       0.000      14.868       0.000       0.000       0.026       3.647       0.000       9.697       0.000       0.223       0.027       0.000       3.647       0.000       0.000       0.000     -12.084       0.384       7.216       0.000       0.000
   365    12    31  2018       1       1  Osu                   23.000       2.672       2.672       3.152       2.235       5.387      22.376       9.728       0.780       4.909       4.039       6.468      32.901     113.222     100.571     111.266      29.495       0.000       0.000       0.056       9.454       0.000       0.000       0.019       2.215       0.000       6.297       0.000       0.170       0.020       0.000       2.215       0.000       0.000       0.000     -12.651       0.086       4.738       0.000       0.000
    31     1    31  2019       1       1  Osu                   12.000       5.760       0.898       1.234       0.791       2.026       9.514      11.355       0.379       6.400       4.577       4.319      41.089     100.571      84.149      92.238      22.301       0.000       4.862       0.078      11.291       0.000       0.000       0.009       0.780       0.000       4.177       0.000       0.142       0.011       0.000       0.780       0.000       0.000       0.000     -16.422       0.059       2.129       0.000       0.000
    59     2    28  2019       1       1  Osu                   39.000       0.000       4.862       7.389       0.319       7.709       4.764      17.358       0.415       9.737       7.206      32.470      33.053      84.149      77.301      80.532      17.918       4.862       0.000       0.260      17.017       0.000       0.000       0.064       0.311       0.000      31.309       0.000       1.161       0.008       0.000       0.311       0.000       0.000       0.000      -6.848       1.514       1.138       0.000       0.000
    90     3    31  2019       1       1  Osu                   35.000       0.000       0.000       2.341       0.378       2.719       5.337      28.429       1.274      15.963      11.192       4.553      28.304      77.301      76.298      76.422      16.371       0.000       0.000       0.000      28.982       0.000       0.000       0.018       0.370       0.000       4.392       0.000       0.161       0.008       0.000       0.370       0.000       0.000       0.000      -1.003       0.052       1.110       0.000       0.000
   120     4    30  2019       1       1  Osu                   73.000       0.000       0.000       3.436       1.050       4.486      10.731      36.456       1.258      20.680      14.518       6.246      28.307      76.298      98.055      80.491      15.117       0.000       0.000       0.000      37.353       0.000       0.000       0.024       1.041       0.000       6.061       0.000       0.186       0.009       0.000       1.041       0.000       0.000       0.000      21.757       0.278       2.002       0.000       0.000
   151     5    31  2019       1       1  Osu                   61.000       0.000       0.000       9.349       1.407      10.756      14.302      64.889       1.017      36.493      27.379      18.094      28.308      98.055      97.650      91.183      23.777       0.000       0.000       0.000      62.578       0.000      38.672       0.074       1.395       0.000      17.417       0.000       0.677       0.012       0.000       1.395       0.000       0.000       0.000      -0.405       0.291       2.728       0.000       0.000
   181     6    30  2019       1       1  Osu                  114.000       0.000       0.000      18.148       2.328      20.476      22.643      60.361       1.937      34.103      24.321      35.462      28.326      97.650     122.908     102.643      26.922       0.000       0.000       0.000      55.279       0.000      14.598       0.140       2.313       0.000      34.167       0.000       1.296       0.015       0.000       2.313       0.000       0.000       0.000      25.258       0.436       4.257       0.000       0.000
   212     7    31  2019       1       1  Osu                  234.000       0.000       0.000      51.875       8.455      60.330      63.794      57.510       2.620      37.288      17.602     104.663      29.729     122.908     185.232     140.732      36.272       0.000       0.000       0.000      49.284       0.000       9.959       0.389       8.428       0.000     101.031       0.000       3.632       0.027       0.000       8.428       0.000       0.000       0.000      62.324       4.406      14.193       0.000       0.000
   243     8    31  2019       1       1  Osu                  119.000       0.000       0.000      21.022      11.116      32.138      78.363      62.887       2.655      39.279      20.953      42.688      28.741     185.232     150.740     156.822      37.064       0.000       0.000       0.000      54.049       0.000      11.688       0.131      11.078       0.000      41.525       0.000       1.163       0.038       0.000      11.078       0.000       0.000       0.000     -34.491       1.709      19.620       0.000       0.000
   273     9    30  2019       1       1  Osu                  139.000       0.000       0.000      28.388       8.459      36.847      65.748      39.739       2.230      20.172      17.338      54.365      28.896     150.740     156.756     149.934      36.955       0.000       0.000       0.000      35.567       0.000       0.390       0.199       8.425       0.000      52.672       0.000       1.693       0.034       0.000       8.425       0.000       0.000       0.000       6.016       2.795      15.048       0.000       0.000
   304    10    31  2019       1       1  Osu                  123.000       0.000       0.000      44.189      12.802      56.991      85.527      29.413       0.518      17.238      11.657      93.566      30.204     156.756     114.428     160.766      36.743       0.000       0.000       0.000      29.468       0.000       0.001       0.320      12.761       0.000      90.514       0.000       3.051       0.041       0.000      12.761       0.000       0.000       0.000     -42.329       5.939      22.581       0.000       0.000
   334    11    30  2019       1       1  Osu                   31.000       0.000       0.000       3.370       2.650       6.020      26.088      17.260       0.691       9.670       6.898       6.807      28.438     114.428      98.434     104.623      22.510       0.000       0.000       0.000      17.532       0.000       0.000       0.019       2.625       0.000       6.638       0.000       0.170       0.025       0.000       2.625       0.000       0.000       0.000     -15.994       0.158       5.537       0.000       0.000
   365    12    31  2019       1       1  Osu                   26.000       5.862       5.862       2.760       1.599       4.358      17.051       9.632       0.553       5.102       3.977       5.661      28.614      98.434      94.203      99.748      23.507       0.000       0.000       0.000       9.399       0.000       0.000       0.018       1.580       0.000       5.500       0.000       0.161       0.019       0.000       1.580       0.000       0.000       0.000      -4.231       0.151       3.549       0.000       0.000
    31     1    31  2020       1       1  Osu                   65.000       0.000       0.000       7.802       2.796      10.598      25.928      10.154       0.766       5.118       4.270      20.798      30.013      94.203     107.771     110.160      27.350       0.000       0.000       0.000       9.775       0.000       0.000       0.054       2.778       0.000      20.142       0.000       0.656       0.018       0.000       2.778       0.000       0.000       0.000      13.568       0.782       5.253       0.000       0.000
    60     2    29  2020       1       1  Osu                   52.000       5.925       5.925       6.209       2.119       8.328      20.481      14.457       1.076       7.306       6.075      12.583      29.242     107.771     117.525     105.700      26.650       0.000       0.000       0.409      13.922       0.000       0.000       0.044       2.103       0.000      12.189       0.000       0.394       0.017       0.000       2.103       0.000       0.000       0.000       9.754       0.235       4.135       0.000       0.000
    91     3    31  2020       1       1  Osu                   44.000       0.000       0.000       4.152       2.617       6.770      24.757      32.801       0.843      18.752      13.206       8.275      28.426     117.525      99.784     104.458      23.454       0.000       0.000       0.000      33.223       0.000       0.000       0.027       2.598       0.000       8.043       0.000       0.232       0.020       0.000       2.598       0.000       0.000       0.000     -17.741       0.182       5.057       0.000       0.000
   121     4    30  2020       1       1  Osu                   43.000       0.000       0.000       2.202       1.572       3.774      15.925      43.423       0.613      25.823      16.986       4.074      28.362      99.784      82.002      89.564      17.599       0.000       0.000       0.000      45.645       0.000       1.054       0.014       1.557       0.000       3.962       0.000       0.112       0.015       0.000       1.557       0.000       0.000       0.000     -17.782       0.203       3.262       0.000       0.000
   152     5    31  2020       1       1  Osu                   67.000       0.000       0.000       6.950       1.590       8.540      16.311      58.439       1.487      31.611      25.341      13.525      28.350      82.002      88.231      97.218      25.897       0.000       0.000       0.000      54.309       0.000      32.421       0.053       1.574       0.000      13.048       0.000       0.477       0.015       0.000       1.574       0.000       0.000       0.000       6.229       0.206       3.270       0.000       0.000
   182     6    30  2020       1       1  Osu                  162.000       0.000       0.000      26.540       3.137      29.677      29.637      58.833       2.836      32.892      23.105      51.769      28.377      88.231     143.691     109.566      28.509       0.000       0.000       0.000      53.780       0.000      12.048       0.202       3.120       0.000      49.903       0.000       1.866       0.017       0.000       3.120       0.000       0.000       0.000      55.460       0.831       5.704       0.000       0.000
   213     7    31  2020       1       1  Osu                  441.999       0.000       0.000     151.657      18.173     169.830     113.250      41.579       5.230      23.677      12.673     285.021      37.676     143.691     246.565     186.385      55.449       0.000       0.000       0.000      35.337       0.000       8.512       1.193      18.134       0.000     275.229       0.000       9.792       0.039       0.000      18.134       0.000       0.000       0.000     102.874      66.654      30.342       0.000       0.000
   244     8    31  2020       1       1  Osu                  589.000       0.000       0.000     470.363      27.003     497.365     147.922      57.197       3.813      34.396      18.988     655.979      42.398     246.565     187.455     220.083      66.882       0.000       0.000       0.000      48.760       0.000      32.371       4.140      26.942       0.000     633.506       0.000      22.473       0.060       0.000      26.942       0.000       0.000       0.000     -59.109     522.289      46.202       0.000       0.000
   274     9    30  2020       1       1  Osu                  109.000       0.000       0.000      29.470      14.586      44.057      96.677      37.648       2.485      19.060      16.103      58.525      29.531     187.455     136.697     180.363      45.576       0.000       0.000       0.000      33.530       0.000       0.310       0.185      14.539       0.000      56.938       0.000       1.587       0.047       0.000      14.539       0.000       0.000       0.000     -50.758       4.321      25.785       0.000       0.000
   305    10    31  2020       1       1  Osu                   14.000       0.000       0.000       5.385       3.314       8.699      32.321      27.848       0.806      16.110      10.933      11.166      28.525     136.697      89.817     111.179      24.152       0.000       0.000       0.000      28.700       0.000       0.000       0.036       3.285       0.000      10.830       0.000       0.336       0.029       0.000       3.285       0.000       0.000       0.000     -46.881       0.073       6.933       0.000       0.000
   335    11    30  2020       1       1  Osu                   52.000       0.000       0.000       4.260       1.449       5.709      15.982      15.877       0.755       8.795       6.327       7.731      28.371      89.817     105.241      96.182      23.236       0.000       0.000       0.000      16.068       0.000       0.000       0.030       1.431       0.000       7.500       0.000       0.231       0.017       0.000       1.431       0.000       0.000       0.000      15.425       0.428       3.337       0.000       0.000
   366    12    31  2020       1       1  Osu                    7.000       0.000       0.000       1.122       1.083       2.205      12.381       9.704       0.277       5.559       3.868       3.192      33.052     105.241      87.980      94.357      21.626       0.000       0.000       0.000       9.693       0.000       0.000       0.007       1.069       0.000       3.095       0.000       0.097       0.014       0.000       1.069       0.000       0.000       0.000     -17.261       0.074       2.585       0.000       0.000
    31     1    31  2021       1       1  Osu                   27.000       8.476       8.476       3.839       0.342       4.181       5.456       6.955       1.023       2.935       2.996      19.724      39.104      87.980      85.977      85.404      20.449       0.000       0.000       0.335       6.609       0.000       0.000       0.030       0.334       0.000      19.022       0.000       0.702       0.007       0.000       0.334       0.000       0.000       0.000      -2.003       0.231       1.133       0.000       0.000
    59     2    28  2021       1       1  Osu                   21.000       0.862       0.862       1.972       0.673       2.645       7.611      17.401       0.555       9.863       6.982       5.345      29.751      85.977      78.818      85.634      19.392       0.000       0.000       0.031      17.407       0.000       0.000       0.015       0.665       0.000       5.149       0.000       0.196       0.009       0.000       0.665       0.000       0.000       0.000      -7.159       0.048       1.495       0.000       0.000
    90     3    31  2021       1       1  Osu                   90.000       0.000       0.000       6.492       2.207       8.699      21.172      33.261       1.149      18.447      13.666      12.078      28.344      78.818     107.042      99.069      22.208       0.000       0.000       0.000      32.562       0.000       0.000       0.044       2.194       0.000      11.724       0.000       0.353       0.014       0.000       2.194       0.000       0.000       0.000      28.225       0.504       3.933       0.000       0.000
   120     4    30  2021       1       1  Osu                   40.000       0.000       0.000       3.568       2.653       6.221      25.042      45.546       0.583      27.308      17.655       7.044      28.382     107.042      72.839      99.733      19.495       0.000       0.000       0.000      47.501       0.000       0.000       0.024       2.635       0.000       6.842       0.000       0.202       0.017       0.000       2.635       0.000       0.000       0.000     -34.204       0.191       4.894       0.000       0.000
   151     5    31  2021       1       1  Osu                   89.000       0.000       0.000      11.085       1.298      12.384      14.055      53.047       2.405      27.849      22.792      21.585      28.328      72.839     104.406      93.343      26.059       0.000       0.000       0.000      48.625       0.000      33.216       0.086       1.284       0.000      20.793       0.000       0.792       0.015       0.000       1.284       0.000       0.000       0.000      31.567       0.282       2.729       0.000       0.000
   181     6    30  2021       1       1  Osu                  144.000       0.000       0.000      21.000       2.754      23.753      26.458      60.850       3.011      32.928      24.910      40.347      28.363     104.406     146.699     110.008      29.336       0.000       0.000       0.000      53.826       0.000       9.491       0.160       2.737       0.000      38.916       0.000       1.431       0.017       0.000       2.737       0.000       0.000       0.000      42.293       0.897       5.031       0.000       0.000
   212     7    31  2021       1       1  Osu                  197.000       0.000       0.000      49.342      15.152      64.494      98.315      65.619       2.936      43.049      19.634     103.952      31.044     146.699     132.054     172.620      42.826       0.000       0.000       0.000      56.413       0.000      13.792       0.347      15.114       0.000     100.636       0.000       3.315       0.039       0.000      15.114       0.000       0.000       0.000     -14.646       5.666      25.894       0.000       0.000
   243     8    31  2021       1       1  Osu                  363.000       0.000       0.000      89.924      15.026     104.950     101.848      54.647       2.969      33.779      17.899     188.514      32.605     132.054     223.597     177.477      48.454       0.000       0.000       0.000      46.711       0.000       7.594       0.672      14.984       0.000     182.143       0.000       6.371       0.042       0.000      14.984       0.000       0.000       0.000      91.543      13.679      25.778       0.000       0.000
   273     9    30  2021       1       1  Osu                   64.000       0.000       0.000      12.408      14.264      26.672      90.881      37.156       2.918      18.190      16.048      27.301      29.315     223.597     148.083     174.770      41.938       0.000       0.000       0.000      33.072       0.000       0.396       0.049      14.221       0.000      26.883       0.000       0.419       0.043       0.000      14.221       0.000       0.000       0.000     -75.514       1.527      25.627       0.000       0.000
   304    10    31  2021       1       1  Osu                   26.000       0.000       0.000       9.946       4.083      14.029      38.520      29.452       1.033      16.153      12.267      20.339      28.603     148.083     104.524     124.865      28.864       0.000       0.000       0.000      28.411       0.000       0.000       0.068       4.053       0.000      19.697       0.000       0.642       0.030       0.000       4.053       0.000       0.000       0.000     -43.559       0.182       8.167       0.000       0.000
   334    11    30  2021       1       1  Osu                   71.000       0.000       0.000       7.892       2.523      10.415      25.007      13.502       1.050       6.938       5.515      15.612      28.475     104.524     126.871     111.749      27.704       0.000       0.000       0.000      13.616       0.000       0.000       0.053       2.501       0.000      15.133       0.000       0.479       0.022       0.000       2.501       0.000       0.000       0.000      22.347       0.292       5.184       0.000       0.000
   365    12    31  2021       1       1  Osu                    4.000       1.860       1.860       1.641       2.321       3.962      22.880      11.090       0.419       6.169       4.503       3.351      30.387     126.871      96.363     110.219      27.755       0.000       0.000       0.000      10.944       0.000       0.000       0.007       2.301       0.000       3.284       0.000       0.068       0.020       0.000       2.301       0.000       0.000       0.000     -30.508       0.128       4.792       0.000       0.000
    31     1    31  2022       1       1  Osu                    0.000       0.000       0.000       0.105       0.707       0.813       8.768      11.470       0.000       7.073       4.397       0.246      34.292      96.363      76.243      85.878      17.698       0.000       0.000       0.000      12.338       0.000       0.000       0.000       0.695       0.000       0.246       0.000       0.000       0.012       0.000       0.695       0.000       0.000       0.000     -20.121       0.000       1.981       0.000       0.000
    59     2    28  2022       1       1  Osu                    0.000       0.000       0.000       0.016       0.216       0.231       4.120      12.869       0.000       7.804       5.065       0.035      30.839      76.243      59.474      67.848      11.488       0.000       0.000       0.000      17.983       0.000       0.000       0.000       0.208       0.000       0.035       0.000       0.000       0.007       0.000       0.208       0.000       0.000       0.000     -16.768       0.000       0.928       0.000       0.000
    90     3    31  2022       1       1  Osu                   76.000      18.832      18.832       4.595       0.881       5.476       9.349      20.636       1.082      10.503       9.051      10.212      28.497      59.474      98.397      72.239      14.065       0.000       0.000       0.737      24.299       0.000       0.000       0.033       0.873       0.000       9.886       0.000       0.326       0.008       0.000       0.873       0.000       0.000       0.000      38.923       0.433       1.804       0.000       0.000
   120     4    30  2022       1       1  Osu                   47.000       0.000       0.000       2.114       1.366       3.480      13.459      45.915       0.801      27.192      17.921       4.043      28.316      98.397      83.815      79.956      13.456       0.000       0.000       0.000      47.848       0.000       0.000       0.014       1.355       0.000       3.927       0.000       0.115       0.011       0.000       1.355       0.000       0.000       0.000     -14.583       0.093       2.644       0.000       0.000
   151     5    31  2022       1       1  Osu                    0.000       0.000       0.000       0.009       0.390       0.399       6.054      48.208       0.000      24.209      23.999       0.006      28.280      83.815      65.480      73.354      20.256       0.000       0.000       0.000      65.044       0.000      46.609       0.000       0.381       0.000       0.006       0.000       0.000       0.009       0.000       0.381       0.000       0.000       0.000     -18.335       0.010       1.115       0.000       0.000
   181     6    30  2022       1       1  Osu                  156.000       0.000       0.000      24.039       2.409      26.448      22.237      55.867       2.672      30.290      22.904      46.596      28.288      65.480     128.934      99.078      27.452       0.000       0.000       0.000      55.496       0.000      12.107       0.190       2.398       0.000      44.860       0.000       1.736       0.011       0.000       2.398       0.000       0.000       0.000      63.454       0.670       4.055       0.000       0.000
   212     7    31  2022       1       1  Osu                  144.000       0.000       0.000      22.715       5.724      28.438      49.604      64.100       3.179      42.043      18.878      44.493      28.410     128.934     145.407     127.721      29.620       0.000       0.000       0.000      54.864       0.000      11.586       0.164       5.699       0.000      43.018       0.000       1.475       0.024       0.000       5.699       0.000       0.000       0.000      16.474       1.057       9.761       0.000       0.000
   243     8    31  2022       1       1  Osu                  169.000       0.000       0.000      33.952      11.211      45.163      80.900      58.076       3.615      32.160      22.301      67.687      28.700     145.407     147.912     158.936      39.905       0.000       0.000       0.000      50.519       0.000       9.212       0.231      11.176       0.000      65.574       0.000       2.113       0.036       0.000      11.176       0.000       0.000       0.000       2.505       2.094      19.240       0.000       0.000
   273     9    30  2022       1       1  Osu                   48.000       0.000       0.000      10.111       6.123      16.234      50.990      46.288       0.801      24.901      20.587      20.309      28.620     147.912      99.640     131.207      29.738       0.000       0.000       0.000      43.340       0.000       0.632       0.065       6.092       0.000      19.734       0.000       0.575       0.031       0.000       6.092       0.000       0.000       0.000     -48.272       0.745      11.343       0.000       0.000
   304    10    31  2022       1       1  Osu                   33.000       0.000       0.000       4.974       1.672       6.646      17.763      28.626       0.581      16.558      11.487       9.769      28.370      99.640      83.086      98.774      25.650       0.000       0.000       0.000      29.545       0.000       0.000       0.034       1.651       0.000       9.459       0.000       0.309       0.021       0.000       1.651       0.000       0.000       0.000     -16.554       0.157       3.901       0.000       0.000
   334    11    30  2022       1       1  Osu                   83.000       1.862       1.862       9.366       2.304      11.670      22.529      15.529       0.823       8.524       6.183      17.693      28.359      83.086     117.180     102.531      25.468       0.000       0.000       0.000      16.055       0.000       0.000       0.066       2.288       0.000      17.136       0.000       0.557       0.016       0.000       2.288       0.000       0.000       0.000      34.094       0.609       4.511       0.000       0.000
   365    12    31  2022       1       1  Osu                   26.000      24.297      24.251       6.352       1.805       8.158      18.240       5.880       0.716       2.706       2.458      26.031      37.854     117.180      97.359     104.194      28.386       0.000       0.000       2.424       5.679       0.000       0.000       0.048       1.791       0.000      25.162       0.000       0.868       0.014       0.000       1.791       0.000       0.000       0.000     -19.822       0.823       3.700       0.000       0.000
    31     1    31  2023       1       1  Osu                   23.000       1.758       1.758       4.101       0.604       4.705       7.819      10.666       0.518       5.726       4.422      20.917      39.036      97.359      84.102      90.711      25.043       0.000       0.000       0.000      10.385       0.000       0.000       0.034       0.594       0.000      20.208       0.000       0.709       0.010       0.000       0.594       0.000       0.000       0.000     -13.256       0.853       1.626       0.000       0.000
    59     2    28  2023       1       1  Osu                   12.000       0.000       0.000       1.244       0.219       1.463       4.051      16.615       0.693       9.265       6.656       5.383      32.340      84.102      71.317      78.184      18.632       0.000       0.000       0.000      17.041       0.000       0.000       0.010       0.211       0.000       5.190       0.000       0.193       0.007       0.000       0.211       0.000       0.000       0.000     -12.785       0.113       0.859       0.000       0.000
    90     3    31  2023       1       1  Osu                   28.000       0.000       0.000       1.486       0.165       1.650       3.610      29.222       0.573      17.007      11.642       2.838      28.282      71.317      65.171      66.734      14.783       0.000       0.000       0.000      32.307       0.000       0.000       0.012       0.158       0.000       2.737       0.000       0.101       0.007       0.000       0.158       0.000       0.000       0.000      -6.145       0.041       0.716       0.000       0.000
   120     4    30  2023       1       1  Osu                   49.000       0.000       0.000       2.272       0.550       2.822       7.037      40.051       1.294      22.609      16.148       4.327      28.284      65.171      64.771      72.729      13.247       0.000       0.000       0.000      40.373       0.000       0.000       0.017       0.543       0.000       4.181       0.000       0.146       0.007       0.000       0.543       0.000       0.000       0.000      -0.400       0.068       1.236       0.000       0.000
   151     5    31  2023       1       1  Osu                  210.000       0.000       0.000      38.445       4.812      43.257      41.254      54.702       2.006      29.173      23.523      68.401      28.362      64.771     154.292     112.752      26.834       0.000       0.000       0.000      50.549       0.000      29.905       0.303       4.794       0.000      66.008       0.000       2.393       0.018       0.000       4.794       0.000       0.000       0.000      89.520       4.575       8.139       0.000       0.000
   181     6    30  2023       1       1  Osu                  255.000       0.000       0.000      66.126       7.752      73.878      59.356      53.491       2.443      29.873      21.174     130.942      29.861     154.292     223.045     133.002      33.131       0.000       0.000       0.000      47.875       0.000      12.544       0.512       7.724       0.000     126.342       0.000       4.600       0.028       0.000       7.724       0.000       0.000       0.000      68.753      16.184      13.128       0.000       0.000
   212     7    31  2023       1       1  Osu                  668.999       0.000       0.000     396.040      31.189     427.229     167.376      53.457       5.009      32.311      16.138     620.652      45.135     223.045     218.817     233.271      78.444       0.000       0.000       0.000      45.495       0.000       9.905       3.407      31.132       0.000     599.621       0.000      21.031       0.058       0.000      31.132       0.000       0.000       0.000      -4.228     389.408      52.305       0.000       0.000
   243     8    31  2023       1       1  Osu                  245.000       0.000       0.000      61.772      21.246      83.017     127.842      55.409       2.988      32.840      19.581     120.835      32.270     218.817     213.799     202.867      54.834       0.000       0.000       0.000      47.612       0.000       8.592       0.425      21.192       0.000     117.250       0.000       3.585       0.054       0.000      21.192       0.000       0.000       0.000      -5.017      11.839      36.834       0.000       0.000
   273     9    30  2023       1       1  Osu                  116.000       0.000       0.000      25.039      14.745      39.785      96.623      42.533       2.629      21.062      18.842      50.108      29.554     213.799     165.688     179.733      45.701       0.000       0.000       0.000      38.050       0.000       0.338       0.149      14.700       0.000      48.868       0.000       1.239       0.045       0.000      14.700       0.000       0.000       0.000     -48.111       3.075      25.975       0.000       0.000
   304    10    31  2023       1       1  Osu                   10.000       0.000       0.000       9.406       5.222      14.629      45.831      27.435       0.569      15.535      11.332      19.687      28.697     165.688     102.089     128.412      27.741       0.000       0.000       0.000      26.843       0.000       0.000       0.061       5.189       0.000      19.076       0.000       0.611       0.033       0.000       5.189       0.000       0.000       0.000     -63.598       0.105      10.177       0.000       0.000
   334    11    30  2023       1       1  Osu                   83.000       0.000       0.000      10.996       3.619      14.615      34.644      15.080       1.551       7.041       6.488      21.899      28.598     102.089     122.794     122.451      29.845       0.000       0.000       0.000      14.475       0.000       0.000       0.073       3.594       0.000      21.236       0.000       0.663       0.025       0.000       3.594       0.000       0.000       0.000      20.704       0.465       7.005       0.000       0.000
   365    12    31  2023       1       1  Osu                  104.000       5.716       1.533      20.938       6.353      27.291      52.328       8.914       1.526       3.564       3.825      40.916      29.128     122.794     138.385     139.411      35.368       0.000       4.183       0.531       8.423       0.000       0.000       0.141       6.325       0.000      39.664       0.000       1.251       0.029       0.000       6.325       0.000       0.000       0.000      15.591       1.598      11.475       0.000       0.000
