 Osu                       SWAT+ Apr 12 2023       MODULAR Rev 2023.60.5.6                                
       year     plant_no   plant_name       harv_area(ha)    yld(t)         yld(t/ha)      
        2010           1 gras              0.0000000E+00  0.0000000E+00  0.0000000E+00
        2010           2 frst              0.0000000E+00  0.0000000E+00  0.0000000E+00
        2010           3 frse              0.0000000E+00  0.0000000E+00  0.0000000E+00
        2010           4 agrl              0.0000000E+00  0.0000000E+00  0.0000000E+00
        2010           5 rice               3155.833       8729.711       2.766215    
        2010           6 wetn              0.0000000E+00  0.0000000E+00  0.0000000E+00
        2010           7 wetw              0.0000000E+00  0.0000000E+00  0.0000000E+00
        2010           8 urbn              0.0000000E+00  0.0000000E+00  0.0000000E+00
        2010           9 rye                175.8916       1.125706      6.3999994E-03
        2010          10 orcd              0.0000000E+00  0.0000000E+00  0.0000000E+00
        2011           1 gras              0.0000000E+00  0.0000000E+00  0.0000000E+00
        2011           2 frst              0.0000000E+00  0.0000000E+00  0.0000000E+00
        2011           3 frse              0.0000000E+00  0.0000000E+00  0.0000000E+00
        2011           4 agrl              0.0000000E+00  0.0000000E+00  0.0000000E+00
        2011           5 rice               3155.832       8813.078       2.792632    
        2011           6 wetn              0.0000000E+00  0.0000000E+00  0.0000000E+00
        2011           7 wetw              0.0000000E+00  0.0000000E+00  0.0000000E+00
        2011           8 urbn              0.0000000E+00  0.0000000E+00  0.0000000E+00
        2011           9 rye                175.8916      0.0000000E+00  0.0000000E+00
        2011          10 orcd              0.0000000E+00  0.0000000E+00  0.0000000E+00
        2012           1 gras              0.0000000E+00  0.0000000E+00  0.0000000E+00
        2012           2 frst              0.0000000E+00  0.0000000E+00  0.0000000E+00
        2012           3 frse              0.0000000E+00  0.0000000E+00  0.0000000E+00
        2012           4 agrl              0.0000000E+00  0.0000000E+00  0.0000000E+00
        2012           5 rice               3155.832       9104.774       2.885063    
        2012           6 wetn              0.0000000E+00  0.0000000E+00  0.0000000E+00
        2012           7 wetw              0.0000000E+00  0.0000000E+00  0.0000000E+00
        2012           8 urbn              0.0000000E+00  0.0000000E+00  0.0000000E+00
        2012           9 rye                175.8916       5.453162      3.1002974E-02
        2012          10 orcd              0.0000000E+00  0.0000000E+00  0.0000000E+00
        2013           1 gras              0.0000000E+00  0.0000000E+00  0.0000000E+00
        2013           2 frst              0.0000000E+00  0.0000000E+00  0.0000000E+00
        2013           3 frse              0.0000000E+00  0.0000000E+00  0.0000000E+00
        2013           4 agrl              0.0000000E+00  0.0000000E+00  0.0000000E+00
        2013           5 rice               3155.832       9193.107       2.913054    
        2013           6 wetn              0.0000000E+00  0.0000000E+00  0.0000000E+00
        2013           7 wetw              0.0000000E+00  0.0000000E+00  0.0000000E+00
        2013           8 urbn              0.0000000E+00  0.0000000E+00  0.0000000E+00
        2013           9 rye                175.8916      0.6027042      3.4265665E-03
        2013          10 orcd              0.0000000E+00  0.0000000E+00  0.0000000E+00
        2014           1 gras              0.0000000E+00  0.0000000E+00  0.0000000E+00
        2014           2 frst              0.0000000E+00  0.0000000E+00  0.0000000E+00
        2014           3 frse              0.0000000E+00  0.0000000E+00  0.0000000E+00
        2014           4 agrl              0.0000000E+00  0.0000000E+00  0.0000000E+00
        2014           5 rice               3155.833       9296.669       2.945868    
        2014           6 wetn              0.0000000E+00  0.0000000E+00  0.0000000E+00
        2014           7 wetw              0.0000000E+00  0.0000000E+00  0.0000000E+00
        2014           8 urbn              0.0000000E+00  0.0000000E+00  0.0000000E+00
        2014           9 rye                175.8916      3.1818248E-02  1.8089694E-04
        2014          10 orcd              0.0000000E+00  0.0000000E+00  0.0000000E+00
        2015           1 gras              0.0000000E+00  0.0000000E+00  0.0000000E+00
        2015           2 frst              0.0000000E+00  0.0000000E+00  0.0000000E+00
        2015           3 frse              0.0000000E+00  0.0000000E+00  0.0000000E+00
        2015           4 agrl              0.0000000E+00  0.0000000E+00  0.0000000E+00
        2015           5 rice               3155.831       10343.16       3.277475    
        2015           6 wetn              0.0000000E+00  0.0000000E+00  0.0000000E+00
        2015           7 wetw              0.0000000E+00  0.0000000E+00  0.0000000E+00
        2015           8 urbn              0.0000000E+00  0.0000000E+00  0.0000000E+00
        2015           9 rye                175.8916      3.8476903E-02  2.1875351E-04
        2015          10 orcd              0.0000000E+00  0.0000000E+00  0.0000000E+00
        2016           1 gras              0.0000000E+00  0.0000000E+00  0.0000000E+00
        2016           2 frst              0.0000000E+00  0.0000000E+00  0.0000000E+00
        2016           3 frse              0.0000000E+00  0.0000000E+00  0.0000000E+00
        2016           4 agrl              0.0000000E+00  0.0000000E+00  0.0000000E+00
        2016           5 rice               3155.832       10136.81       3.212088    
        2016           6 wetn              0.0000000E+00  0.0000000E+00  0.0000000E+00
        2016           7 wetw              0.0000000E+00  0.0000000E+00  0.0000000E+00
        2016           8 urbn              0.0000000E+00  0.0000000E+00  0.0000000E+00
        2016           9 rye                175.8916      3.5329461E-02  2.0085930E-04
        2016          10 orcd              0.0000000E+00  0.0000000E+00  0.0000000E+00
        2017           1 gras              0.0000000E+00  0.0000000E+00  0.0000000E+00
        2017           2 frst              0.0000000E+00  0.0000000E+00  0.0000000E+00
        2017           3 frse              0.0000000E+00  0.0000000E+00  0.0000000E+00
        2017           4 agrl              0.0000000E+00  0.0000000E+00  0.0000000E+00
        2017           5 rice               3155.831       9650.548       3.058005    
        2017           6 wetn              0.0000000E+00  0.0000000E+00  0.0000000E+00
        2017           7 wetw              0.0000000E+00  0.0000000E+00  0.0000000E+00
        2017           8 urbn              0.0000000E+00  0.0000000E+00  0.0000000E+00
        2017           9 rye                175.8916      2.5200434E-02  1.4327254E-04
        2017          10 orcd              0.0000000E+00  0.0000000E+00  0.0000000E+00
        2018           1 gras              0.0000000E+00  0.0000000E+00  0.0000000E+00
        2018           2 frst              0.0000000E+00  0.0000000E+00  0.0000000E+00
        2018           3 frse              0.0000000E+00  0.0000000E+00  0.0000000E+00
        2018           4 agrl              0.0000000E+00  0.0000000E+00  0.0000000E+00
        2018           5 rice               3155.828       10627.50       3.367578    
        2018           6 wetn              0.0000000E+00  0.0000000E+00  0.0000000E+00
        2018           7 wetw              0.0000000E+00  0.0000000E+00  0.0000000E+00
        2018           8 urbn              0.0000000E+00  0.0000000E+00  0.0000000E+00
        2018           9 rye                175.8916      1.1883261E-02  6.7560140E-05
        2018          10 orcd              0.0000000E+00  0.0000000E+00  0.0000000E+00
        2019           1 gras              0.0000000E+00  0.0000000E+00  0.0000000E+00
        2019           2 frst              0.0000000E+00  0.0000000E+00  0.0000000E+00
        2019           3 frse              0.0000000E+00  0.0000000E+00  0.0000000E+00
        2019           4 agrl              0.0000000E+00  0.0000000E+00  0.0000000E+00
        2019           5 rice               3155.831       10704.98       3.392128    
        2019           6 wetn              0.0000000E+00  0.0000000E+00  0.0000000E+00
        2019           7 wetw              0.0000000E+00  0.0000000E+00  0.0000000E+00
        2019           8 urbn              0.0000000E+00  0.0000000E+00  0.0000000E+00
        2019           9 rye                175.8916      2.7302152E-02  1.5522148E-04
        2019          10 orcd              0.0000000E+00  0.0000000E+00  0.0000000E+00
        2020           1 gras              0.0000000E+00  0.0000000E+00  0.0000000E+00
        2020           2 frst              0.0000000E+00  0.0000000E+00  0.0000000E+00
        2020           3 frse              0.0000000E+00  0.0000000E+00  0.0000000E+00
        2020           4 agrl              0.0000000E+00  0.0000000E+00  0.0000000E+00
        2020           5 rice               3155.833       9507.118       3.012554    
        2020           6 wetn              0.0000000E+00  0.0000000E+00  0.0000000E+00
        2020           7 wetw              0.0000000E+00  0.0000000E+00  0.0000000E+00
        2020           8 urbn              0.0000000E+00  0.0000000E+00  0.0000000E+00
        2020           9 rye                175.8916      2.9513743E-02  1.6779508E-04
        2020          10 orcd              0.0000000E+00  0.0000000E+00  0.0000000E+00
        2021           1 gras              0.0000000E+00  0.0000000E+00  0.0000000E+00
        2021           2 frst              0.0000000E+00  0.0000000E+00  0.0000000E+00
        2021           3 frse              0.0000000E+00  0.0000000E+00  0.0000000E+00
        2021           4 agrl              0.0000000E+00  0.0000000E+00  0.0000000E+00
        2021           5 rice               3155.832       10760.61       3.409755    
        2021           6 wetn              0.0000000E+00  0.0000000E+00  0.0000000E+00
        2021           7 wetw              0.0000000E+00  0.0000000E+00  0.0000000E+00
        2021           8 urbn              0.0000000E+00  0.0000000E+00  0.0000000E+00
        2021           9 rye                175.8916      1.2903832E-02  7.3362418E-05
        2021          10 orcd              0.0000000E+00  0.0000000E+00  0.0000000E+00
        2022           1 gras              0.0000000E+00  0.0000000E+00  0.0000000E+00
        2022           2 frst              0.0000000E+00  0.0000000E+00  0.0000000E+00
        2022           3 frse              0.0000000E+00  0.0000000E+00  0.0000000E+00
        2022           4 agrl              0.0000000E+00  0.0000000E+00  0.0000000E+00
        2022           5 rice               3155.830       9592.725       3.039684    
        2022           6 wetn              0.0000000E+00  0.0000000E+00  0.0000000E+00
        2022           7 wetw              0.0000000E+00  0.0000000E+00  0.0000000E+00
        2022           8 urbn              0.0000000E+00  0.0000000E+00  0.0000000E+00
        2022           9 rye                175.8916      1.2431277E-02  7.0675793E-05
        2022          10 orcd              0.0000000E+00  0.0000000E+00  0.0000000E+00
        2023           1 gras              0.0000000E+00  0.0000000E+00  0.0000000E+00
        2023           2 frst              0.0000000E+00  0.0000000E+00  0.0000000E+00
        2023           3 frse              0.0000000E+00  0.0000000E+00  0.0000000E+00
        2023           4 agrl              0.0000000E+00  0.0000000E+00  0.0000000E+00
        2023           5 rice               3155.831       9147.727       2.898675    
        2023           6 wetn              0.0000000E+00  0.0000000E+00  0.0000000E+00
        2023           7 wetw              0.0000000E+00  0.0000000E+00  0.0000000E+00
        2023           8 urbn              0.0000000E+00  0.0000000E+00  0.0000000E+00
        2023           9 rye                175.8916      4.0164188E-02  2.2834627E-04
        2023          10 orcd              0.0000000E+00  0.0000000E+00  0.0000000E+00
