 april24                   SWAT+ Apr 12 2023       MODULAR Rev 2023.60.5.6                                
       year     plant_no   plant_name       harv_area(ha)    yld(t)         yld(t/ha)      
        2015           1 wetm              0.0000000E+00  0.0000000E+00  0.0000000E+00
        2015           2 rice               2468.070       23474.09       9.511111    
        2016           1 wetm              0.0000000E+00  0.0000000E+00  0.0000000E+00
        2016           2 rice               2468.070       23314.16       9.446310    
        2017           1 wetm              0.0000000E+00  0.0000000E+00  0.0000000E+00
        2017           2 rice               2468.070       22474.57       9.106131    
        2018           1 wetm              0.0000000E+00  0.0000000E+00  0.0000000E+00
        2018           2 rice               2468.070       22855.96       9.260659    
        2019           1 wetm              0.0000000E+00  0.0000000E+00  0.0000000E+00
        2019           2 rice               2468.070       22894.12       9.276122    
        2020           1 wetm              0.0000000E+00  0.0000000E+00  0.0000000E+00
        2020           2 rice               2468.070       23210.78       9.404426    
        2021           1 wetm              0.0000000E+00  0.0000000E+00  0.0000000E+00
        2021           2 rice               2468.070       23027.71       9.330250    
        2022           1 wetm              0.0000000E+00  0.0000000E+00  0.0000000E+00
        2022           2 rice               2468.070       6222.168       2.521066    
        2023           1 wetm              0.0000000E+00  0.0000000E+00  0.0000000E+00
        2023           2 rice               2468.070       21886.94       8.868039    
