 april24                   SWAT+ Apr 12 2023       MODULAR Rev 2023.60.5.6                                
   jday   mon   day    yr   unit  gis_id  name                     lai       bioms       yield     residue     sol_tmp       strsw       strsa     strstmp       strsn       strsp        nplt       percn       pplnt         tmx         tmn       tmpav     solarad      wndspd        rhum     phubas0     lai_max      bm_max     bm_grow       c_gro
                                                             m**2/m**2        kgha        kgha        kgha        degc         ---         ---         ---         ---         ---        kgha        kgha        kgha        degc        degc        degc      mj/m^2         m/s        frac        degc   m**2/m**2       kg/ha       kg/ha       kg/ha
   366    12    31  2016       1       1  april24                0.560    5528.146    2913.059     927.062      14.694       7.866       0.000      10.735       0.000       0.000       0.000       0.276       0.000      23.370      12.676      18.023      16.647       1.547       0.687       0.938       0.000       0.000       0.000       0.000
   365    12    31  2017       1       1  april24                0.609    6532.826    2557.186    1118.959      14.378       6.983       0.000       8.849       0.000       0.000       0.000       0.672       0.000      23.482      12.062      17.772      17.582       1.565       0.685       0.919       0.000       0.000       0.000       0.000
   365    12    31  2018       1       1  april24                0.527    7539.359    2825.559    1352.521      13.040       6.579       0.000      16.570       0.000       0.000       0.000       0.713       0.000      21.514       8.642      15.078      15.874       2.162       0.681       0.768       0.000       0.000       0.000       0.000
   365    12    31  2019       1       1  april24                0.523    8396.197    2753.894    1561.500      13.202       7.970       0.000      19.097       0.000       0.000       0.000       0.793       0.000      22.150       7.950      15.050      17.222       2.180       0.667       0.754       0.000       0.000       0.000       0.000
   366    12    31  2020       1       1  april24                0.561    9923.367    2917.522    1862.403      13.289       3.588       0.000      15.611       0.000       0.000       0.000       1.200       0.000      21.653       8.727      15.190      16.178       1.961       0.729       0.790       0.000       0.000       0.000       0.000
   365    12    31  2021       1       1  april24                0.559    9836.389    3084.369    2283.809      13.027       5.294       0.000      17.935       0.000       0.005       0.000       0.761       0.000      21.365       8.217      14.791      16.635       2.074       0.755       0.762       0.000       0.000       0.000       0.000
   365    12    31  2022       1       1  april24                0.597    9809.422    2685.476    2213.773      13.570       7.506       0.000      10.670       0.000       0.005       0.000       0.337       0.000      22.952       9.256      16.104      16.465       1.878       0.709       0.798       0.000       0.000       0.000       0.000
