 april24                   SWAT+ Apr 12 2023       MODULAR Rev 2023.60.5.6                                
   jday   mon   day    yr   unit  gis_id  name                    flo_in          geo_bf         flo_out           peakr         sed_in        sed_out         washld          bedld            dep        deg_btm       deg_bank         hc_sed          width          depth          slope        deg_btm       deg_bank         hc_len      flo_in_mm       aqu_in_mm      flo_out_mm        sed_stor 
                                                                         m^3/s   
   366    12    31  2016         1     1  april24               0.1192E+04     0.0000E+00     0.1189E+04     0.1897E+04     0.9718E+03     0.1594E+04     0.4859E+03     0.0000E+00     0.4627E+03     0.1107E+04     0.1598E+01     0.0000E+00     0.4823E+01     0.3132E+00     0.1850E-02     0.1264E+02     0.1131E+01     0.0000E+00     0.7635E+05     0.0000E+00     0.7590E+05     0.9278E+03
   365    12    31  2017         1     1  april24               0.1228E+04     0.0000E+00     0.1224E+04     0.1961E+04     0.1011E+04     0.1635E+04     0.5053E+03     0.0000E+00     0.4819E+03     0.1128E+04     0.1603E+01     0.0000E+00     0.4823E+01     0.3132E+00     0.1850E-02     0.1331E+02     0.8567E+00     0.0000E+00     0.7956E+05     0.0000E+00     0.7902E+05     0.1036E+04
   365    12    31  2018         1     1  april24               0.1260E+04     0.0000E+00     0.1256E+04     0.2011E+04     0.1038E+04     0.1663E+04     0.5188E+03     0.0000E+00     0.4944E+03     0.1143E+04     0.1670E+01     0.0000E+00     0.4823E+01     0.3132E+00     0.1850E-02     0.1331E+02     0.8461E+00     0.0000E+00     0.8142E+05     0.0000E+00     0.8088E+05     0.1084E+04
   365    12    31  2019         1     1  april24               0.1169E+04     0.0000E+00     0.1165E+04     0.1863E+04     0.9382E+03     0.1545E+04     0.4691E+03     0.0000E+00     0.4467E+03     0.1074E+04     0.1384E+01     0.0000E+00     0.4823E+01     0.3132E+00     0.1850E-02     0.1215E+02     0.6649E+00     0.0000E+00     0.7528E+05     0.0000E+00     0.7481E+05     0.9777E+03
   366    12    31  2020         1     1  april24               0.1287E+04     0.0000E+00     0.1283E+04     0.2059E+04     0.1070E+04     0.1717E+04     0.5351E+03     0.0000E+00     0.5101E+03     0.1180E+04     0.1570E+01     0.0000E+00     0.4823E+01     0.3132E+00     0.1850E-02     0.1383E+02     0.6337E+00     0.0000E+00     0.8385E+05     0.0000E+00     0.8328E+05     0.1118E+04
   365    12    31  2021         1     1  april24               0.1187E+04     0.0000E+00     0.1183E+04     0.1895E+04     0.9728E+03     0.1610E+04     0.4864E+03     0.0000E+00     0.4630E+03     0.1122E+04     0.1356E+01     0.0000E+00     0.4823E+01     0.3132E+00     0.1850E-02     0.1262E+02     0.5586E+00     0.0000E+00     0.7683E+05     0.0000E+00     0.7634E+05     0.9157E+03
   365    12    31  2022         1     1  april24               0.1190E+04     0.0000E+00     0.1187E+04     0.1893E+04     0.1027E+04     0.1672E+04     0.5137E+03     0.0000E+00     0.4878E+03     0.1157E+04     0.1346E+01     0.0000E+00     0.4823E+01     0.3132E+00     0.1850E-02     0.1321E+02     0.5634E+00     0.0000E+00     0.7615E+05     0.0000E+00     0.7573E+05     0.1065E+04
