 april24                   SWAT+ Apr 12 2023       MODULAR Rev 2023.60.5.6                                
   jday   mon   day    yr   unit  gis_id  name                       flo          dep_wt            stor          rchrg           seep          revap         no3_st           minp           orgn           orgp       no3_rchg       no3_loss        no3_lat       no3_seep        flo_cha        flo_res         flo_ls
                                                                       mm              m              mm             mm             mm             mm        kg/ha_N        kg/ha_P        kg/ha_N        kg/ha_P        kg/ha_N        kg/ha_N        kg/ha_N        kg/ha_N             mm             mm             mm
   366    12    31  2016         1     1  april24                   0.000         23.720       2713.923          0.294          0.014         23.618          0.029          0.000          0.500          0.000          0.276          0.252          0.000          0.000          0.000          0.000          0.000
   365    12    31  2017         1     1  april24                   0.000         24.184       2690.720          0.710          0.034         24.021          0.077          0.000          0.500          0.000          0.672          0.656          0.000          0.000          0.000          0.000          0.000
   365    12    31  2018         1     1  april24                   0.000         24.658       2666.983          0.960          0.046         25.303          0.076          0.000          0.500          0.000          0.713          0.653          0.000          0.000          0.000          0.000          0.000
   365    12    31  2019         1     1  april24                   0.000         24.976       2651.125          1.544          0.074          6.050          0.099          0.000          0.500          0.000          0.794          0.844          0.000          0.000          0.000          0.000          0.000
   366    12    31  2020         1     1  april24                   0.000         24.995       2650.137          2.016          0.096          1.843          0.138          0.000          0.500          0.000          1.200          1.180          0.000          0.000          0.000          0.000          0.000
   365    12    31  2021         1     1  april24                   0.000         24.992       2650.209          2.246          0.107          2.033          0.095          0.000          0.500          0.000          0.761          0.805          0.000          0.000          0.000          0.000          0.000
   365    12    31  2022         1     1  april24                   0.000         24.989       2650.289          1.865          0.089          1.698          0.039          0.000          0.500          0.000          0.337          0.335          0.000          0.000          0.000          0.000          0.000
