 april24                   SWAT+ Apr 12 2023       MODULAR Rev 2023.60.5.6                                
   jday   mon   day    yr   unit  gis_id  name                    flo_in          geo_bf         flo_out           peakr         sed_in        sed_out         washld          bedld            dep        deg_btm       deg_bank         hc_sed          width          depth          slope        deg_btm       deg_bank         hc_len      flo_in_mm       aqu_in_mm      flo_out_mm        sed_stor 
                                                                         m^3/s   
   365    12    31  2023       1       1  cha01                0.2381E-02     0.0000E+00     0.2138E-02     0.1109E-01     0.1810E-01     0.9055E-02     0.9049E-02     0.0000E+00     0.9048E-02     0.0000E+00     0.5781E-05     0.0000E+00     0.2692E+00     0.4574E-01     0.1000E-04     0.0000E+00     0.4311E-04     0.0000E+00     0.1019E+04     0.0000E+00     0.9156E+03     0.1045E-04
   365    12    31  2023       2       2  cha02                0.4839E-01     0.0000E+00     0.4839E-01     0.8504E-01     0.2683E-01     0.1346E-01     0.1342E-01     0.0000E+00     0.1337E-01     0.0000E+00     0.4587E-04     0.0000E+00     0.1863E+01     0.1661E+00     0.1000E-04     0.0000E+00     0.3075E-04     0.0000E+00     0.8245E+03     0.0000E+00     0.8245E+03     0.1202E-05
   365    12    31  2023       3       3  cha03                0.1482E+00     0.0000E+00     0.1482E+00     0.1482E+00     0.2745E+02     0.1387E+02     0.1373E+02     0.0000E+00     0.1362E+02     0.0000E+00     0.1379E+00     0.0000E+00     0.3588E+01     0.2571E+00     0.8100E-03     0.0000E+00     0.3245E-01     0.0000E+00     0.8468E+03     0.0000E+00     0.8468E+03     0.5534E-02
   365    12    31  2023       4       4  cha04                0.4006E-05     0.0000E+00     0.3778E-05     0.1994E-04     0.9659E-02     0.4831E-02     0.4830E-02     0.0000E+00     0.4829E-02     0.0000E+00     0.1426E-05     0.0000E+00     0.5007E-01     0.1490E-01     0.1000E-04     0.0000E+00     0.3831E-04     0.0000E+00     0.2831E+02     0.0000E+00     0.2669E+02     0.1046E-04
   365    12    31  2023       5       5  cha05                0.2428E-02     0.0000E+00     0.2374E-02     0.1131E-01     0.2498E-01     0.4774E+01     0.1249E-01     0.0000E+00     0.4203E-02     0.4752E+01     0.9699E-02     0.0000E+00     0.2681E+00     0.5156E+00     0.3290E-02     0.5479E-01     0.3003E-01     0.0000E+00     0.1047E+04     0.0000E+00     0.1023E+04     0.1120E-02
   365    12    31  2023       6       6  cha06                0.2640E-02     0.0000E+00     0.2580E-02     0.1222E-01     0.2573E-01     0.8401E+00     0.1287E-01     0.0000E+00     0.9173E-02     0.8202E+00     0.7030E-02     0.0000E+00     0.2840E+00     0.8994E-01     0.1470E-02     0.4973E-02     0.3300E-01     0.0000E+00     0.1034E+04     0.0000E+00     0.1011E+04     0.1729E-03
   365    12    31  2023       7       7  cha07                0.3552E-02     0.0000E+00     0.3474E-02     0.1600E-01     0.2653E-01     0.9016E+00     0.1327E-01     0.0000E+00     0.9186E-02     0.8812E+00     0.7136E-02     0.0000E+00     0.3436E+00     0.8311E-01     0.1340E-02     0.3444E-02     0.3135E-01     0.0000E+00     0.1013E+04     0.0000E+00     0.9903E+03     0.2288E-03
   365    12    31  2023       8       8  cha08                0.5283E-02     0.0000E+00     0.5164E-02     0.2271E-01     0.2611E-01     0.4020E+00     0.1306E-01     0.0000E+00     0.9500E-02     0.3847E+00     0.4303E-02     0.0000E+00     0.4344E+00     0.6923E-01     0.9500E-03     0.7700E-03     0.1940E-01     0.0000E+00     0.1019E+04     0.0000E+00     0.9961E+03     0.1599E-03
   365    12    31  2023       9       9  cha09                0.9920E-02     0.0000E+00     0.9869E-02     0.3784E-01     0.2375E-01     0.1270E+01     0.1187E-01     0.0000E+00     0.6109E-02     0.1245E+01     0.1259E-01     0.0000E+00     0.6398E+00     0.1055E+00     0.1330E-02     0.2936E-02     0.3173E-01     0.0000E+00     0.1004E+04     0.0000E+00     0.9985E+03     0.2535E-03
   365    12    31  2023      10      10  cha10                0.9450E-03     0.0000E+00     0.9300E-03     0.4591E-02     0.1622E-01     0.3620E+00     0.8109E-02     0.0000E+00     0.5836E-02     0.3438E+00     0.1015E-01     0.0000E+00     0.1549E+00     0.1802E+00     0.1770E-02     0.1787E-01     0.6990E-01     0.0000E+00     0.1017E+04     0.0000E+00     0.1000E+04     0.3842E-04
   365    12    31  2023      11      11  cha11                0.2298E-01     0.0000E+00     0.2295E-01     0.6308E-01     0.2166E-01     0.1267E-01     0.1083E-01     0.0000E+00     0.1000E-01     0.0000E+00     0.1839E-02     0.0000E+00     0.1147E+01     0.1202E+00     0.2300E-03     0.0000E+00     0.2413E-02     0.0000E+00     0.8795E+03     0.0000E+00     0.8783E+03     0.1141E-03
   365    12    31  2023      12      12  cha12                0.4396E-02     0.0000E+00     0.4393E-02     0.1937E-01     0.2292E-01     0.8793E+02     0.1146E-01     0.0000E+00     0.6227E-03     0.8791E+02     0.0000E+00     0.0000E+00     0.3872E+00     0.2412E+02     0.1093E-01     0.2708E+01     0.0000E+00     0.0000E+00     0.1027E+04     0.0000E+00     0.1026E+04     0.1955E-02
   365    12    31  2023      13      13  cha13                0.1913E-01     0.0000E+00     0.1911E-01     0.5796E-01     0.1901E-01     0.9510E-02     0.9504E-02     0.0000E+00     0.9499E-02     0.0000E+00     0.5938E-05     0.0000E+00     0.9967E+00     0.1095E+00     0.1000E-04     0.0000E+00     0.9953E-05     0.0000E+00     0.9246E+03     0.0000E+00     0.9236E+03     0.1239E-05
   365    12    31  2023      14      14  cha14                0.1292E-01     0.0000E+00     0.1280E-01     0.4530E-01     0.1588E-01     0.7939E-02     0.7938E-02     0.0000E+00     0.7938E-02     0.0000E+00     0.7247E-06     0.0000E+00     0.7731E+00     0.9240E-01     0.1000E-04     0.0000E+00     0.2356E-05     0.0000E+00     0.9536E+03     0.0000E+00     0.9448E+03     0.3633E-05
   365    12    31  2023      15      15  cha15                0.4741E-02     0.0000E+00     0.4652E-02     0.2022E-01     0.2100E-01     0.1050E-01     0.1050E-01     0.0000E+00     0.1050E-01     0.0000E+00     0.1613E-05     0.0000E+00     0.4494E+00     0.6436E-01     0.1000E-04     0.0000E+00     0.7795E-05     0.0000E+00     0.8642E+03     0.0000E+00     0.8481E+03     0.3986E-05
   365    12    31  2023      16      16  cha16                0.1020E-01     0.0000E+00     0.1016E-01     0.3700E-01     0.1521E-01     0.7477E-02     0.7476E-02     0.0000E+00     0.7476E-02     0.0000E+00     0.7468E-06     0.0000E+00     0.7196E+00     0.8809E-01     0.1000E-04     0.0000E+00     0.2510E-05     0.0000E+00     0.8482E+03     0.0000E+00     0.8451E+03     0.1107E-04
   365    12    31  2023      17      17  cha17                0.1840E-01     0.0000E+00     0.1840E-01     0.5662E-01     0.2075E-01     0.4797E+01     0.1038E-01     0.0000E+00     0.4892E-02     0.4770E+01     0.1692E-01     0.0000E+00     0.9730E+00     0.7174E+00     0.2340E-02     0.7485E-01     0.2158E-01     0.0000E+00     0.9256E+03     0.0000E+00     0.9255E+03     0.1122E-03
   365    12    31  2023      18      18  cha18                0.3189E-01     0.0000E+00     0.3189E-01     0.7420E-01     0.1930E-01     0.2182E+01     0.9650E-02     0.0000E+00     0.3410E-02     0.2112E+01     0.6008E-01     0.0000E+00     0.1402E+01     0.2215E+00     0.1800E-02     0.1047E-01     0.4417E-01     0.0000E+00     0.8725E+03     0.0000E+00     0.8725E+03     0.1040E-03
   365    12    31  2023      19      19  cha19                0.1650E-02     0.0000E+00     0.1608E-02     0.7883E-02     0.1653E-01     0.8267E-02     0.8265E-02     0.0000E+00     0.8265E-02     0.0000E+00     0.2204E-05     0.0000E+00     0.2056E+00     0.3821E-01     0.1000E-04     0.0000E+00     0.2170E-04     0.0000E+00     0.1108E+04     0.0000E+00     0.1079E+04     0.1961E-05
   365    12    31  2023      20      20  cha20                0.1340E-01     0.0000E+00     0.1323E-01     0.4649E-01     0.1655E-01     0.8274E-02     0.8273E-02     0.0000E+00     0.8273E-02     0.0000E+00     0.7593E-06     0.0000E+00     0.7899E+00     0.9374E-01     0.1000E-04     0.0000E+00     0.2382E-05     0.0000E+00     0.9543E+03     0.0000E+00     0.9421E+03     0.7604E-05
   365    12    31  2023      21      21  cha21                0.4173E-01     0.0000E+00     0.4173E-01     0.8356E-01     0.2347E-01     0.1174E-01     0.1174E-01     0.0000E+00     0.1173E-01     0.0000E+00     0.3998E-05     0.0000E+00     0.1643E+01     0.1528E+00     0.1000E-04     0.0000E+00     0.3655E-05     0.0000E+00     0.8764E+03     0.0000E+00     0.8764E+03     0.4564E-05
   365    12    31  2023      22      22  cha22                0.1822E-02     0.0000E+00     0.1800E-02     0.8646E-02     0.1443E-01     0.1144E+00     0.7215E-02     0.0000E+00     0.6324E-02     0.1061E+00     0.1155E-02     0.0000E+00     0.2225E+00     0.6295E-01     0.7900E-03     0.2700E-02     0.7841E-02     0.0000E+00     0.1071E+04     0.0000E+00     0.1059E+04     0.9275E-05
   365    12    31  2023      23      23  cha23                0.4035E-02     0.0000E+00     0.4035E-02     0.1786E-01     0.1732E-01     0.9272E-02     0.8658E-02     0.0000E+00     0.8528E-02     0.0000E+00     0.6139E-03     0.0000E+00     0.3784E+00     0.5739E-01     0.2500E-03     0.0000E+00     0.3134E-02     0.0000E+00     0.9799E+03     0.0000E+00     0.9799E+03     0.1561E-04
   365    12    31  2023      24      24  cha24                0.1804E-02     0.0000E+00     0.1791E-02     0.8440E-02     0.1443E-01     0.2832E+01     0.7213E-02     0.0000E+00     0.3285E-02     0.2825E+01     0.3044E-06     0.0000E+00     0.2593E+00     0.1042E+01     0.2280E-02     0.1115E+00     0.1582E-05     0.0000E+00     0.8225E+03     0.0000E+00     0.8163E+03     0.2922E-03
   365    12    31  2023      25      25  cha25                0.6885E-02     0.0000E+00     0.6873E-02     0.2813E-01     0.2134E-01     0.5946E+00     0.1067E-01     0.0000E+00     0.7394E-02     0.5768E+00     0.7124E-02     0.0000E+00     0.5253E+00     0.1401E+00     0.1040E-02     0.8401E-02     0.1747E-01     0.0000E+00     0.9675E+03     0.0000E+00     0.9658E+03     0.2536E-04
   365    12    31  2023      26      26  cha26                0.3555E-02     0.0000E+00     0.3554E-02     0.1608E-01     0.1501E-01     0.7508E-02     0.7505E-02     0.0000E+00     0.7505E-02     0.0000E+00     0.3798E-05     0.0000E+00     0.3337E+00     0.5278E-01     0.1000E-04     0.0000E+00     0.2370E-04     0.0000E+00     0.1064E+04     0.0000E+00     0.1064E+04     0.1540E-04
   365    12    31  2023      27      27  cha27                0.4077E-02     0.0000E+00     0.4078E-02     0.1816E-01     0.1540E-01     0.7657E-02     0.7655E-02     0.0000E+00     0.7655E-02     0.0000E+00     0.1995E-05     0.0000E+00     0.3664E+00     0.5617E-01     0.1000E-04     0.0000E+00     0.1144E-04     0.0000E+00     0.1044E+04     0.0000E+00     0.1045E+04     0.2638E-04
   365    12    31  2023      28      28  cha28                0.1537E-01     0.0000E+00     0.1536E-01     0.5111E-01     0.2196E-01     0.5440E+01     0.1098E-01     0.0000E+00     0.4613E-02     0.5399E+01     0.2965E-01     0.0000E+00     0.8548E+00     0.2963E+00     0.2410E-02     0.2391E-01     0.3249E-01     0.0000E+00     0.9594E+03     0.0000E+00     0.9586E+03     0.4160E-03
   365    12    31  2023      29      29  cha29                0.4334E-02     0.0000E+00     0.4277E-02     0.1899E-01     0.2623E-01     0.1312E-01     0.1311E-01     0.0000E+00     0.1311E-01     0.0000E+00     0.4378E-05     0.0000E+00     0.3988E+00     0.5944E-01     0.1000E-04     0.0000E+00     0.2233E-04     0.0000E+00     0.9638E+03     0.0000E+00     0.9511E+03     0.3630E-05
   365    12    31  2023      30      30  cha30                0.1336E-01     0.0000E+00     0.1328E-01     0.4645E-01     0.1538E-01     0.7689E-02     0.7688E-02     0.0000E+00     0.7688E-02     0.0000E+00     0.7542E-06     0.0000E+00     0.7861E+00     0.9344E-01     0.1000E-04     0.0000E+00     0.2384E-05     0.0000E+00     0.9588E+03     0.0000E+00     0.9531E+03     0.2597E-05
   365    12    31  2023      31      31  cha31                0.1021E-01     0.0000E+00     0.1021E-01     0.3701E-01     0.1483E-01     0.7241E-02     0.7240E-02     0.0000E+00     0.7240E-02     0.0000E+00     0.7485E-06     0.0000E+00     0.7209E+00     0.8820E-01     0.1000E-04     0.0000E+00     0.2507E-05     0.0000E+00     0.8466E+03     0.0000E+00     0.8467E+03     0.3152E-04
   365    12    31  2023      32      32  cha32                0.5090E-02     0.0000E+00     0.5090E-02     0.2146E-01     0.1611E-01     0.4404E+01     0.7889E-02     0.0000E+00     0.5059E-02     0.4395E+01     0.4635E-03     0.0000E+00     0.4701E+00     0.1033E+01     0.1960E-02     0.1127E+00     0.1048E-02     0.0000E+00     0.8608E+03     0.0000E+00     0.8608E+03     0.2614E-03
   365    12    31  2023      33      33  cha33                0.4306E-01     0.0000E+00     0.4306E-01     0.8569E-01     0.1666E+01     0.8329E+00     0.8328E+00     0.0000E+00     0.8327E+00     0.0000E+00     0.1308E-03     0.0000E+00     0.1654E+01     0.1534E+00     0.1000E-04     0.0000E+00     0.1021E-03     0.0000E+00     0.8950E+03     0.0000E+00     0.8950E+03     0.7959E-03
   365    12    31  2023      34      34  cha34                0.8002E-02     0.0000E+00     0.7986E-02     0.3203E-01     0.2065E-01     0.1042E-01     0.1033E-01     0.0000E+00     0.1028E-01     0.0000E+00     0.8868E-04     0.0000E+00     0.5604E+00     0.7457E-01     0.7000E-04     0.0000E+00     0.3108E-03     0.0000E+00     0.1010E+04     0.0000E+00     0.1008E+04     0.8962E-06
   365    12    31  2023      35      35  cha35                0.4498E-05     0.0000E+00     0.4493E-05     0.2238E-04     0.4182E-02     0.2127E-02     0.2091E-02     0.0000E+00     0.2064E-02     0.0000E+00     0.3630E-04     0.0000E+00     0.5370E-01     0.1561E-01     0.4300E-03     0.0000E+00     0.9609E-03     0.0000E+00     0.2828E+02     0.0000E+00     0.2825E+02     0.3307E-06
   365    12    31  2023      36      36  cha36                0.9436E-01     0.0000E+00     0.9436E-01     0.1039E+00     0.5442E+02     0.2740E+02     0.2721E+02     0.0000E+00     0.2705E+02     0.0000E+00     0.1903E+00     0.0000E+00     0.2756E+01     0.2156E+00     0.1810E-02     0.0000E+00     0.6743E-01     0.0000E+00     0.8373E+03     0.0000E+00     0.8373E+03     0.1031E-01
   365    12    31  2023      37      37  cha37                0.8073E-02     0.0000E+00     0.6655E-02     0.2995E-01     0.3561E-01     0.1781E-01     0.1780E-01     0.0000E+00     0.1779E-01     0.0000E+00     0.1067E-04     0.0000E+00     0.6845E+00     0.8520E-01     0.1000E-04     0.0000E+00     0.2888E-04     0.0000E+00     0.7298E+03     0.0000E+00     0.6016E+03     0.4633E-03
   365    12    31  2023      38      38  cha38                0.1437E-04     0.0000E+00     0.1328E-04     0.7070E-04     0.6189E-02     0.3097E-02     0.3095E-02     0.0000E+00     0.3094E-02     0.0000E+00     0.2284E-05     0.0000E+00     0.1078E+00     0.2485E-01     0.1000E-04     0.0000E+00     0.4063E-04     0.0000E+00     0.2827E+02     0.0000E+00     0.2613E+02     0.1708E-04
   365    12    31  2023      39      39  cha39                0.2191E-01     0.0000E+00     0.2191E-01     0.5984E-01     0.3323E+02     0.9275E+02     0.1661E+02     0.0000E+00     0.3604E+01     0.7614E+02     0.0000E+00     0.0000E+00     0.1154E+01     0.1845E+02     0.7440E-02     0.2030E+01     0.0000E+00     0.0000E+00     0.8292E+03     0.0000E+00     0.8292E+03     0.8375E-03
   365    12    31  2023      40      40  cha40                0.1446E-01     0.0000E+00     0.1445E-01     0.4906E-01     0.6307E+02     0.3154E+02     0.3153E+02     0.0000E+00     0.3153E+02     0.0000E+00     0.2172E-02     0.0000E+00     0.8244E+00     0.9645E-01     0.2900E-03     0.0000E+00     0.4528E-02     0.0000E+00     0.9590E+03     0.0000E+00     0.9583E+03     0.9772E-02
   365    12    31  2023      41      41  cha41                0.5828E-02     0.0000E+00     0.5821E-02     0.2442E-01     0.3079E+01     0.1540E+01     0.1540E+01     0.0000E+00     0.1540E+01     0.0000E+00     0.1675E-04     0.0000E+00     0.4814E+00     0.6739E-01     0.1000E-04     0.0000E+00     0.7193E-04     0.0000E+00     0.9472E+03     0.0000E+00     0.9460E+03     0.4862E-03
   365    12    31  2023      42      42  cha42                0.8639E-02     0.0000E+00     0.8637E-02     0.3389E-01     0.1279E+01     0.6154E+02     0.6396E+00     0.0000E+00     0.9444E-02     0.6090E+02     0.0000E+00     0.0000E+00     0.5938E+00     0.1203E+02     0.6410E-02     0.1334E+01     0.0000E+00     0.0000E+00     0.9897E+03     0.0000E+00     0.9895E+03     0.1829E-02
   365    12    31  2023      43      43  cha43                0.3261E-02     0.0000E+00     0.3247E-02     0.1467E-01     0.4556E+01     0.2278E+01     0.2278E+01     0.0000E+00     0.2278E+01     0.0000E+00     0.1255E-04     0.0000E+00     0.3458E+00     0.5404E-01     0.1000E-04     0.0000E+00     0.7787E-04     0.0000E+00     0.9200E+03     0.0000E+00     0.9161E+03     0.8837E-03
   365    12    31  2023      44      44  cha44                0.9372E-03     0.0000E+00     0.8849E-03     0.4522E-02     0.8059E-02     0.4036E-02     0.4030E-02     0.0000E+00     0.4026E-02     0.0000E+00     0.6062E-05     0.0000E+00     0.1766E+00     0.3453E-01     0.1000E-04     0.0000E+00     0.6845E-04     0.0000E+00     0.8106E+03     0.0000E+00     0.7653E+03     0.1631E-04
   365    12    31  2023      45      45  cha45                0.9424E-03     0.0000E+00     0.9307E-03     0.4579E-02     0.1345E-01     0.6731E-02     0.6726E-02     0.0000E+00     0.6725E-02     0.0000E+00     0.5123E-05     0.0000E+00     0.1546E+00     0.3160E-01     0.1000E-04     0.0000E+00     0.5920E-04     0.0000E+00     0.1017E+04     0.0000E+00     0.1005E+04     0.7583E-06
   365    12    31  2023      46      46  cha46                0.4456E-02     0.0000E+00     0.3508E-02     0.1849E-01     0.8790E+02     0.4395E+02     0.4395E+02     0.0000E+00     0.4395E+02     0.0000E+00     0.8828E-05     0.0000E+00     0.4989E+00     0.6900E-01     0.1000E-04     0.0000E+00     0.3567E-04     0.0000E+00     0.6825E+03     0.0000E+00     0.5373E+03     0.8407E+00
   365    12    31  2023      47      47  cha47                0.6956E-04     0.0000E+00     0.4566E-04     0.3228E-03     0.3180E-01     0.1590E-01     0.1590E-01     0.0000E+00     0.1590E-01     0.0000E+00     0.4175E-05     0.0000E+00     0.2778E+00     0.4670E-01     0.1000E-04     0.0000E+00     0.3333E-04     0.0000E+00     0.2827E+02     0.0000E+00     0.1856E+02     0.4291E-03
   365    12    31  2023      48      48  cha48                0.1917E-01     0.0000E+00     0.1916E-01     0.5495E-01     0.6875E-01     0.2777E+01     0.3437E-01     0.0000E+00     0.1313E-01     0.2695E+01     0.4801E-01     0.0000E+00     0.1081E+01     0.1547E+00     0.2070E-02     0.4858E-02     0.5830E-01     0.0000E+00     0.8096E+03     0.0000E+00     0.8089E+03     0.4067E-03
   365    12    31  2023      49      49  cha49                0.1674E+00     0.0000E+00     0.1674E+00     0.1674E+00     0.1667E+02     0.8336E+01     0.8335E+01     0.0000E+00     0.8335E+01     0.0000E+00     0.3176E-03     0.0000E+00     0.3875E+01     0.2707E+00     0.1000E-04     0.0000E+00     0.6594E-04     0.0000E+00     0.8413E+03     0.0000E+00     0.8413E+03     0.1132E-01
   365    12    31  2023      50      50  cha50                0.1802E+00     0.0000E+00     0.1802E+00     0.1802E+00     0.8382E+01     0.4195E+01     0.4191E+01     0.0000E+00     0.4187E+01     0.0000E+00     0.3996E-02     0.0000E+00     0.4035E+01     0.2781E+00     0.5000E-04     0.0000E+00     0.7629E-03     0.0000E+00     0.8466E+03     0.0000E+00     0.8466E+03     0.8575E-02
   365    12    31  2023      51      51  cha51                0.2146E+00     0.0000E+00     0.2146E+00     0.2146E+00     0.4886E+01     0.2447E+01     0.2443E+01     0.0000E+00     0.2439E+01     0.0000E+00     0.4211E-02     0.0000E+00     0.4513E+01     0.2996E+00     0.4000E-04     0.0000E+00     0.6739E-03     0.0000E+00     0.8371E+03     0.0000E+00     0.8371E+03     0.5130E-02
   365    12    31  2023      52      52  cha52                0.3360E-01     0.0000E+00     0.3360E-01     0.7859E-01     0.9323E+00     0.4662E+00     0.4661E+00     0.0000E+00     0.4660E+00     0.0000E+00     0.9018E-04     0.0000E+00     0.1394E+01     0.1369E+00     0.1000E-04     0.0000E+00     0.9134E-04     0.0000E+00     0.9286E+03     0.0000E+00     0.9286E+03     0.6476E-04
   365    12    31  2023      53      53  cha53                0.2952E-01     0.0000E+00     0.2952E-01     0.7329E-01     0.1658E+01     0.9240E+00     0.8288E+00     0.0000E+00     0.7440E+00     0.7146E-01     0.2382E-01     0.0000E+00     0.1301E+01     0.1316E+00     0.9100E-03     0.1022E-03     0.2678E-01     0.0000E+00     0.9152E+03     0.0000E+00     0.9152E+03     0.2845E-03
   365    12    31  2023      54      54  cha54                0.2548E-01     0.0000E+00     0.2548E-01     0.6794E-01     0.3294E+01     0.1647E+01     0.1647E+01     0.0000E+00     0.1647E+01     0.0000E+00     0.7141E-04     0.0000E+00     0.1191E+01     0.1233E+00     0.1000E-04     0.0000E+00     0.9041E-04     0.0000E+00     0.9153E+03     0.0000E+00     0.9153E+03     0.4137E-02
   365    12    31  2023      55      55  cha55                0.2193E-01     0.0000E+00     0.2191E-01     0.6239E-01     0.6573E+01     0.3286E+01     0.3286E+01     0.0000E+00     0.3286E+01     0.0000E+00     0.4051E-04     0.0000E+00     0.1092E+01     0.1163E+00     0.1000E-04     0.0000E+00     0.5903E-04     0.0000E+00     0.9103E+03     0.0000E+00     0.9095E+03     0.3474E-02
   365    12    31  2023      56      56  cha56                0.2324E-04     0.0000E+00     0.2209E-04     0.1133E-03     0.3190E-02     0.1599E-02     0.1595E-02     0.0000E+00     0.1592E-02     0.0000E+00     0.4017E-05     0.0000E+00     0.1439E+00     0.3013E-01     0.1000E-04     0.0000E+00     0.5608E-04     0.0000E+00     0.2826E+02     0.0000E+00     0.2687E+02     0.1605E-04
   365    12    31  2023      57      57  cha57                0.5573E-01     0.0000E+00     0.5573E-01     0.9218E-01     0.8687E+02     0.4344E+02     0.4344E+02     0.0000E+00     0.4344E+02     0.0000E+00     0.3153E-03     0.0000E+00     0.1969E+01     0.1723E+00     0.1000E-04     0.0000E+00     0.1899E-03     0.0000E+00     0.8662E+03     0.0000E+00     0.8662E+03     0.2869E+00
   365    12    31  2023      58      58  cha58                0.4253E-01     0.0000E+00     0.4243E-01     0.8290E-01     0.1739E+03     0.8694E+02     0.8694E+02     0.0000E+00     0.8694E+02     0.0000E+00     0.8822E-04     0.0000E+00     0.1688E+01     0.1555E+00     0.1000E-04     0.0000E+00     0.6839E-04     0.0000E+00     0.8544E+03     0.0000E+00     0.8525E+03     0.9409E+00
   365    12    31  2023      59      59  cha59                0.1540E-01     0.0000E+00     0.1526E-01     0.4920E-01     0.5449E+01     0.2725E+01     0.2725E+01     0.0000E+00     0.2725E+01     0.0000E+00     0.7613E-05     0.0000E+00     0.9163E+00     0.1035E+00     0.1000E-04     0.0000E+00     0.1484E-04     0.0000E+00     0.8564E+03     0.0000E+00     0.8487E+03     0.5208E-02
   365    12    31  2023      60      60  cha60                0.3822E-01     0.0000E+00     0.3822E-01     0.8004E-01     0.2728E+01     0.1739E+03     0.1364E+01     0.0000E+00     0.4436E-01     0.1725E+03     0.0000E+00     0.0000E+00     0.1570E+01     0.2293E+02     0.7940E-02     0.2476E+01     0.0000E+00     0.0000E+00     0.8660E+03     0.0000E+00     0.8660E+03     0.2235E-02
   365    12    31  2023      61      61  cha61                0.4401E-04     0.0000E+00     0.3579E-04     0.2098E-03     0.1267E-01     0.6336E-02     0.6333E-02     0.0000E+00     0.6330E-02     0.0000E+00     0.3659E-05     0.0000E+00     0.2111E+00     0.3889E-01     0.1000E-04     0.0000E+00     0.3831E-04     0.0000E+00     0.2827E+02     0.0000E+00     0.2299E+02     0.1105E-03
   365    12    31  2023      62      62  cha62                0.9961E-03     0.0000E+00     0.8993E-03     0.4516E-02     0.4712E+00     0.2389E+00     0.2356E+00     0.0000E+00     0.2343E+00     0.0000E+00     0.3277E-02     0.0000E+00     0.3296E+00     0.5234E-01     0.3400E-03     0.0000E+00     0.1922E-01     0.0000E+00     0.3044E+03     0.0000E+00     0.2748E+03     0.1774E-02
   365    12    31  2023      63      63  cha63                0.5384E-01     0.0000E+00     0.5382E-01     0.9131E-01     0.3136E-01     0.1636E-01     0.1568E-01     0.0000E+00     0.1524E-01     0.0000E+00     0.6780E-03     0.0000E+00     0.1925E+01     0.1697E+00     0.7000E-04     0.0000E+00     0.4016E-03     0.0000E+00     0.8688E+03     0.0000E+00     0.8685E+03     0.8191E-03
   365    12    31  2023      64      64  cha64                0.2436E-01     0.0000E+00     0.2405E-01     0.6651E-01     0.3281E+02     0.1640E+02     0.1640E+02     0.0000E+00     0.1640E+02     0.0000E+00     0.5668E-03     0.0000E+00     0.1155E+01     0.1208E+00     0.8000E-04     0.0000E+00     0.7473E-03     0.0000E+00     0.9211E+03     0.0000E+00     0.9093E+03     0.8676E-01
   365    12    31  2023      65      65  cha65                0.3281E-01     0.0000E+00     0.3281E-01     0.7230E-01     0.2421E+01     0.1226E+01     0.1210E+01     0.0000E+00     0.1198E+01     0.0000E+00     0.1568E-01     0.0000E+00     0.1488E+01     0.1430E+00     0.5500E-03     0.0000E+00     0.1380E-01     0.0000E+00     0.8129E+03     0.0000E+00     0.8129E+03     0.5961E-03
   365    12    31  2023      66      66  cha66                0.4598E-01     0.0000E+00     0.4597E-01     0.8555E-01     0.1088E+03     0.5443E+02     0.5442E+02     0.0000E+00     0.5441E+02     0.0000E+00     0.1094E-01     0.0000E+00     0.1766E+01     0.1603E+00     0.3000E-03     0.0000E+00     0.7524E-02     0.0000E+00     0.8567E+03     0.0000E+00     0.8564E+03     0.7679E-01
   365    12    31  2023      67      67  cha67                0.3445E-01     0.0000E+00     0.3446E-01     0.7299E-01     0.1331E+01     0.6657E+00     0.6657E+00     0.0000E+00     0.6656E+00     0.0000E+00     0.5885E-04     0.0000E+00     0.1552E+01     0.1470E+00     0.1000E-04     0.0000E+00     0.5116E-04     0.0000E+00     0.7963E+03     0.0000E+00     0.7965E+03     0.8133E-02
   365    12    31  2023      68      68  cha68                0.6896E-02     0.0000E+00     0.6895E-02     0.2758E-01     0.5960E+00     0.1289E+02     0.2980E+00     0.0000E+00     0.5595E-02     0.1259E+02     0.0000E+00     0.0000E+00     0.5617E+00     0.5137E+01     0.3970E-02     0.5523E+00     0.0000E+00     0.0000E+00     0.8667E+03     0.0000E+00     0.8666E+03     0.2065E-03
   365    12    31  2023      69      69  cha69                0.2013E-01     0.0000E+00     0.2012E-01     0.5930E-01     0.1289E+02     0.6460E+01     0.6447E+01     0.0000E+00     0.6444E+01     0.0000E+00     0.1348E-01     0.0000E+00     0.1039E+01     0.1125E+00     0.1060E-02     0.0000E+00     0.2071E-01     0.0000E+00     0.9075E+03     0.0000E+00     0.9073E+03     0.8431E-03
   365    12    31  2023      70      70  cha70                0.3541E-01     0.0000E+00     0.3541E-01     0.7938E-01     0.3258E+01     0.1650E+01     0.1629E+01     0.0000E+00     0.1616E+01     0.0000E+00     0.2145E-01     0.0000E+00     0.1461E+01     0.1412E+00     0.7400E-03     0.0000E+00     0.2032E-01     0.0000E+00     0.9047E+03     0.0000E+00     0.9047E+03     0.1202E-02
   365    12    31  2023      71      71  cha71                0.6595E-01     0.0000E+00     0.6595E-01     0.9651E-01     0.4341E+02     0.2171E+02     0.2170E+02     0.0000E+00     0.2170E+02     0.0000E+00     0.3903E-03     0.0000E+00     0.2190E+01     0.1850E+00     0.1000E-04     0.0000E+00     0.1984E-03     0.0000E+00     0.8580E+03     0.0000E+00     0.8580E+03     0.1213E+00
   365    12    31  2023      72      72  cha72                0.1090E+00     0.0000E+00     0.1090E+00     0.1105E+00     0.2252E+02     0.1134E+02     0.1126E+02     0.0000E+00     0.1120E+02     0.0000E+00     0.7392E-01     0.0000E+00     0.2933E+01     0.2248E+00     0.5900E-03     0.0000E+00     0.2372E-01     0.0000E+00     0.8717E+03     0.0000E+00     0.8717E+03     0.2899E-02
   365    12    31  2023      73      73  cha73                0.1141E+00     0.0000E+00     0.1141E+00     0.1141E+00     0.1574E+02     0.4698E+03     0.7869E+01     0.0000E+00     0.1768E+01     0.4620E+03     0.0000E+00     0.0000E+00     0.3016E+01     0.1290E+02     0.1029E-01     0.1392E+01     0.0000E+00     0.0000E+00     0.8709E+03     0.0000E+00     0.8709E+03     0.2223E-01
   365    12    31  2023      74      74  cha74                0.2193E+00     0.0000E+00     0.2193E+00     0.2193E+00     0.2506E+01     0.1386E+01     0.1253E+01     0.0000E+00     0.1175E+01     0.0000E+00     0.1333E+00     0.0000E+00     0.4574E+01     0.3023E+00     0.5000E-03     0.0000E+00     0.2099E-01     0.0000E+00     0.8363E+03     0.0000E+00     0.8363E+03     0.1123E-02
   365    12    31  2023      75      75  cha75                0.1119E-01     0.0000E+00     0.1117E-01     0.4079E-01     0.1983E-01     0.1350E+00     0.9916E-02     0.0000E+00     0.6594E-02     0.1207E+00     0.4361E-02     0.0000E+00     0.7118E+00     0.9443E-01     0.5700E-03     0.8684E-03     0.1039E-01     0.0000E+00     0.9474E+03     0.0000E+00     0.9457E+03     0.1053E-04
   365    12    31  2023      76      76  cha76                0.2295E+00     0.0000E+00     0.2295E+00     0.2295E+00     0.1428E+01     0.7153E+00     0.7142E+00     0.0000E+00     0.7132E+00     0.0000E+00     0.1053E-02     0.0000E+00     0.4701E+01     0.3078E+00     0.1000E-04     0.0000E+00     0.1593E-03     0.0000E+00     0.8361E+03     0.0000E+00     0.8361E+03     0.1841E-02
   365    12    31  2023      77      77  cha77                0.2406E+00     0.0000E+00     0.2406E+00     0.2406E+00     0.8633E+00     0.1252E+01     0.4317E+00     0.0000E+00     0.2307E+00     0.4296E-01     0.7777E+00     0.0000E+00     0.4823E+01     0.3134E+00     0.1850E-02     0.2805E-04     0.1127E+00     0.0000E+00     0.8400E+03     0.0000E+00     0.8400E+03     0.3124E-03
