pet.cli  
line2  
line3  
2010 001 3.12
2010 002 1.53
2010 003 1.33
2010 004 0.61
2010 005 0.64
2010 006 1.24
2010 007 0.68
2010 008 1.19
2010 009 2.61
2010 010 1.4
2010 011 0.96
2010 012 1.15
2010 013 1.78
2010 014 2.81
2010 015 2.36
2010 016 2.24
2010 017 1.6
2010 018 0.78
2010 019 0.8
2010 020 2.78
2010 021 1.47
2010 022 1.15
2010 023 0.89
2010 024 0.96
2010 025 0.66
2010 026 1.01
2010 027 0.84
2010 028 1.37
2010 029 2.62
2010 030 3.99
2010 031 3.07
2010 032 1.59
2010 033 1.14
2010 034 1.13
2010 035 0.61
2010 036 2.59
2010 037 3.04
2010 038 1.72
2010 039 1.23
2010 040 2.68
2010 041 2.99
2010 042 2.23
2010 043 1.89
2010 044 0.74
2010 045 1.2
2010 046 0.65
2010 047 0.6
2010 048 2.23
2010 049 1.4
2010 050 2.04
2010 051 2.94
2010 052 1.13
2010 053 2.12
2010 054 3.65
2010 055 4.83
2010 056 3.03
2010 057 3.33
2010 058 1.35
2010 059 2.54
2010 060 3.33
2010 061 1.38
2010 062 1.42
2010 063 3.98
2010 064 1.42
2010 065 1.7
2010 066 1.08
2010 067 1.99
2010 068 2.75
2010 069 2.31
2010 070 2.26
2010 071 1.1
2010 072 2.12
2010 073 2.38
2010 074 2.99
2010 075 2.37
2010 076 2.8
2010 077 1.8
2010 078 1.35
2010 079 3.24
2010 080 1.21
2010 081 2.46
2010 082 1.9
2010 083 1.54
2010 084 2.55
2010 085 4.4
2010 086 4.46
2010 087 3.27
2010 088 4.5
2010 089 5.24
2010 090 4.35
2010 091 4.06
2010 092 3.85
2010 093 3.72
2010 094 4.13
2010 095 2.52
2010 096 2.5
2010 097 2.83
2010 098 3.64
2010 099 3.66
2010 100 3.4
2010 101 4.08
2010 102 3.17
2010 103 1.04
2010 104 0.97
2010 105 2.19
2010 106 1.98
2010 107 1.52
2010 108 2.05
2010 109 3.76
2010 110 3.8
2010 111 3.8
2010 112 1.62
2010 113 2.9
2010 114 4.33
2010 115 3.81
2010 116 4.94
2010 117 4.75
2010 118 4.43
2010 119 4.33
2010 120 3.08
2010 121 4.02
2010 122 4.72
2010 123 1.59
2010 124 3.79
2010 125 3.18
2010 126 5.02
2010 127 3.16
2010 128 5.35
2010 129 4.24
2010 130 5.01
2010 131 4.54
2010 132 4.99
2010 133 5.13
2010 134 3.46
2010 135 5.61
2010 136 5.31
2010 137 4.99
2010 138 5.16
2010 139 5.61
2010 140 5.53
2010 141 5.71
2010 142 5.85
2010 143 5.04
2010 144 6.07
2010 145 5.5
2010 146 5.42
2010 147 4.4
2010 148 4.74
2010 149 5.79
2010 150 6.49
2010 151 6.92
2010 152 6.17
2010 153 5.07
2010 154 4.33
2010 155 5.39
2010 156 4.98
2010 157 3.81
2010 158 5.35
2010 159 6.09
2010 160 3.39
2010 161 6.3
2010 162 6.34
2010 163 4.54
2010 164 5.29
2010 165 3.54
2010 166 3.84
2010 167 4.45
2010 168 5.79
2010 169 5.34
2010 170 5.16
2010 171 6.77
2010 172 5.71
2010 173 5.45
2010 174 5.34
2010 175 5.43
2010 176 5.85
2010 177 5.93
2010 178 5.35
2010 179 5.89
2010 180 6.27
2010 181 6.03
2010 182 6.68
2010 183 5.68
2010 184 4.47
2010 185 2.96
2010 186 6.3
2010 187 6.41
2010 188 6.6
2010 189 6.06
2010 190 6.09
2010 191 5.65
2010 192 6.15
2010 193 5.81
2010 194 5.78
2010 195 6.48
2010 196 5.7
2010 197 5.84
2010 198 5.54
2010 199 6.06
2010 200 5.59
2010 201 5.99
2010 202 5.46
2010 203 5.46
2010 204 2.91
2010 205 5.48
2010 206 6.01
2010 207 5.98
2010 208 6.15
2010 209 6.43
2010 210 5.23
2010 211 5.21
2010 212 5.78
2010 213 5.77
2010 214 5.6
2010 215 4.11
2010 216 5.21
2010 217 5.72
2010 218 5.07
2010 219 5.45
2010 220 5.32
2010 221 5.41
2010 222 4.78
2010 223 5.07
2010 224 4.99
2010 225 1.75
2010 226 4.69
2010 227 3.71
2010 228 3.19
2010 229 3.69
2010 230 5.31
2010 231 2.84
2010 232 4.89
2010 233 5.25
2010 234 5.48
2010 235 6.99
2010 236 7.25
2010 237 5.13
2010 238 5.61
2010 239 7.43
2010 240 3.98
2010 241 4.57
2010 242 4.53
2010 243 4
2010 244 4.1
2010 245 2.85
2010 246 4.54
2010 247 4.71
2010 248 4.95
2010 249 4.82
2010 250 6.27
2010 251 6.44
2010 252 4.55
2010 253 4.44
2010 254 4.07
2010 255 4.05
2010 256 4.17
2010 257 3.46
2010 258 3.98
2010 259 1.8
2010 260 2.58
2010 261 3.83
2010 262 3.22
2010 263 1.42
2010 264 4.13
2010 265 2.95
2010 266 2.01
2010 267 5.45
2010 268 3.72
2010 269 3.49
2010 270 3.2
2010 271 2.51
2010 272 3.32
2010 273 2.99
2010 274 3.3
2010 275 2.7
2010 276 3.29
2010 277 4.61
2010 278 3.32
2010 279 2.8
2010 280 2.47
2010 281 2.67
2010 282 1.72
2010 283 3.45
2010 284 2.53
2010 285 1.2
2010 286 1.65
2010 287 2.64
2010 288 1.89
2010 289 2.29
2010 290 2.24
2010 291 2.06
2010 292 2.04
2010 293 2.11
2010 294 1.94
2010 295 1.96
2010 296 1.94
2010 297 2.89
2010 298 2.71
2010 299 2.14
2010 300 2
2010 301 1.59
2010 302 1.39
2010 303 2.12
2010 304 2.67
2010 305 3.49
2010 306 1.41
2010 307 1.88
2010 308 1.66
2010 309 1.4
2010 310 1.52
2010 311 2.23
2010 312 2.69
2010 313 4.04
2010 314 3.19
2010 315 2.85
2010 316 2.16
2010 317 2.19
2010 318 1.97
2010 319 3.01
2010 320 3.38
2010 321 1.86
2010 322 2.04
2010 323 0.84
2010 324 1.64
2010 325 2.73
2010 326 3.15
2010 327 2.22
2010 328 1.2
2010 329 1.13
2010 330 0.97
2010 331 0.86
2010 332 1.74
2010 333 0.66
2010 334 0.93
2010 335 1.68
2010 336 1.62
2010 337 1.73
2010 338 0.96
2010 339 0.78
2010 340 2.02
2010 341 1.56
2010 342 1.94
2010 343 1.27
2010 344 0.58
2010 345 0.93
2010 346 0.7
2010 347 0.65
2010 348 0.92
2010 349 1.23
2010 350 1.1
2010 351 2.03
2010 352 0.75
2010 353 0.73
2010 354 1.55
2010 355 0.55
2010 356 0.62
2010 357 1.8
2010 358 2.73
2010 359 1.22
2010 360 1.1
2010 361 1.05
2010 362 0.82
2010 363 0.68
2010 364 0.74
2010 365 0.59
2011 001 0.65
2011 002 1.17
2011 003 0.98
2011 004 1.31
2011 005 1.22
2011 006 1.58
2011 007 1.85
2011 008 1.29
2011 009 1.61
2011 010 1.79
2011 011 3.12
2011 012 2.14
2011 013 1.52
2011 014 1.09
2011 015 0.94
2011 016 0.83
2011 017 0.79
2011 018 0.88
2011 019 0.85
2011 020 1.01
2011 021 1.44
2011 022 1.27
2011 023 0.93
2011 024 1.01
2011 025 0.73
2011 026 0.74
2011 027 0.64
2011 028 0.69
2011 029 1.86
2011 030 1.89
2011 031 0.85
2011 032 1.36
2011 033 1.78
2011 034 1.74
2011 035 2.01
2011 036 1.89
2011 037 1.78
2011 038 1.55
2011 039 1.26
2011 040 1.22
2011 041 1.24
2011 042 1.32
2011 043 1.85
2011 044 2.68
2011 045 3.36
2011 046 1.4
2011 047 2.88
2011 048 3.51
2011 049 4.2
2011 050 2.86
2011 051 3.18
2011 052 4.47
2011 053 5.62
2011 054 2.95
2011 055 2.11
2011 056 2.49
2011 057 3.43
2011 058 2.76
2011 059 2.94
2011 060 2.43
2011 061 2.09
2011 062 1.4
2011 063 1.34
2011 064 1.76
2011 065 2.27
2011 066 1.96
2011 067 1.29
2011 068 1.19
2011 069 1.83
2011 070 0.88
2011 071 1.49
2011 072 3.27
2011 073 0.81
2011 074 2.78
2011 075 3.02
2011 076 4.74
2011 077 3.52
2011 078 3.25
2011 079 2.9
2011 080 2.24
2011 081 2.5
2011 082 1.28
2011 083 0.91
2011 084 1.36
2011 085 2.76
2011 086 3.64
2011 087 5.36
2011 088 3.95
2011 089 3.85
2011 090 3.98
2011 091 3.85
2011 092 3.35
2011 093 2.33
2011 094 3.33
2011 095 3.77
2011 096 3.55
2011 097 4.25
2011 098 4.63
2011 099 6.26
2011 100 4.56
2011 101 3.94
2011 102 4.38
2011 103 3.78
2011 104 3.74
2011 105 3.46
2011 106 2.41
2011 107 4.03
2011 108 3.86
2011 109 2.94
2011 110 3.2
2011 111 1.18
2011 112 3.11
2011 113 3.55
2011 114 2.78
2011 115 2.17
2011 116 4.63
2011 117 4.67
2011 118 3.72
2011 119 3.51
2011 120 3.01
2011 121 4.16
2011 122 2.25
2011 123 3.42
2011 124 5.18
2011 125 4.1
2011 126 2.83
2011 127 1.96
2011 128 5.08
2011 129 4.87
2011 130 4.32
2011 131 4.79
2011 132 5.1
2011 133 4.64
2011 134 5.36
2011 135 3.24
2011 136 4.66
2011 137 4.61
2011 138 2.58
2011 139 3.23
2011 140 4.78
2011 141 5.38
2011 142 5.75
2011 143 6.1
2011 144 5.81
2011 145 6.91
2011 146 4.99
2011 147 4.02
2011 148 3.91
2011 149 4.12
2011 150 3.73
2011 151 4.89
2011 152 4.37
2011 153 5.34
2011 154 4.09
2011 155 4.56
2011 156 5.31
2011 157 3.16
2011 158 4.63
2011 159 4.74
2011 160 4.86
2011 161 5.82
2011 162 4.3
2011 163 5.35
2011 164 4.96
2011 165 5.06
2011 166 5.64
2011 167 5.42
2011 168 5.38
2011 169 6.38
2011 170 5.74
2011 171 5.74
2011 172 5.72
2011 173 5.94
2011 174 5.1
2011 175 3.53
2011 176 5.72
2011 177 6.09
2011 178 5.93
2011 179 5.88
2011 180 5.38
2011 181 4.03
2011 182 5.91
2011 183 5.48
2011 184 2.67
2011 185 6.47
2011 186 6.55
2011 187 6.2
2011 188 5.97
2011 189 5.15
2011 190 5.59
2011 191 5.55
2011 192 5.5
2011 193 3.9
2011 194 6.02
2011 195 5.48
2011 196 5.84
2011 197 6.57
2011 198 8.57
2011 199 4.71
2011 200 6.85
2011 201 5.83
2011 202 5.12
2011 203 3.85
2011 204 4.5
2011 205 4.95
2011 206 5.97
2011 207 5.72
2011 208 3.28
2011 209 3.94
2011 210 5.68
2011 211 3.81
2011 212 4.81
2011 213 4.92
2011 214 4.53
2011 215 5.33
2011 216 4.83
2011 217 4.36
2011 218 6.25
2011 219 5.46
2011 220 4.95
2011 221 4.22
2011 222 4.89
2011 223 5.31
2011 224 4.82
2011 225 4.81
2011 226 5.92
2011 227 5.17
2011 228 4.83
2011 229 5.14
2011 230 4.47
2011 231 4.73
2011 232 5.24
2011 233 5.34
2011 234 4.9
2011 235 5.07
2011 236 4.87
2011 237 5.03
2011 238 6.76
2011 239 4.6
2011 240 4.79
2011 241 4.02
2011 242 4.92
2011 243 4.18
2011 244 4.28
2011 245 3.3
2011 246 4
2011 247 6.01
2011 248 4.5
2011 249 4.43
2011 250 4.71
2011 251 4.5
2011 252 4.28
2011 253 4.5
2011 254 4.56
2011 255 4.29
2011 256 4.17
2011 257 4.16
2011 258 4.3
2011 259 4.11
2011 260 3.7
2011 261 4.05
2011 262 4.01
2011 263 3.84
2011 264 3.86
2011 265 3.22
2011 266 3.34
2011 267 3.15
2011 268 3.29
2011 269 3.31
2011 270 3.43
2011 271 3.26
2011 272 1.89
2011 273 0
2011 274 1.68
2011 275 2.67
2011 276 3.04
2011 277 3.02
2011 278 3.16
2011 279 3.01
2011 280 2.47
2011 281 2.83
2011 282 2.77
2011 283 2.81
2011 284 3.01
2011 285 3.02
2011 286 3.01
2011 287 2.58
2011 288 2.48
2011 289 2.34
2011 290 2.32
2011 291 2.19
2011 292 2.5
2011 293 2.2
2011 294 1.64
2011 295 1.92
2011 296 1.82
2011 297 1.19
2011 298 2.07
2011 299 2.12
2011 300 1.04
2011 301 1.28
2011 302 1.01
2011 303 1.53
2011 304 1.76
2011 305 1.9
2011 306 0.99
2011 307 1.54
2011 308 0.91
2011 309 2.07
2011 310 2.33
2011 311 0.83
2011 312 2.18
2011 313 1.65
2011 314 1.38
2011 315 1.44
2011 316 1.21
2011 317 1.03
2011 318 1.12
2011 319 2.32
2011 320 1.63
2011 321 0.81
2011 322 0.74
2011 323 0.78
2011 324 0.94
2011 325 0.85
2011 326 0.7
2011 327 1.23
2011 328 0.97
2011 329 0.92
2011 330 0.9
2011 331 0.88
2011 332 1.17
2011 333 0.91
2011 334 0.76
2011 335 0.88
2011 336 0.87
2011 337 0.75
2011 338 1.55
2011 339 1.94
2011 340 1.48
2011 341 1.06
2011 342 0.77
2011 343 0.66
2011 344 1.4
2011 345 1.59
2011 346 1.83
2011 347 1.58
2011 348 1.35
2011 349 1.96
2011 350 2.63
2011 351 1.81
2011 352 1.96
2011 353 1.4
2011 354 1.71
2011 355 1.82
2011 356 1.36
2011 357 0.91
2011 358 0.97
2011 359 0.78
2011 360 0.7
2011 361 0.94
2011 362 0.96
2011 363 1.25
2011 364 1.41
2011 365 1.86
2012 001 1.49
2012 002 3.08
2012 003 1.31
2012 004 1.49
2012 005 3.42
2012 006 2.47
2012 007 0.99
2012 008 1.09
2012 009 0.93
2012 010 0.89
2012 011 0.69
2012 012 0.88
2012 013 0.71
2012 014 1.3
2012 015 1.55
2012 016 0.78
2012 017 1.14
2012 018 0.9
2012 019 1.09
2012 020 1.29
2012 021 1.37
2012 022 1.21
2012 023 1.01
2012 024 1.12
2012 025 0.89
2012 026 0.97
2012 027 0.76
2012 028 1.02
2012 029 1.99
2012 030 1.37
2012 031 2.36
2012 032 2.78
2012 033 1.49
2012 034 1.47
2012 035 2.07
2012 036 1.96
2012 037 3.25
2012 038 3.09
2012 039 1.32
2012 040 1.34
2012 041 1.51
2012 042 1.57
2012 043 1.64
2012 044 1.73
2012 045 2.08
2012 046 1.83
2012 047 1.78
2012 048 1.65
2012 049 1.94
2012 050 2.01
2012 051 1.59
2012 052 1.68
2012 053 2.11
2012 054 2.71
2012 055 2.78
2012 056 2.45
2012 057 3.41
2012 058 2.35
2012 059 2.14
2012 060 2.21
2012 061 2.19
2012 062 1.86
2012 063 3.49
2012 064 3.73
2012 065 2.82
2012 066 2.88
2012 067 2.56
2012 068 3.34
2012 069 2.49
2012 070 2.88
2012 071 2.84
2012 072 2.74
2012 073 3.07
2012 074 3.01
2012 075 2.5
2012 076 2.54
2012 077 3.82
2012 078 4.95
2012 079 2.81
2012 080 1
2012 081 2.3
2012 082 3.51
2012 083 2.81
2012 084 2.54
2012 085 3.1
2012 086 3.17
2012 087 3.05
2012 088 3.26
2012 089 3.41
2012 090 4.33
2012 091 3.48
2012 092 3.56
2012 093 1.92
2012 094 2.52
2012 095 1.67
2012 096 2.86
2012 097 3.71
2012 098 3.92
2012 099 4.85
2012 100 3.61
2012 101 5.32
2012 102 4.9
2012 103 2.53
2012 104 3.72
2012 105 4.21
2012 106 4.72
2012 107 4.07
2012 108 4.55
2012 109 5.72
2012 110 5.94
2012 111 6.2
2012 112 6.56
2012 113 4.51
2012 114 5.76
2012 115 6.02
2012 116 4.48
2012 117 6.3
2012 118 2.67
2012 119 3.98
2012 120 4.12
2012 121 4.55
2012 122 4.51
2012 123 4.34
2012 124 4.88
2012 125 5.61
2012 126 3.26
2012 127 3.95
2012 128 5.41
2012 129 5.6
2012 130 5.12
2012 131 5.17
2012 132 5.58
2012 133 5.62
2012 134 6.16
2012 135 4.88
2012 136 5.38
2012 137 4.37
2012 138 4.31
2012 139 2.85
2012 140 5.4
2012 141 6.73
2012 142 7.14
2012 143 6.77
2012 144 5.74
2012 145 5.57
2012 146 5.21
2012 147 5.43
2012 148 4.94
2012 149 2.93
2012 150 5.34
2012 151 5.02
2012 152 5.39
2012 153 5.83
2012 154 5.92
2012 155 4.39
2012 156 4.91
2012 157 4.71
2012 158 6.23
2012 159 5.36
2012 160 6.15
2012 161 4.88
2012 162 7.7
2012 163 7.5
2012 164 6.65
2012 165 4.82
2012 166 5.22
2012 167 5.8
2012 168 5.5
2012 169 4.24
2012 170 4.21
2012 171 3.07
2012 172 5.81
2012 173 7.88
2012 174 4.18
2012 175 5.09
2012 176 5.64
2012 177 5.75
2012 178 5.55
2012 179 4.45
2012 180 5.79
2012 181 5.54
2012 182 4.54
2012 183 4.12
2012 184 4.94
2012 185 4.74
2012 186 5.58
2012 187 5.25
2012 188 5.32
2012 189 5.43
2012 190 4.35
2012 191 5.41
2012 192 5.57
2012 193 5.26
2012 194 5.24
2012 195 6.26
2012 196 4.34
2012 197 4.91
2012 198 5.12
2012 199 5.62
2012 200 6.44
2012 201 6.38
2012 202 5.56
2012 203 5.09
2012 204 4.84
2012 205 5.53
2012 206 5.05
2012 207 5.45
2012 208 4.21
2012 209 4.66
2012 210 5.3
2012 211 4.21
2012 212 5.14
2012 213 4.97
2012 214 5.48
2012 215 4.58
2012 216 4.94
2012 217 5.17
2012 218 5.4
2012 219 5.2
2012 220 4.36
2012 221 4.73
2012 222 4.66
2012 223 4.76
2012 224 4.35
2012 225 4.3
2012 226 5.03
2012 227 5.45
2012 228 6.64
2012 229 5.18
2012 230 4.56
2012 231 4.24
2012 232 4.33
2012 233 4.96
2012 234 4.99
2012 235 4.44
2012 236 4.53
2012 237 4.98
2012 238 5.98
2012 239 3.52
2012 240 4.64
2012 241 5.01
2012 242 4.55
2012 243 3.39
2012 244 4.35
2012 245 3.42
2012 246 3.93
2012 247 4.56
2012 248 4.47
2012 249 4.22
2012 250 4.04
2012 251 3.35
2012 252 3.94
2012 253 4.24
2012 254 3.56
2012 255 3.99
2012 256 3.89
2012 257 3.91
2012 258 3.86
2012 259 4.01
2012 260 3.45
2012 261 3.37
2012 262 2.65
2012 263 2.38
2012 264 3.19
2012 265 2.15
2012 266 3.25
2012 267 4.1
2012 268 5.63
2012 269 4.86
2012 270 3.22
2012 271 1.24
2012 272 0.94
2012 273 2.8
2012 274 2.76
2012 275 3.1
2012 276 2.77
2012 277 2.66
2012 278 2.79
2012 279 2.56
2012 280 2.58
2012 281 2.83
2012 282 2.75
2012 283 3.3
2012 284 2.63
2012 285 3.13
2012 286 2.06
2012 287 1.77
2012 288 3.21
2012 289 2.27
2012 290 2.39
2012 291 2.1
2012 292 1.78
2012 293 1.72
2012 294 1.42
2012 295 1.65
2012 296 2.1
2012 297 2.01
2012 298 1.39
2012 299 1.16
2012 300 1.83
2012 301 2.86
2012 302 2.29
2012 303 1.54
2012 304 0.8
2012 305 2.31
2012 306 2.63
2012 307 2.7
2012 308 1.06
2012 309 1.98
2012 310 2.52
2012 311 0.97
2012 312 1.04
2012 313 1.21
2012 314 0.78
2012 315 1.65
2012 316 0.96
2012 317 1.57
2012 318 1.08
2012 319 0.83
2012 320 0.81
2012 321 1.03
2012 322 1.05
2012 323 0.94
2012 324 1.21
2012 325 1.45
2012 326 1.28
2012 327 0.75
2012 328 0.96
2012 329 0.95
2012 330 0.76
2012 331 1.13
2012 332 1.16
2012 333 2.96
2012 334 2.46
2012 335 1.25
2012 336 0.99
2012 337 1.03
2012 338 1.73
2012 339 2.49
2012 340 2.68
2012 341 1.65
2012 342 1.69
2012 343 1.85
2012 344 0.86
2012 345 1.09
2012 346 0.76
2012 347 0.7
2012 348 1.12
2012 349 1.68
2012 350 2.45
2012 351 1.84
2012 352 2.84
2012 353 1.87
2012 354 0.84
2012 355 1.65
2012 356 3.04
2012 357 1.72
2012 358 0.93
2012 359 1.67
2012 360 1.49
2012 361 1.07
2012 362 1.39
2012 363 1.14
2012 364 2.28
2012 365 1.43
2012 366 0
2013 001 2.12
2013 002 1.31
2013 003 0.89
2013 004 1.33
2013 005 1.75
2013 006 1.29
2013 007 1.33
2013 008 1.29
2013 009 2.27
2013 010 3.25
2013 011 1.36
2013 012 2.41
2013 013 2.84
2013 014 2.41
2013 015 3.22
2013 016 3.04
2013 017 3.74
2013 018 2.91
2013 019 1.89
2013 020 3.33
2013 021 2.59
2013 022 2.47
2013 023 2.82
2013 024 3.09
2013 025 2.9
2013 026 3.25
2013 027 2.61
2013 028 3.4
2013 029 1.61
2013 030 2.77
2013 031 1.98
2013 032 3.33
2013 033 2.89
2013 034 2.8
2013 035 2.2
2013 036 2.95
2013 037 4.21
2013 038 2.99
2013 039 3.14
2013 040 2.57
2013 041 2.96
2013 042 3.93
2013 043 4.01
2013 044 3.43
2013 045 2.4
2013 046 2.26
2013 047 1.64
2013 048 1.5
2013 049 2.32
2013 050 0.85
2013 051 1.9
2013 052 3.28
2013 053 4.24
2013 054 2.58
2013 055 3.09
2013 056 2.5
2013 057 2.06
2013 058 1.62
2013 059 0.83
2013 060 1.48
2013 061 2.12
2013 062 1.28
2013 063 0.77
2013 064 0.95
2013 065 2.96
2013 066 1.52
2013 067 3.72
2013 068 3.79
2013 069 3.93
2013 070 4.22
2013 071 3.47
2013 072 3.65
2013 073 4.01
2013 074 3.89
2013 075 2.26
2013 076 2.19
2013 077 4.13
2013 078 2.68
2013 079 3.28
2013 080 3.17
2013 081 3.99
2013 082 3.18
2013 083 4.23
2013 084 5.02
2013 085 3.61
2013 086 4.51
2013 087 5.13
2013 088 4.91
2013 089 5.79
2013 090 2.86
2013 091 5.34
2013 092 4.81
2013 093 3.12
2013 094 4.22
2013 095 1.9
2013 096 3.31
2013 097 3.54
2013 098 3.29
2013 099 5.39
2013 100 5.22
2013 101 5.49
2013 102 5.49
2013 103 3.9
2013 104 3.43
2013 105 3.77
2013 106 3.75
2013 107 3.76
2013 108 3.64
2013 109 2.99
2013 110 4.01
2013 111 3.69
2013 112 3.14
2013 113 3.9
2013 114 3.68
2013 115 1.65
2013 116 2.54
2013 117 1.04
2013 118 0.87
2013 119 1.6
2013 120 2.69
2013 121 3.71
2013 122 3.99
2013 123 3.89
2013 124 4.26
2013 125 4.24
2013 126 4.87
2013 127 5.54
2013 128 4.08
2013 129 4.47
2013 130 4.51
2013 131 3.08
2013 132 3.98
2013 133 3.99
2013 134 3.92
2013 135 3.59
2013 136 4.41
2013 137 3.95
2013 138 5.09
2013 139 5.86
2013 140 3.23
2013 141 3.24
2013 142 5.27
2013 143 5.44
2013 144 4.68
2013 145 4.56
2013 146 3.68
2013 147 2.23
2013 148 5.51
2013 149 5.75
2013 150 5.42
2013 151 5.5
2013 152 5.54
2013 153 5.15
2013 154 5.16
2013 155 5.01
2013 156 3.94
2013 157 4.96
2013 158 3.92
2013 159 7.13
2013 160 6.31
2013 161 6.51
2013 162 6.74
2013 163 5.71
2013 164 5.44
2013 165 5.38
2013 166 5.41
2013 167 5.36
2013 168 4.33
2013 169 5.99
2013 170 5.34
2013 171 5.26
2013 172 4.34
2013 173 5.26
2013 174 5.66
2013 175 5.15
2013 176 5.14
2013 177 5.17
2013 178 5.03
2013 179 5.21
2013 180 5.43
2013 181 5.48
2013 182 5.39
2013 183 5.13
2013 184 5.25
2013 185 5.4
2013 186 5.49
2013 187 5.75
2013 188 5.81
2013 189 5.74
2013 190 5.18
2013 191 4.89
2013 192 5.34
2013 193 5.41
2013 194 5.47
2013 195 5.47
2013 196 5.38
2013 197 5.89
2013 198 5.57
2013 199 5.52
2013 200 5.54
2013 201 5.52
2013 202 5.47
2013 203 5.95
2013 204 5.09
2013 205 5.35
2013 206 5.32
2013 207 4.89
2013 208 4.85
2013 209 6.23
2013 210 7.03
2013 211 5.53
2013 212 5.46
2013 213 5.54
2013 214 4.94
2013 215 4.12
2013 216 4.88
2013 217 3.76
2013 218 4.14
2013 219 5.78
2013 220 5.17
2013 221 5.13
2013 222 5.32
2013 223 5.18
2013 224 5.26
2013 225 4.5
2013 226 5.07
2013 227 5.16
2013 228 4.41
2013 229 3.35
2013 230 4.92
2013 231 5.03
2013 232 4.35
2013 233 4.63
2013 234 4.29
2013 235 4.14
2013 236 4.23
2013 237 3.53
2013 238 1.39
2013 239 2.23
2013 240 1.49
2013 241 2.02
2013 242 2.24
2013 243 4.31
2013 244 4.24
2013 245 4.19
2013 246 4.32
2013 247 3.64
2013 248 3.69
2013 249 4.45
2013 250 2.17
2013 251 4.04
2013 252 3.33
2013 253 4.05
2013 254 2.79
2013 255 3.81
2013 256 3.34
2013 257 3.49
2013 258 3.71
2013 259 3.79
2013 260 3.6
2013 261 3.61
2013 262 3.84
2013 263 3.52
2013 264 3.43
2013 265 3.52
2013 266 3.48
2013 267 3.59
2013 268 3.32
2013 269 3.47
2013 270 2.6
2013 271 3.85
2013 272 4.66
2013 273 3.27
2013 274 5.37
2013 275 3.69
2013 276 2.61
2013 277 2.31
2013 278 2.99
2013 279 2.69
2013 280 2.59
2013 281 2.4
2013 282 2.15
2013 283 3.05
2013 284 2.55
2013 285 2.23
2013 286 2.96
2013 287 2.4
2013 288 3.82
2013 289 4.02
2013 290 2.33
2013 291 2.34
2013 292 2.55
2013 293 2.37
2013 294 2.21
2013 295 1.71
2013 296 3
2013 297 2.36
2013 298 2.14
2013 299 1.96
2013 300 0
2013 301 2.16
2013 302 2.39
2013 303 1.87
2013 304 1.75
2013 305 2.12
2013 306 2.17
2013 307 2.24
2013 308 3.02
2013 309 5.45
2013 310 3.49
2013 311 1.68
2013 312 3.46
2013 313 2.5
2013 314 3.23
2013 315 1.93
2013 316 1.64
2013 317 1.24
2013 318 1.5
2013 319 1.92
2013 320 1.13
2013 321 1.34
2013 322 2.55
2013 323 2.9
2013 324 1.78
2013 325 3.21
2013 326 2.36
2013 327 2.29
2013 328 1.43
2013 329 1.27
2013 330 0.89
2013 331 1.08
2013 332 0.81
2013 333 0.81
2013 334 1.36
2013 335 1.37
2013 336 0.93
2013 337 0.86
2013 338 1.03
2013 339 1.2
2013 340 0.93
2013 341 1.11
2013 342 0.75
2013 343 0.74
2013 344 0.72
2013 345 0.78
2013 346 0.78
2013 347 0.86
2013 348 0.63
2013 349 1.1
2013 350 0.66
2013 351 0.8
2013 352 1.35
2013 353 1.19
2013 354 1.17
2013 355 0.71
2013 356 1.13
2013 357 1.02
2013 358 1.25
2013 359 2.26
2013 360 3.52
2013 361 2.28
2013 362 2.42
2013 363 1.68
2013 364 1.62
2013 365 2.46
2014 001 2.02
2014 002 2.16
2014 003 2.49
2014 004 4.31
2014 005 3.44
2014 006 2.23
2014 007 1.7
2014 008 0.86
2014 009 0.71
2014 010 0.64
2014 011 0.63
2014 012 1.39
2014 013 1.6
2014 014 2.4
2014 015 1.68
2014 016 1.08
2014 017 1.24
2014 018 1.22
2014 019 1.8
2014 020 4.09
2014 021 3.02
2014 022 1.16
2014 023 1.76
2014 024 3.95
2014 025 3.63
2014 026 3.48
2014 027 5.1
2014 028 3.75
2014 029 2.95
2014 030 3.33
2014 031 3.01
2014 032 2.98
2014 033 3.18
2014 034 2.1
2014 035 2.3
2014 036 3.15
2014 037 2.36
2014 038 4.09
2014 039 3.8
2014 040 1.84
2014 041 2.94
2014 042 2.71
2014 043 2.94
2014 044 4.1
2014 045 4.16
2014 046 3.44
2014 047 1.06
2014 048 0.93
2014 049 1.2
2014 050 2.13
2014 051 3.82
2014 052 2.88
2014 053 2.96
2014 054 2.04
2014 055 1.55
2014 056 3.32
2014 057 2.86
2014 058 2.98
2014 059 4.04
2014 060 3.01
2014 061 5.05
2014 062 5.66
2014 063 5.83
2014 064 4.3
2014 065 2.84
2014 066 2.87
2014 067 2.79
2014 068 2.23
2014 069 2.54
2014 070 2.55
2014 071 1.21
2014 072 1.5
2014 073 1.99
2014 074 3.05
2014 075 3.37
2014 076 3.71
2014 077 2.85
2014 078 2.53
2014 079 2.97
2014 080 2.2
2014 081 3.04
2014 082 3.93
2014 083 4.79
2014 084 5.01
2014 085 4.38
2014 086 4.21
2014 087 2.46
2014 088 1.74
2014 089 1.49
2014 090 3.78
2014 091 2.31
2014 092 1.75
2014 093 3.98
2014 094 7.16
2014 095 5.94
2014 096 4.62
2014 097 3.86
2014 098 1.77
2014 099 3.2
2014 100 3.4
2014 101 2.65
2014 102 3.58
2014 103 4.29
2014 104 3.81
2014 105 4.96
2014 106 3.89
2014 107 3.49
2014 108 4.32
2014 109 5.13
2014 110 5.11
2014 111 3.43
2014 112 6.18
2014 113 4.69
2014 114 4.34
2014 115 6.76
2014 116 7.38
2014 117 4.73
2014 118 4.88
2014 119 4.44
2014 120 4.99
2014 121 5.01
2014 122 4.84
2014 123 4.84
2014 124 4.59
2014 125 4.67
2014 126 4.55
2014 127 3.5
2014 128 4.13
2014 129 3.56
2014 130 5.27
2014 131 4.4
2014 132 3.59
2014 133 3.71
2014 134 4.28
2014 135 4.45
2014 136 4.81
2014 137 4.75
2014 138 3.49
2014 139 4.98
2014 140 4.11
2014 141 6.16
2014 142 6.99
2014 143 6.17
2014 144 3.65
2014 145 4.61
2014 146 4.98
2014 147 3.18
2014 148 5.49
2014 149 5.28
2014 150 4.34
2014 151 3.29
2014 152 4.19
2014 153 5.24
2014 154 5.5
2014 155 7.19
2014 156 3.88
2014 157 3.52
2014 158 5.41
2014 159 4.71
2014 160 4.43
2014 161 4.75
2014 162 5.75
2014 163 5.97
2014 164 5.96
2014 165 6.04
2014 166 5.61
2014 167 4.48
2014 168 4.94
2014 169 4.55
2014 170 5.08
2014 171 5.49
2014 172 5.53
2014 173 3.71
2014 174 3.9
2014 175 3.81
2014 176 3.94
2014 177 5.16
2014 178 5.74
2014 179 5.95
2014 180 5.96
2014 181 5.75
2014 182 5.85
2014 183 3.91
2014 184 2.7
2014 185 7.06
2014 186 6.29
2014 187 6.47
2014 188 5.85
2014 189 5.55
2014 190 4.72
2014 191 5.45
2014 192 5.48
2014 193 5.54
2014 194 5.35
2014 195 5.5
2014 196 5.26
2014 197 5.6
2014 198 5.62
2014 199 4.84
2014 200 5.68
2014 201 8.29
2014 202 5.99
2014 203 5.7
2014 204 5.67
2014 205 5.43
2014 206 5.04
2014 207 5.21
2014 208 5.32
2014 209 5.32
2014 210 5
2014 211 5.23
2014 212 5.56
2014 213 5.15
2014 214 6.24
2014 215 5.27
2014 216 4.95
2014 217 4.99
2014 218 5.31
2014 219 4.91
2014 220 5.45
2014 221 4.81
2014 222 5.91
2014 223 4.95
2014 224 4.87
2014 225 6.04
2014 226 4.37
2014 227 4.01
2014 228 3.17
2014 229 4.68
2014 230 3.99
2014 231 4.01
2014 232 5.29
2014 233 4.33
2014 234 4.75
2014 235 3.65
2014 236 4.89
2014 237 5.09
2014 238 6.28
2014 239 4.91
2014 240 4.64
2014 241 4.42
2014 242 3.39
2014 243 3.53
2014 244 4.64
2014 245 4.67
2014 246 4.29
2014 247 4.71
2014 248 4.66
2014 249 4.68
2014 250 4.08
2014 251 4.16
2014 252 3.69
2014 253 4.25
2014 254 6.29
2014 255 5.42
2014 256 4.26
2014 257 3.77
2014 258 4.18
2014 259 3.54
2014 260 4.47
2014 261 3.84
2014 262 4.26
2014 263 3.08
2014 264 3.08
2014 265 1.6
2014 266 3.91
2014 267 2.26
2014 268 2.81
2014 269 1.97
2014 270 2.74
2014 271 1.99
2014 272 1.91
2014 273 2.88
2014 274 1.28
2014 275 1.32
2014 276 2.84
2014 277 2.8
2014 278 2.17
2014 279 2.79
2014 280 3.7
2014 281 3.16
2014 282 3.26
2014 283 3.34
2014 284 2.45
2014 285 2.43
2014 286 2.75
2014 287 2.46
2014 288 3.9
2014 289 3.87
2014 290 2.89
2014 291 2.41
2014 292 2
2014 293 2.24
2014 294 3.57
2014 295 2.8
2014 296 2.69
2014 297 2.68
2014 298 2.5
2014 299 2.04
2014 300 1.78
2014 301 2
2014 302 2.01
2014 303 1.69
2014 304 1.77
2014 305 1.74
2014 306 1.82
2014 307 2.04
2014 308 2.69
2014 309 3.09
2014 310 3.43
2014 311 2.82
2014 312 2.28
2014 313 1.47
2014 314 1.48
2014 315 0.79
2014 316 2.08
2014 317 2.18
2014 318 2.2
2014 319 2.91
2014 320 2.78
2014 321 2.91
2014 322 1.68
2014 323 1.37
2014 324 0.84
2014 325 0.88
2014 326 0.82
2014 327 0.9
2014 328 1.02
2014 329 1.11
2014 330 1.7
2014 331 0.79
2014 332 0.97
2014 333 1.05
2014 334 0.75
2014 335 1.5
2014 336 1.33
2014 337 0.73
2014 338 0.94
2014 339 1.96
2014 340 1.94
2014 341 1.48
2014 342 1.51
2014 343 2.22
2014 344 1.38
2014 345 1.5
2014 346 1.34
2014 347 1.22
2014 348 0.79
2014 349 0.63
2014 350 1.17
2014 351 1.41
2014 352 1.14
2014 353 1.16
2014 354 0.73
2014 355 0.97
2014 356 0.76
2014 357 0.73
2014 358 0.71
2014 359 0.88
2014 360 1.08
2014 361 1.91
2014 362 2.82
2014 363 1.16
2014 364 1.18
2014 365 1.6
2015 001 0.94
2015 002 1.29
2015 003 1.8
2015 004 1.49
2015 005 0.84
2015 006 0.79
2015 007 0.83
2015 008 0.93
2015 009 1.35
2015 010 2.31
2015 011 1.68
2015 012 0.91
2015 013 1.79
2015 014 2.09
2015 015 1.49
2015 016 2.51
2015 017 2.14
2015 018 0.99
2015 019 0.73
2015 020 1.15
2015 021 1.88
2015 022 2.48
2015 023 2.01
2015 024 1.73
2015 025 2.59
2015 026 1.35
2015 027 1.72
2015 028 1.71
2015 029 3.22
2015 030 5.74
2015 031 3.55
2015 032 3.43
2015 033 2.52
2015 034 3.5
2015 035 2.47
2015 036 2.82
2015 037 2.42
2015 038 1.19
2015 039 1.83
2015 040 1.25
2015 041 0.94
2015 042 0.88
2015 043 0.78
2015 044 1.91
2015 045 2.92
2015 046 3.45
2015 047 2.87
2015 048 1.3
2015 049 1.63
2015 050 1.34
2015 051 1.65
2015 052 2.21
2015 053 2.73
2015 054 3.61
2015 055 4.32
2015 056 3.48
2015 057 3.36
2015 058 3.58
2015 059 2.42
2015 060 4.36
2015 061 5.03
2015 062 2.04
2015 063 3
2015 064 3.16
2015 065 2.53
2015 066 3.27
2015 067 1.8
2015 068 2.36
2015 069 2.56
2015 070 2.82
2015 071 3.6
2015 072 2.34
2015 073 2.22
2015 074 2.5
2015 075 2.52
2015 076 2.19
2015 077 1.1
2015 078 1.01
2015 079 1.18
2015 080 1.52
2015 081 0.82
2015 082 0.92
2015 083 0.97
2015 084 2.83
2015 085 3.4
2015 086 5.06
2015 087 4.27
2015 088 3.69
2015 089 4.54
2015 090 4.39
2015 091 3.54
2015 092 3.43
2015 093 3.3
2015 094 2.61
2015 095 3.1
2015 096 2.2
2015 097 2.68
2015 098 3.51
2015 099 2.59
2015 100 3.18
2015 101 1.34
2015 102 2.58
2015 103 2.85
2015 104 3.23
2015 105 1.87
2015 106 4.17
2015 107 4.85
2015 108 3.64
2015 109 5.4
2015 110 4
2015 111 3.33
2015 112 3.07
2015 113 3.79
2015 114 3.88
2015 115 4.27
2015 116 5.08
2015 117 7.12
2015 118 4.87
2015 119 3.86
2015 120 4.09
2015 121 6.09
2015 122 5.2
2015 123 5.37
2015 124 3.61
2015 125 5.15
2015 126 5.67
2015 127 4.2
2015 128 6.94
2015 129 5.33
2015 130 4.85
2015 131 4.84
2015 132 5.02
2015 133 4.8
2015 134 8.23
2015 135 5.8
2015 136 5.27
2015 137 4.97
2015 138 5.23
2015 139 2.3
2015 140 4.68
2015 141 4.79
2015 142 4.62
2015 143 4.85
2015 144 3.93
2015 145 4.98
2015 146 5.32
2015 147 5.09
2015 148 4.91
2015 149 4.85
2015 150 4.98
2015 151 4.65
2015 152 4.5
2015 153 5.08
2015 154 5.39
2015 155 5.77
2015 156 5.43
2015 157 5.55
2015 158 5.79
2015 159 6.04
2015 160 6.04
2015 161 4.45
2015 162 2.2
2015 163 5.32
2015 164 3.23
2015 165 5.68
2015 166 4.37
2015 167 4.91
2015 168 5.07
2015 169 5.57
2015 170 5.97
2015 171 5.48
2015 172 5.8
2015 173 5.09
2015 174 4.62
2015 175 4.8
2015 176 5.53
2015 177 6.22
2015 178 5.84
2015 179 5.68
2015 180 5.48
2015 181 5.86
2015 182 5.44
2015 183 4.4
2015 184 5.2
2015 185 5.32
2015 186 5.94
2015 187 5.66
2015 188 6.44
2015 189 5.6
2015 190 4.99
2015 191 5.98
2015 192 3.97
2015 193 5.73
2015 194 5.72
2015 195 5.69
2015 196 5.55
2015 197 5.67
2015 198 5.57
2015 199 4.72
2015 200 4.87
2015 201 5.47
2015 202 5.61
2015 203 5.64
2015 204 5.67
2015 205 6.5
2015 206 5.67
2015 207 6.07
2015 208 6.13
2015 209 5.25
2015 210 5.34
2015 211 3.34
2015 212 3.59
2015 213 4.25
2015 214 5.27
2015 215 4.75
2015 216 5.47
2015 217 5.12
2015 218 4.17
2015 219 4.59
2015 220 2.74
2015 221 3.36
2015 222 4.44
2015 223 3.84
2015 224 5.17
2015 225 6.81
2015 226 5.27
2015 227 3.14
2015 228 4.96
2015 229 3.96
2015 230 2.24
2015 231 3.24
2015 232 4.76
2015 233 4.79
2015 234 4.52
2015 235 6.12
2015 236 6.52
2015 237 4.76
2015 238 4.5
2015 239 5.03
2015 240 4.41
2015 241 4.51
2015 242 4.09
2015 243 3.69
2015 244 3.85
2015 245 3.49
2015 246 4.21
2015 247 2.01
2015 248 2.53
2015 249 1.42
2015 250 1.13
2015 251 2.73
2015 252 3.56
2015 253 2.86
2015 254 3.68
2015 255 2.04
2015 256 4.16
2015 257 4.37
2015 258 3.71
2015 259 5.03
2015 260 5.59
2015 261 2.9
2015 262 3.49
2015 263 4.01
2015 264 3.7
2015 265 4.02
2015 266 3.31
2015 267 3.11
2015 268 3.22
2015 269 2.89
2015 270 1.5
2015 271 2.29
2015 272 1.9
2015 273 2.85
2015 274 2.81
2015 275 2.81
2015 276 1.83
2015 277 2.57
2015 278 2.76
2015 279 3.19
2015 280 2.78
2015 281 1.3
2015 282 2.49
2015 283 2.45
2015 284 2.5
2015 285 2.35
2015 286 1.19
2015 287 2.1
2015 288 2.17
2015 289 1.94
2015 290 1.68
2015 291 2.22
2015 292 1.11
2015 293 0.99
2015 294 1.65
2015 295 1.81
2015 296 1.72
2015 297 1.06
2015 298 0.97
2015 299 1
2015 300 1.86
2015 301 2.51
2015 302 2.02
2015 303 1.39
2015 304 1.38
2015 305 1.38
2015 306 1.5
2015 307 1.29
2015 308 1.75
2015 309 1.99
2015 310 1.52
2015 311 1.57
2015 312 1.31
2015 313 1.36
2015 314 1.39
2015 315 1.2
2015 316 1.08
2015 317 1.12
2015 318 1.08
2015 319 1.25
2015 320 1.18
2015 321 1.28
2015 322 1.34
2015 323 1.43
2015 324 2.65
2015 325 3.55
2015 326 2.22
2015 327 1.08
2015 328 1.29
2015 329 3.48
2015 330 3.02
2015 331 1.28
2015 332 1.61
2015 333 1.04
2015 334 0.89
2015 335 0.83
2015 336 0.87
2015 337 0.9
2015 338 1.1
2015 339 0.95
2015 340 0.93
2015 341 0.72
2015 342 0.95
2015 343 0.66
2015 344 0.59
2015 345 0.59
2015 346 0.63
2015 347 1.04
2015 348 1.54
2015 349 2.05
2015 350 1.19
2015 351 0.94
2015 352 1.08
2015 353 1.03
2015 354 0.81
2015 355 0.87
2015 356 0.83
2015 357 0.54
2015 358 0.93
2015 359 0.8
2015 360 0.83
2015 361 0.82
2015 362 0.72
2015 363 0.5
2015 364 2.03
2015 365 1.69
2016 001 0.78
2016 002 2.29
2016 003 2.27
2016 004 4.98
2016 005 0.76
2016 006 2.93
2016 007 3.13
2016 008 3.3
2016 009 3.02
2016 010 3.65
2016 011 2.87
2016 012 2.88
2016 013 1.25
2016 014 2.69
2016 015 1.5
2016 016 2.03
2016 017 1.33
2016 018 3.68
2016 019 1.94
2016 020 1.58
2016 021 1.48
2016 022 1.15
2016 023 0.95
2016 024 0.84
2016 025 1.04
2016 026 0.75
2016 027 1.12
2016 028 1.56
2016 029 0.88
2016 030 2.13
2016 031 3.34
2016 032 1.89
2016 033 1.53
2016 034 1.85
2016 035 1.53
2016 036 1.29
2016 037 1.5
2016 038 3.72
2016 039 3.71
2016 040 4.48
2016 041 4.42
2016 042 3.41
2016 043 3.82
2016 044 4.45
2016 045 4.51
2016 046 3.77
2016 047 1.78
2016 048 2.46
2016 049 2.28
2016 050 1.46
2016 051 1.72
2016 052 1.56
2016 053 2.62
2016 054 3.99
2016 055 3.35
2016 056 4.86
2016 057 3.13
2016 058 3.32
2016 059 2.71
2016 060 2.7
2016 061 2.89
2016 062 5.01
2016 063 3.01
2016 064 5.07
2016 065 5.1
2016 066 4.16
2016 067 1.64
2016 068 2.49
2016 069 2.48
2016 070 3.09
2016 071 2.82
2016 072 2.63
2016 073 2.36
2016 074 1.55
2016 075 1.56
2016 076 3.33
2016 077 2.12
2016 078 2.08
2016 079 1.29
2016 080 2.81
2016 081 1.57
2016 082 2.36
2016 083 3.4
2016 084 3.62
2016 085 4.81
2016 086 4.72
2016 087 4.77
2016 088 4.29
2016 089 5
2016 090 3.09
2016 091 4.54
2016 092 3.42
2016 093 3.83
2016 094 3.64
2016 095 2.08
2016 096 1.08
2016 097 3.16
2016 098 3.66
2016 099 3.59
2016 100 4.96
2016 101 3.88
2016 102 4.37
2016 103 4.01
2016 104 5.12
2016 105 4.59
2016 106 3.79
2016 107 5.49
2016 108 5.17
2016 109 3.07
2016 110 3.36
2016 111 1.88
2016 112 5.32
2016 113 2.44
2016 114 4.66
2016 115 4.87
2016 116 4.09
2016 117 4.4
2016 118 2.98
2016 119 1.47
2016 120 1.14
2016 121 3.5
2016 122 4.97
2016 123 4.66
2016 124 4.99
2016 125 4.31
2016 126 1.97
2016 127 3.44
2016 128 3.27
2016 129 1.58
2016 130 1.43
2016 131 1.7
2016 132 5.53
2016 133 5
2016 134 5.72
2016 135 5.68
2016 136 4.95
2016 137 4.63
2016 138 3.72
2016 139 4.79
2016 140 4.8
2016 141 5.08
2016 142 5.02
2016 143 6.82
2016 144 4.88
2016 145 4.39
2016 146 4.9
2016 147 4.48
2016 148 4.81
2016 149 6.76
2016 150 7.09
2016 151 5.79
2016 152 5.12
2016 153 5.7
2016 154 5.21
2016 155 5
2016 156 3.59
2016 157 5
2016 158 5.59
2016 159 5.24
2016 160 5.73
2016 161 5.39
2016 162 5.16
2016 163 4.25
2016 164 5.03
2016 165 6.23
2016 166 5.73
2016 167 7.81
2016 168 6.9
2016 169 5.69
2016 170 4.85
2016 171 5.19
2016 172 5.45
2016 173 5.71
2016 174 5.61
2016 175 5.74
2016 176 5.51
2016 177 4.6
2016 178 4.93
2016 179 5.14
2016 180 4.69
2016 181 5.12
2016 182 4.83
2016 183 5.5
2016 184 5.57
2016 185 5.25
2016 186 5.28
2016 187 5.92
2016 188 5.92
2016 189 3.43
2016 190 5.68
2016 191 5.85
2016 192 6.15
2016 193 5.84
2016 194 5.65
2016 195 3.38
2016 196 5.2
2016 197 5.03
2016 198 5.89
2016 199 5.82
2016 200 5.54
2016 201 5.07
2016 202 3.35
2016 203 5.1
2016 204 4.82
2016 205 5.46
2016 206 5.74
2016 207 5.97
2016 208 5.45
2016 209 5.12
2016 210 5.38
2016 211 5.42
2016 212 5.5
2016 213 6.55
2016 214 5.54
2016 215 5.4
2016 216 5.36
2016 217 5.51
2016 218 3.19
2016 219 5.25
2016 220 5.69
2016 221 5.63
2016 222 5.68
2016 223 2.46
2016 224 4.57
2016 225 4.86
2016 226 5.14
2016 227 4.65
2016 228 4.59
2016 229 2.47
2016 230 5.13
2016 231 4.74
2016 232 5.02
2016 233 4.78
2016 234 3.17
2016 235 4.93
2016 236 4.72
2016 237 4.28
2016 238 4.64
2016 239 4.26
2016 240 4.4
2016 241 4.08
2016 242 4.07
2016 243 4.13
2016 244 4.41
2016 245 4.38
2016 246 4.61
2016 247 4.91
2016 248 5.19
2016 249 5.01
2016 250 4.51
2016 251 4.22
2016 252 3.94
2016 253 4.42
2016 254 3.46
2016 255 3.74
2016 256 3.81
2016 257 3.72
2016 258 4.47
2016 259 3.33
2016 260 4.23
2016 261 3.41
2016 262 3.54
2016 263 3.62
2016 264 2.55
2016 265 3.46
2016 266 2.81
2016 267 2.87
2016 268 3.14
2016 269 3.16
2016 270 2.26
2016 271 2.96
2016 272 2.49
2016 273 2.49
2016 274 2.97
2016 275 3.13
2016 276 2.77
2016 277 2.88
2016 278 3.09
2016 279 2.79
2016 280 3.09
2016 281 3.17
2016 282 2.82
2016 283 2.37
2016 284 2.59
2016 285 3.4
2016 286 1.77
2016 287 1.35
2016 288 3.33
2016 289 3.11
2016 290 2.08
2016 291 2.25
2016 292 1.12
2016 293 1.26
2016 294 0.82
2016 295 0.77
2016 296 1.36
2016 297 2.08
2016 298 1.97
2016 299 1.12
2016 300 1.62
2016 301 1.83
2016 302 1.49
2016 303 2.19
2016 304 1.84
2016 305 1.66
2016 306 1.74
2016 307 1.87
2016 308 2.47
2016 309 1.55
2016 310 2.77
2016 311 2.94
2016 312 1.73
2016 313 2.98
2016 314 2.97
2016 315 1.91
2016 316 1.85
2016 317 1.48
2016 318 1.53
2016 319 1.12
2016 320 1.42
2016 321 1.28
2016 322 1.46
2016 323 1.95
2016 324 1.55
2016 325 1.45
2016 326 1.07
2016 327 0.65
2016 328 0.9
2016 329 1.59
2016 330 1.11
2016 331 0.9
2016 332 0.78
2016 333 0.61
2016 334 0.63
2016 335 0.93
2016 336 0.68
2016 337 0.99
2016 338 0.71
2016 339 0.71
2016 340 0.84
2016 341 0.94
2016 342 0.74
2016 343 0.85
2016 344 1
2016 345 0.85
2016 346 0.79
2016 347 0.86
2016 348 0.71
2016 349 0.91
2016 350 0.68
2016 351 0.66
2016 352 1.6
2016 353 1.04
2016 354 0.6
2016 355 1.2
2016 356 0.84
2016 357 1.03
2016 358 1.09
2016 359 1.03
2016 360 1.03
2016 361 0.78
2016 362 0.71
2016 363 0.73
2016 364 1.08
2016 365 0.67
2016 366 0
2017 001 0.9
2017 002 0.65
2017 003 1.24
2017 004 1.51
2017 005 1.38
2017 006 0.75
2017 007 0.82
2017 008 0.92
2017 009 0.93
2017 010 1.5
2017 011 1.17
2017 012 1.95
2017 013 2.5
2017 014 2.43
2017 015 2.93
2017 016 2.85
2017 017 1.51
2017 018 1.1
2017 019 1.5
2017 020 0.6
2017 021 1.27
2017 022 1.14
2017 023 1.07
2017 024 1.29
2017 025 1.66
2017 026 1.17
2017 027 1.36
2017 028 2.72
2017 029 1.33
2017 030 1.7
2017 031 1.08
2017 032 1.63
2017 033 0.91
2017 034 2.7
2017 035 3.36
2017 036 3.81
2017 037 4.21
2017 038 3.73
2017 039 3.09
2017 040 2.17
2017 041 1.34
2017 042 1.02
2017 043 1.22
2017 044 1.18
2017 045 2.06
2017 046 1.24
2017 047 1.38
2017 048 1.47
2017 049 1.73
2017 050 1.76
2017 051 1.96
2017 052 1.98
2017 053 1.84
2017 054 1.57
2017 055 1.2
2017 056 1.86
2017 057 1.9
2017 058 3.08
2017 059 3.22
2017 060 3.21
2017 061 2.56
2017 062 1.66
2017 063 2.9
2017 064 3.09
2017 065 4.6
2017 066 4.78
2017 067 3.29
2017 068 4.07
2017 069 3.9
2017 070 2.87
2017 071 2.9
2017 072 0.79
2017 073 2.72
2017 074 2.7
2017 075 2.77
2017 076 2.68
2017 077 3.29
2017 078 3.04
2017 079 3.09
2017 080 2.7
2017 081 4.7
2017 082 4.02
2017 083 2.37
2017 084 3.5
2017 085 2.9
2017 086 3.54
2017 087 3.47
2017 088 3.82
2017 089 3.73
2017 090 3.27
2017 091 4.67
2017 092 4
2017 093 3.74
2017 094 3.42
2017 095 3.28
2017 096 3.86
2017 097 3.78
2017 098 4.03
2017 099 3.69
2017 100 3.92
2017 101 4.91
2017 102 4.1
2017 103 4.25
2017 104 5.02
2017 105 3.97
2017 106 3.91
2017 107 3.64
2017 108 3.29
2017 109 1.91
2017 110 2.72
2017 111 3.6
2017 112 3.8
2017 113 4.51
2017 114 4.43
2017 115 3.84
2017 116 3.95
2017 117 0.94
2017 118 1.78
2017 119 1.74
2017 120 5.39
2017 121 5.05
2017 122 4.83
2017 123 4.43
2017 124 4.11
2017 125 3.33
2017 126 6.67
2017 127 5.11
2017 128 4.94
2017 129 4.3
2017 130 4.87
2017 131 5.43
2017 132 6.59
2017 133 6.01
2017 134 6.2
2017 135 5.12
2017 136 4.75
2017 137 5.11
2017 138 3.46
2017 139 4.91
2017 140 5.09
2017 141 3.76
2017 142 5.57
2017 143 5.37
2017 144 5.72
2017 145 5.85
2017 146 5.73
2017 147 4.46
2017 148 5.13
2017 149 5.07
2017 150 2.64
2017 151 5.16
2017 152 5.55
2017 153 5.47
2017 154 4.03
2017 155 2.83
2017 156 5.26
2017 157 6.23
2017 158 4.91
2017 159 5.25
2017 160 4.94
2017 161 5.38
2017 162 6.2
2017 163 6.05
2017 164 6.04
2017 165 6.19
2017 166 5.8
2017 167 5.81
2017 168 6.4
2017 169 6.29
2017 170 5.98
2017 171 6.25
2017 172 6.36
2017 173 6.3
2017 174 6.19
2017 175 5.48
2017 176 4.27
2017 177 5.89
2017 178 7.33
2017 179 9.19
2017 180 7.91
2017 181 6.03
2017 182 4.62
2017 183 5.47
2017 184 5.96
2017 185 5.91
2017 186 5.51
2017 187 3.99
2017 188 2.28
2017 189 6.03
2017 190 6.91
2017 191 5.72
2017 192 5.5
2017 193 5.82
2017 194 5.32
2017 195 5.12
2017 196 5.46
2017 197 6.25
2017 198 5.17
2017 199 5.37
2017 200 5.11
2017 201 4.76
2017 202 4.49
2017 203 5.52
2017 204 4.93
2017 205 5.57
2017 206 5.51
2017 207 5.55
2017 208 6.3
2017 209 5.58
2017 210 5.55
2017 211 5.59
2017 212 5.38
2017 213 3.79
2017 214 2.83
2017 215 6.15
2017 216 5.78
2017 217 5.6
2017 218 4.52
2017 219 5.01
2017 220 6.47
2017 221 4.19
2017 222 4.67
2017 223 4.93
2017 224 5.3
2017 225 5.24
2017 226 4.62
2017 227 4.58
2017 228 4.44
2017 229 4.61
2017 230 5.16
2017 231 4
2017 232 4.26
2017 233 5.17
2017 234 5.19
2017 235 4.85
2017 236 4.72
2017 237 4.1
2017 238 4.21
2017 239 2.41
2017 240 2.86
2017 241 1.34
2017 242 2.99
2017 243 3.32
2017 244 2.44
2017 245 4.02
2017 246 4
2017 247 4.13
2017 248 4.41
2017 249 3.22
2017 250 3.56
2017 251 3.56
2017 252 3.44
2017 253 4.41
2017 254 6.43
2017 255 3.78
2017 256 4.07
2017 257 5.39
2017 258 1.7
2017 259 3.13
2017 260 3.78
2017 261 5.05
2017 262 3.8
2017 263 3.66
2017 264 3.42
2017 265 3.5
2017 266 3.46
2017 267 3.94
2017 268 5.11
2017 269 2.66
2017 270 2.93
2017 271 2.71
2017 272 3.32
2017 273 2.45
2017 274 2.51
2017 275 3.08
2017 276 3.38
2017 277 2.98
2017 278 3.63
2017 279 2.97
2017 280 1.54
2017 281 2.83
2017 282 2.76
2017 283 2.72
2017 284 2.54
2017 285 2.39
2017 286 2.45
2017 287 2.3
2017 288 2.33
2017 289 2.45
2017 290 2.27
2017 291 1.66
2017 292 2.73
2017 293 2.55
2017 294 2.77
2017 295 2.12
2017 296 1.85
2017 297 2.48
2017 298 2.16
2017 299 2.15
2017 300 2.57
2017 301 1.92
2017 302 1.78
2017 303 1.74
2017 304 1.36
2017 305 1.81
2017 306 1.67
2017 307 1.59
2017 308 2
2017 309 3.27
2017 310 2.54
2017 311 1.85
2017 312 1.65
2017 313 1.52
2017 314 1.76
2017 315 2.12
2017 316 2.32
2017 317 2.34
2017 318 1.61
2017 319 1.74
2017 320 1.31
2017 321 1.34
2017 322 1.4
2017 323 1.23
2017 324 1.22
2017 325 1.43
2017 326 1.14
2017 327 2.14
2017 328 2.12
2017 329 1.67
2017 330 1.12
2017 331 0.97
2017 332 1.37
2017 333 0.56
2017 334 0.99
2017 335 2.37
2017 336 2.41
2017 337 1.51
2017 338 1.19
2017 339 0.98
2017 340 0.86
2017 341 0.91
2017 342 2.65
2017 343 1.83
2017 344 2.73
2017 345 2.88
2017 346 1.27
2017 347 2.13
2017 348 2.89
2017 349 1.8
2017 350 1.26
2017 351 1.12
2017 352 1.66
2017 353 0.9
2017 354 0.95
2017 355 0.82
2017 356 1.26
2017 357 0.71
2017 358 1.22
2017 359 1.12
2017 360 2.43
2017 361 3.56
2017 362 2.66
2017 363 2.51
2017 364 2.85
2017 365 2.38
2018 001 3.54
2018 002 3.7
2018 003 3.68
2018 004 3.29
2018 005 2.31
2018 006 0.88
2018 007 1.02
2018 008 1.02
2018 009 1.56
2018 010 2.04
2018 011 3.64
2018 012 2.22
2018 013 1.02
2018 014 1.83
2018 015 1.26
2018 016 3.64
2018 017 2.3
2018 018 1.1
2018 019 1.28
2018 020 3.1
2018 021 4.13
2018 022 2.14
2018 023 1.47
2018 024 1.27
2018 025 1.36
2018 026 1.95
2018 027 1.94
2018 028 1
2018 029 1.1
2018 030 1.2
2018 031 1.25
2018 032 1.76
2018 033 1.32
2018 034 2.81
2018 035 1.23
2018 036 1.01
2018 037 0.75
2018 038 1.26
2018 039 1.35
2018 040 2.1
2018 041 2.23
2018 042 2.98
2018 043 1.23
2018 044 2.41
2018 045 3.29
2018 046 2.95
2018 047 1.71
2018 048 2.01
2018 049 1.33
2018 050 2
2018 051 2.75
2018 052 2.14
2018 053 1.81
2018 054 1.85
2018 055 2
2018 056 2.38
2018 057 2.21
2018 058 1.04
2018 059 0.7
2018 060 1.71
2018 061 1.8
2018 062 3.15
2018 063 2.01
2018 064 2.45
2018 065 3.53
2018 066 3.75
2018 067 1.98
2018 068 3.17
2018 069 3.45
2018 070 4.12
2018 071 4.51
2018 072 3.52
2018 073 2.38
2018 074 3.57
2018 075 4.31
2018 076 2.8
2018 077 4.26
2018 078 3.07
2018 079 3.27
2018 080 3.02
2018 081 3.53
2018 082 5.17
2018 083 4.84
2018 084 3.61
2018 085 3.6
2018 086 4.1
2018 087 5.18
2018 088 4.66
2018 089 5.16
2018 090 5.94
2018 091 3.66
2018 092 2.87
2018 093 4.22
2018 094 5.73
2018 095 4.37
2018 096 2.62
2018 097 1.61
2018 098 4.55
2018 099 4.43
2018 100 3.09
2018 101 3.1
2018 102 5
2018 103 4.07
2018 104 3.26
2018 105 5.55
2018 106 3.99
2018 107 4.43
2018 108 4.46
2018 109 3.43
2018 110 2.65
2018 111 2.97
2018 112 4.11
2018 113 4.14
2018 114 3.46
2018 115 3.05
2018 116 4.02
2018 117 4.13
2018 118 3.69
2018 119 5.11
2018 120 4.35
2018 121 4.39
2018 122 5.35
2018 123 5.42
2018 124 3.62
2018 125 4.49
2018 126 4.63
2018 127 4.74
2018 128 4.18
2018 129 4.64
2018 130 4.45
2018 131 4.89
2018 132 5.45
2018 133 5.4
2018 134 4.66
2018 135 5.02
2018 136 5.21
2018 137 5.12
2018 138 4.97
2018 139 5.12
2018 140 5.19
2018 141 5
2018 142 4.69
2018 143 4.82
2018 144 4.05
2018 145 3.27
2018 146 3.95
2018 147 3.79
2018 148 3.74
2018 149 3.64
2018 150 5.07
2018 151 5.67
2018 152 5.14
2018 153 2.88
2018 154 4.17
2018 155 5.61
2018 156 5.46
2018 157 4.63
2018 158 5.2
2018 159 4.17
2018 160 4.38
2018 161 4.46
2018 162 6.47
2018 163 6.19
2018 164 5.97
2018 165 5.58
2018 166 5.78
2018 167 5.17
2018 168 5.91
2018 169 5.86
2018 170 5.8
2018 171 6.04
2018 172 6.11
2018 173 6.46
2018 174 5.95
2018 175 5.39
2018 176 5.8
2018 177 5.81
2018 178 5.99
2018 179 5.52
2018 180 5.39
2018 181 5.73
2018 182 5.77
2018 183 7.01
2018 184 5.92
2018 185 5.71
2018 186 6.41
2018 187 6
2018 188 5.59
2018 189 6.01
2018 190 6.47
2018 191 5.99
2018 192 5.38
2018 193 6.15
2018 194 4.76
2018 195 5.98
2018 196 6.65
2018 197 8.72
2018 198 6.26
2018 199 5.9
2018 200 5.88
2018 201 5.42
2018 202 5.42
2018 203 4.91
2018 204 5.82
2018 205 6.69
2018 206 5.62
2018 207 5.71
2018 208 5.7
2018 209 6.02
2018 210 5.93
2018 211 5.26
2018 212 5.6
2018 213 5.44
2018 214 5.76
2018 215 5.92
2018 216 6.04
2018 217 6.39
2018 218 5.78
2018 219 5.49
2018 220 4.38
2018 221 6
2018 222 4.9
2018 223 4.41
2018 224 4.91
2018 225 5.82
2018 226 5.19
2018 227 4.68
2018 228 2.59
2018 229 4.95
2018 230 3.29
2018 231 5.2
2018 232 5.45
2018 233 5.52
2018 234 5.27
2018 235 4.28
2018 236 5.06
2018 237 4.62
2018 238 4.72
2018 239 4.39
2018 240 3.57
2018 241 4.28
2018 242 4.08
2018 243 3.89
2018 244 4.59
2018 245 4.59
2018 246 3.33
2018 247 4.37
2018 248 3.96
2018 249 3.62
2018 250 3.03
2018 251 1.81
2018 252 2.05
2018 253 2.85
2018 254 2.18
2018 255 3.51
2018 256 4.01
2018 257 3.63
2018 258 1.85
2018 259 3.61
2018 260 2.62
2018 261 3.18
2018 262 3.35
2018 263 3.71
2018 264 3.84
2018 265 3.48
2018 266 3.68
2018 267 3.7
2018 268 0.98
2018 269 2.13
2018 270 2.79
2018 271 3.14
2018 272 3.46
2018 273 3.11
2018 274 2.99
2018 275 2.87
2018 276 2.94
2018 277 2.82
2018 278 2.62
2018 279 2.86
2018 280 3.24
2018 281 2.81
2018 282 1.65
2018 283 2.13
2018 284 2.07
2018 285 2.93
2018 286 2.31
2018 287 1.84
2018 288 3.46
2018 289 2.39
2018 290 2.19
2018 291 0.58
2018 292 1.28
2018 293 1.12
2018 294 1.63
2018 295 1.93
2018 296 1.67
2018 297 2.17
2018 298 2.03
2018 299 1.56
2018 300 1.02
2018 301 1.57
2018 302 3.5
2018 303 0.99
2018 304 1.31
2018 305 1.51
2018 306 1.13
2018 307 1.44
2018 308 1.42
2018 309 0.91
2018 310 2.2
2018 311 1.87
2018 312 1.25
2018 313 2.58
2018 314 1.85
2018 315 1.76
2018 316 0.92
2018 317 0.96
2018 318 0.89
2018 319 0.54
2018 320 0.55
2018 321 0.92
2018 322 0.65
2018 323 0.59
2018 324 1.05
2018 325 0.94
2018 326 0.74
2018 327 0.91
2018 328 1.33
2018 329 1.64
2018 330 2.22
2018 331 1.75
2018 332 1.28
2018 333 0.91
2018 334 1.51
2018 335 1.4
2018 336 1.55
2018 337 1.48
2018 338 1.05
2018 339 0.88
2018 340 1.04
2018 341 0.91
2018 342 1.15
2018 343 1.51
2018 344 0.93
2018 345 0.76
2018 346 1.63
2018 347 1.25
2018 348 2.21
2018 349 2.11
2018 350 2.07
2018 351 1.27
2018 352 0.7
2018 353 2.06
2018 354 1.45
2018 355 1.18
2018 356 1.11
2018 357 0.88
2018 358 0.73
2018 359 0.62
2018 360 0.79
2018 361 0.66
2018 362 0.58
2018 363 0.62
2018 364 0.83
2018 365 1.2
2019 001 0.93
2019 002 1.02
2019 003 0.65
2019 004 0.77
2019 005 1.21
2019 006 1.24
2019 007 1
2019 008 0.93
2019 009 1.42
2019 010 1.12
2019 011 0.98
2019 012 1.1
2019 013 1.01
2019 014 1.44
2019 015 0.9
2019 016 1.17
2019 017 0.8
2019 018 0.94
2019 019 1.15
2019 020 1
2019 021 1.39
2019 022 2.32
2019 023 4.08
2019 024 2.13
2019 025 2.56
2019 026 1.48
2019 027 3.3
2019 028 4.04
2019 029 3.02
2019 030 3.02
2019 031 3.54
2019 032 3.17
2019 033 4.23
2019 034 2.8
2019 035 1.9
2019 036 1.82
2019 037 1.76
2019 038 2.01
2019 039 1.73
2019 040 2.46
2019 041 2.28
2019 042 1.97
2019 043 1.48
2019 044 1.42
2019 045 1.31
2019 046 1.17
2019 047 1.56
2019 048 1.23
2019 049 1.32
2019 050 1.52
2019 051 1.6
2019 052 1.71
2019 053 2.38
2019 054 2.34
2019 055 1.44
2019 056 2.02
2019 057 2.3
2019 058 2.81
2019 059 2.9
2019 060 2.6
2019 061 2.77
2019 062 3.28
2019 063 4.07
2019 064 1.89
2019 065 2.14
2019 066 4.06
2019 067 2.9
2019 068 3.17
2019 069 3.38
2019 070 2.77
2019 071 2.85
2019 072 3.13
2019 073 3.16
2019 074 3.49
2019 075 3.01
2019 076 5.15
2019 077 2.27
2019 078 2.89
2019 079 2.5
2019 080 3.04
2019 081 2.87
2019 082 2.75
2019 083 3.27
2019 084 3.47
2019 085 3.08
2019 086 3.26
2019 087 3.37
2019 088 2.87
2019 089 2.35
2019 090 0.9
2019 091 1.51
2019 092 3.02
2019 093 4.22
2019 094 3.86
2019 095 2.42
2019 096 3.29
2019 097 4.8
2019 098 3.85
2019 099 4.81
2019 100 4.65
2019 101 3.74
2019 102 3.96
2019 103 4.1
2019 104 5.25
2019 105 2.67
2019 106 3.5
2019 107 2.8
2019 108 0.92
2019 109 0.88
2019 110 2.02
2019 111 1.43
2019 112 1.36
2019 113 2.93
2019 114 4.45
2019 115 3.9
2019 116 4.92
2019 117 4.36
2019 118 4.23
2019 119 2.9
2019 120 4.11
2019 121 3.53
2019 122 2.92
2019 123 2.45
2019 124 4.5
2019 125 4.53
2019 126 3.89
2019 127 4.08
2019 128 5.21
2019 129 5.2
2019 130 6.47
2019 131 5
2019 132 4.86
2019 133 5.05
2019 134 5.25
2019 135 4.47
2019 136 4.6
2019 137 5.16
2019 138 2.83
2019 139 3.98
2019 140 4.76
2019 141 3.73
2019 142 4.87
2019 143 4.77
2019 144 1.35
2019 145 3.82
2019 146 4.99
2019 147 4.97
2019 148 5
2019 149 5.27
2019 150 5.37
2019 151 5.47
2019 152 5.66
2019 153 5.76
2019 154 5.38
2019 155 5.23
2019 156 6.43
2019 157 4.73
2019 158 6.35
2019 159 4.23
2019 160 4.26
2019 161 5.67
2019 162 3.86
2019 163 5.02
2019 164 3.91
2019 165 6.21
2019 166 7.48
2019 167 4.2
2019 168 6.08
2019 169 5.78
2019 170 6.1
2019 171 4.58
2019 172 4.69
2019 173 4.97
2019 174 5.78
2019 175 5.49
2019 176 4.31
2019 177 4.81
2019 178 5.92
2019 179 6.64
2019 180 6.73
2019 181 6.23
2019 182 5.41
2019 183 5.57
2019 184 6.17
2019 185 5.72
2019 186 5.8
2019 187 5.1
2019 188 5.76
2019 189 3.44
2019 190 6.7
2019 191 5.39
2019 192 6.35
2019 193 5.95
2019 194 5.26
2019 195 5.75
2019 196 5.95
2019 197 5.43
2019 198 5.88
2019 199 5.78
2019 200 5.64
2019 201 5.57
2019 202 5.41
2019 203 5.63
2019 204 5.96
2019 205 6.12
2019 206 6.11
2019 207 5.15
2019 208 7.7
2019 209 6.07
2019 210 6.1
2019 211 4.9
2019 212 3.43
2019 213 4.13
2019 214 5.46
2019 215 5.3
2019 216 5.39
2019 217 4.78
2019 218 5.39
2019 219 5.97
2019 220 6.55
2019 221 7.3
2019 222 6.05
2019 223 5.09
2019 224 4.52
2019 225 4.12
2019 226 5.46
2019 227 5.36
2019 228 5.54
2019 229 5.11
2019 230 5.25
2019 231 4.44
2019 232 3.5
2019 233 2.76
2019 234 4.89
2019 235 5.1
2019 236 4.92
2019 237 4.95
2019 238 3.1
2019 239 3.52
2019 240 4.65
2019 241 4.53
2019 242 4.64
2019 243 4.91
2019 244 4.89
2019 245 2.93
2019 246 3.79
2019 247 4.08
2019 248 3.86
2019 249 3.58
2019 250 2.34
2019 251 3.54
2019 252 4.43
2019 253 4.49
2019 254 2.33
2019 255 2.5
2019 256 1.58
2019 257 2.48
2019 258 2.66
2019 259 3.31
2019 260 3.14
2019 261 3.83
2019 262 3.26
2019 263 2.03
2019 264 2.91
2019 265 4.21
2019 266 3.27
2019 267 5.02
2019 268 4.35
2019 269 3.49
2019 270 3.83
2019 271 2.75
2019 272 3.53
2019 273 2.97
2019 274 4.01
2019 275 3.61
2019 276 3.16
2019 277 3.39
2019 278 3.13
2019 279 2.85
2019 280 3.09
2019 281 2.91
2019 282 2.76
2019 283 1.1
2019 284 2.5
2019 285 1.93
2019 286 2.43
2019 287 2.06
2019 288 3.75
2019 289 3.26
2019 290 3.66
2019 291 2.77
2019 292 2.79
2019 293 1.67
2019 294 2.02
2019 295 1
2019 296 2.03
2019 297 3.05
2019 298 2.16
2019 299 1.87
2019 300 1.82
2019 301 1.37
2019 302 2.01
2019 303 1.84
2019 304 2.44
2019 305 3.66
2019 306 3.95
2019 307 4.7
2019 308 4.3
2019 309 4.01
2019 310 3.5
2019 311 2.81
2019 312 3.28
2019 313 3.72
2019 314 2.6
2019 315 2.77
2019 316 2.11
2019 317 1.63
2019 318 2.14
2019 319 2.23
2019 320 1.83
2019 321 2.28
2019 322 1.34
2019 323 1.43
2019 324 1.15
2019 325 0.85
2019 326 1.18
2019 327 3.66
2019 328 3.69
2019 329 3.06
2019 330 2.37
2019 331 2.93
2019 332 2.23
2019 333 2.19
2019 334 1.91
2019 335 1.6
2019 336 1.08
2019 337 0.6
2019 338 0.99
2019 339 0.51
2019 340 0.61
2019 341 0.76
2019 342 1.31
2019 343 2.93
2019 344 1.63
2019 345 2.37
2019 346 3
2019 347 3.62
2019 348 3.19
2019 349 2.03
2019 350 0.6
2019 351 0.91
2019 352 2.62
2019 353 0.94
2019 354 2.22
2019 355 4.78
2019 356 4.05
2019 357 3.65
2019 358 1.75
2019 359 0.9
2019 360 1.47
2019 361 0.92
2019 362 0.7
2019 363 0.73
2019 364 0.73
2019 365 0.69
2020 001 0.68
2020 002 0.7
2020 003 0.7
2020 004 0.92
2020 005 1.06
2020 006 0.79
2020 007 0.88
2020 008 0.63
2020 009 0.9
2020 010 1.17
2020 011 0.96
2020 012 1.01
2020 013 1.47
2020 014 1.36
2020 015 2.44
2020 016 1.19
2020 017 2.04
2020 018 1.36
2020 019 1.07
2020 020 0.7
2020 021 0.63
2020 022 0.5
2020 023 0.77
2020 024 0.75
2020 025 0.71
2020 026 1.69
2020 027 1.9
2020 028 2.03
2020 029 2.47
2020 030 2.43
2020 031 2.96
2020 032 3.15
2020 033 2.23
2020 034 2.1
2020 035 2.77
2020 036 1.3
2020 037 1.4
2020 038 1.18
2020 039 1.45
2020 040 1.53
2020 041 3.27
2020 042 2.44
2020 043 1.45
2020 044 2.23
2020 045 2.02
2020 046 1.72
2020 047 1.7
2020 048 2.69
2020 049 0.69
2020 050 1.34
2020 051 1.82
2020 052 1.76
2020 053 1.93
2020 054 2.35
2020 055 2.51
2020 056 3.77
2020 057 3.65
2020 058 4.5
2020 059 3.09
2020 060 3.73
2020 061 4.01
2020 062 5.47
2020 063 4.51
2020 064 5.19
2020 065 4.35
2020 066 4.54
2020 067 3.72
2020 068 3.52
2020 069 3.26
2020 070 2.63
2020 071 3.35
2020 072 2.59
2020 073 2
2020 074 2.62
2020 075 2.42
2020 076 1.12
2020 077 0.76
2020 078 2.39
2020 079 1.34
2020 080 1.48
2020 081 1.02
2020 082 1.3
2020 083 1.7
2020 084 1.65
2020 085 0.91
2020 086 2.8
2020 087 0.84
2020 088 2.77
2020 089 3.67
2020 090 1.36
2020 091 0.93
2020 092 3.31
2020 093 1.95
2020 094 3.22
2020 095 2.96
2020 096 2.19
2020 097 2.53
2020 098 2.94
2020 099 3.54
2020 100 2.73
2020 101 2.52
2020 102 3.56
2020 103 3.58
2020 104 3.12
2020 105 2.24
2020 106 0.98
2020 107 3.22
2020 108 1.8
2020 109 2.42
2020 110 1.05
2020 111 3.63
2020 112 2.23
2020 113 3.23
2020 114 3.72
2020 115 3.71
2020 116 3.15
2020 117 3.08
2020 118 4.47
2020 119 5.06
2020 120 6.01
2020 121 5.57
2020 122 6.8
2020 123 6.94
2020 124 5.17
2020 125 4.12
2020 126 4.46
2020 127 4.82
2020 128 4.39
2020 129 3.62
2020 130 3.66
2020 131 5.16
2020 132 6.37
2020 133 3.45
2020 134 5.64
2020 135 2.67
2020 136 2.51
2020 137 2.56
2020 138 4.66
2020 139 5.1
2020 140 5.6
2020 141 5.48
2020 142 5.58
2020 143 5.68
2020 144 5.28
2020 145 4.05
2020 146 3.85
2020 147 4.85
2020 148 5.52
2020 149 5.2
2020 150 5.86
2020 151 5.38
2020 152 5.44
2020 153 5.02
2020 154 5.35
2020 155 6.16
2020 156 3.89
2020 157 6.25
2020 158 6.29
2020 159 6.01
2020 160 3.05
2020 161 5.05
2020 162 4.9
2020 163 7.44
2020 164 7.64
2020 165 7.18
2020 166 5.53
2020 167 5.95
2020 168 4.89
2020 169 4.09
2020 170 3.9
2020 171 4.42
2020 172 5.5
2020 173 5.27
2020 174 6.13
2020 175 6.01
2020 176 4.76
2020 177 5.98
2020 178 5.8
2020 179 6.35
2020 180 5.44
2020 181 5.63
2020 182 5.17
2020 183 6.29
2020 184 5.78
2020 185 3.89
2020 186 5.63
2020 187 6.11
2020 188 6.17
2020 189 6.12
2020 190 4.43
2020 191 5.22
2020 192 5.72
2020 193 4.52
2020 194 2.9
2020 195 5.23
2020 196 4
2020 197 5.34
2020 198 5.64
2020 199 4.78
2020 200 5.41
2020 201 5.97
2020 202 4.5
2020 203 5.46
2020 204 4.54
2020 205 6
2020 206 5.6
2020 207 5.52
2020 208 5.34
2020 209 5.66
2020 210 5.52
2020 211 5.08
2020 212 5.43
2020 213 5.78
2020 214 5.36
2020 215 5.31
2020 216 3.73
2020 217 5.02
2020 218 5.53
2020 219 5.48
2020 220 5.31
2020 221 5.48
2020 222 5.62
2020 223 5.05
2020 224 3.71
2020 225 5.03
2020 226 5.83
2020 227 4.7
2020 228 5.21
2020 229 6.12
2020 230 5.4
2020 231 4.39
2020 232 5.28
2020 233 5.06
2020 234 5.07
2020 235 4.78
2020 236 4.44
2020 237 4.56
2020 238 5.22
2020 239 4.66
2020 240 4.64
2020 241 4.36
2020 242 4
2020 243 4.4
2020 244 4.44
2020 245 2.91
2020 246 4.46
2020 247 4.4
2020 248 4.46
2020 249 4.3
2020 250 4.36
2020 251 2.6
2020 252 3.91
2020 253 3.67
2020 254 3.87
2020 255 4.33
2020 256 4.15
2020 257 4.05
2020 258 3.78
2020 259 3.79
2020 260 3.76
2020 261 2.56
2020 262 2.09
2020 263 4.67
2020 264 4.29
2020 265 3.91
2020 266 3.6
2020 267 3.17
2020 268 4.15
2020 269 5.32
2020 270 4.71
2020 271 4.48
2020 272 3.43
2020 273 2.97
2020 274 2.58
2020 275 4.63
2020 276 4.16
2020 277 4.24
2020 278 4.46
2020 279 4.05
2020 280 3.33
2020 281 3.3
2020 282 2.81
2020 283 2.8
2020 284 1.9
2020 285 2.68
2020 286 2.79
2020 287 3.58
2020 288 2.06
2020 289 2.73
2020 290 2.56
2020 291 2.79
2020 292 2.15
2020 293 2.01
2020 294 0.94
2020 295 2.19
2020 296 0.9
2020 297 3.03
2020 298 3.18
2020 299 3.57
2020 300 4.26
2020 301 4.04
2020 302 2.32
2020 303 1.79
2020 304 1.79
2020 305 1.8
2020 306 1.82
2020 307 1.68
2020 308 1.11
2020 309 0.95
2020 310 0.47
2020 311 0.78
2020 312 1.1
2020 313 1.46
2020 314 1.16
2020 315 1.14
2020 316 1.17
2020 317 1.06
2020 318 0.88
2020 319 0.75
2020 320 1.57
2020 321 1.52
2020 322 1.15
2020 323 1.11
2020 324 1.03
2020 325 0.93
2020 326 0.88
2020 327 0.87
2020 328 0.82
2020 329 0.77
2020 330 0.79
2020 331 0.66
2020 332 1.1
2020 333 1.02
2020 334 0.85
2020 335 0.78
2020 336 0.87
2020 337 0.92
2020 338 1.02
2020 339 1.4
2020 340 1.8
2020 341 2.02
2020 342 2.36
2020 343 1.87
2020 344 2.07
2020 345 1.92
2020 346 2.18
2020 347 2.28
2020 348 1.34
2020 349 0.64
2020 350 1.19
2020 351 0.76
2020 352 0.73
2020 353 0.71
2020 354 1.01
2020 355 0.82
2020 356 0.95
2020 357 0.74
2020 358 1.1
2020 359 0.93
2020 360 0.9
2020 361 1.03
2020 362 1.46
2020 363 2.23
2020 364 1.92
2020 365 2.01
2020 366 0
2021 001 1.47
2021 002 1.9
2021 003 1.88
2021 004 1.49
2021 005 0.98
2021 006 0.7
2021 007 0.58
2021 008 0.46
2021 009 0.47
2021 010 0.61
2021 011 0.61
2021 012 0.86
2021 013 0.83
2021 014 0.94
2021 015 1.12
2021 016 1.13
2021 017 1.61
2021 018 0.93
2021 019 0.9
2021 020 0.68
2021 021 1.73
2021 022 2.83
2021 023 2.47
2021 024 2.8
2021 025 1.98
2021 026 1.01
2021 027 2.39
2021 028 2
2021 029 2.41
2021 030 2.82
2021 031 2.97
2021 032 4.13
2021 033 2.8
2021 034 2.12
2021 035 1.22
2021 036 0.89
2021 037 1.84
2021 038 2.5
2021 039 2.54
2021 040 1.77
2021 041 2.89
2021 042 2.65
2021 043 3.11
2021 044 2.43
2021 045 1.18
2021 046 1.08
2021 047 1.71
2021 048 1.37
2021 049 1.19
2021 050 1.47
2021 051 1.3
2021 052 1.08
2021 053 2.07
2021 054 1.62
2021 055 0.98
2021 056 1.3
2021 057 1.39
2021 058 1.64
2021 059 1.5
2021 060 1.33
2021 061 0.87
2021 062 1.11
2021 063 1.43
2021 064 1.73
2021 065 1.37
2021 066 0.66
2021 067 1.23
2021 068 1.85
2021 069 2.13
2021 070 2.98
2021 071 3.17
2021 072 2.54
2021 073 2.69
2021 074 2.43
2021 075 2.41
2021 076 2.8
2021 077 1.14
2021 078 1.39
2021 079 2.06
2021 080 2.41
2021 081 2.59
2021 082 2.54
2021 083 2.63
2021 084 2.54
2021 085 2.18
2021 086 1.77
2021 087 2.55
2021 088 2.28
2021 089 2.7
2021 090 2.76
2021 091 2.53
2021 092 3.08
2021 093 3.18
2021 094 1.61
2021 095 3.07
2021 096 3.87
2021 097 1.2
2021 098 2.01
2021 099 0.91
2021 100 1.08
2021 101 2.94
2021 102 2.89
2021 103 2.16
2021 104 1.33
2021 105 1.06
2021 106 2.64
2021 107 2.87
2021 108 3.2
2021 109 3.95
2021 110 2.82
2021 111 1.53
2021 112 1.3
2021 113 2.89
2021 114 1.24
2021 115 2.3
2021 116 1.49
2021 117 2.71
2021 118 2.76
2021 119 3.48
2021 120 3.4
2021 121 3.88
2021 122 2.9
2021 123 1.69
2021 124 3.55
2021 125 3.89
2021 126 4.43
2021 127 4.87
2021 128 3.7
2021 129 2.66
2021 130 3.73
2021 131 5.3
2021 132 4.89
2021 133 5.46
2021 134 4.74
2021 135 5.19
2021 136 6.83
2021 137 4.83
2021 138 5.12
2021 139 3.9
2021 140 4.67
2021 141 4.54
2021 142 3.63
2021 143 1.12
2021 144 4.96
2021 145 3.01
2021 146 4.36
2021 147 3.76
2021 148 3.62
2021 149 5.01
2021 150 4.75
2021 151 3.45
2021 152 2.01
2021 153 4.09
2021 154 4.18
2021 155 3.27
2021 156 1.77
2021 157 4.62
2021 158 5
2021 159 3.72
2021 160 4.36
2021 161 4.79
2021 162 5.32
2021 163 5.58
2021 164 5.23
2021 165 5.41
2021 166 5.49
2021 167 3.5
2021 168 4.27
2021 169 3.48
2021 170 2.08
2021 171 4.6
2021 172 6.05
2021 173 5.33
2021 174 3.94
2021 175 5.14
2021 176 5.27
2021 177 5.53
2021 178 5.68
2021 179 5.27
2021 180 5.13
2021 181 5.13
2021 182 5.38
2021 183 5.33
2021 184 5.42
2021 185 7.04
2021 186 5.28
2021 187 7.14
2021 188 4.85
2021 189 5.6
2021 190 4.71
2021 191 5.62
2021 192 4.33
2021 193 6.54
2021 194 5.92
2021 195 5.26
2021 196 4.65
2021 197 5.45
2021 198 4.87
2021 199 5.47
2021 200 5.52
2021 201 5.26
2021 202 5.52
2021 203 5.76
2021 204 5.16
2021 205 5.05
2021 206 4.52
2021 207 2.85
2021 208 4.99
2021 209 4.29
2021 210 4.66
2021 211 5.41
2021 212 5.16
2021 213 5.04
2021 214 4.72
2021 215 5.12
2021 216 5.71
2021 217 5.2
2021 218 4.8
2021 219 6.6
2021 220 2.29
2021 221 3.17
2021 222 2.36
2021 223 4.3
2021 224 4.73
2021 225 4.83
2021 226 4.52
2021 227 4.56
2021 228 4.04
2021 229 2.27
2021 230 3.71
2021 231 4.55
2021 232 4.55
2021 233 4.7
2021 234 3.2
2021 235 4.43
2021 236 3.63
2021 237 3.88
2021 238 3.94
2021 239 5.01
2021 240 4.48
2021 241 4.53
2021 242 2.56
2021 243 2.77
2021 244 2.41
2021 245 3.47
2021 246 4.07
2021 247 3.17
2021 248 4
2021 249 3.28
2021 250 3.18
2021 251 4.04
2021 252 3.77
2021 253 4.01
2021 254 3.31
2021 255 3.78
2021 256 2.33
2021 257 2.95
2021 258 4.17
2021 259 3.6
2021 260 3.19
2021 261 3.4
2021 262 3.34
2021 263 3.2
2021 264 2.45
2021 265 2.28
2021 266 1.9
2021 267 1.19
2021 268 2.35
2021 269 3.34
2021 270 3.38
2021 271 2.61
2021 272 2.62
2021 273 2.2
2021 274 2.5
2021 275 2.71
2021 276 3.45
2021 277 2.51
2021 278 3.18
2021 279 2.53
2021 280 2.48
2021 281 2.24
2021 282 2.1
2021 283 1.18
2021 284 2.06
2021 285 2.14
2021 286 1.99
2021 287 2.15
2021 288 2.13
2021 289 1.95
2021 290 1.35
2021 291 1.87
2021 292 2.08
2021 293 2.03
2021 294 2.52
2021 295 1.1
2021 296 1.64
2021 297 1.65
2021 298 1.62
2021 299 1.31
2021 300 1.61
2021 301 1.18
2021 302 1.23
2021 303 1.22
2021 304 2.77
2021 305 3.15
2021 306 1.92
2021 307 2.52
2021 308 1.36
2021 309 1.23
2021 310 1.36
2021 311 1.32
2021 312 1.52
2021 313 1.3
2021 314 1.22
2021 315 1.32
2021 316 0.95
2021 317 1.19
2021 318 1.16
2021 319 1.16
2021 320 1
2021 321 0.96
2021 322 0.73
2021 323 0.66
2021 324 0.58
2021 325 0.94
2021 326 0.63
2021 327 1.08
2021 328 1.18
2021 329 2
2021 330 1.26
2021 331 2.15
2021 332 2.33
2021 333 2.65
2021 334 1.12
2021 335 1.32
2021 336 1.78
2021 337 2.52
2021 338 2.31
2021 339 3.12
2021 340 3.34
2021 341 2.12
2021 342 3.63
2021 343 3.02
2021 344 2.99
2021 345 2.71
2021 346 0.84
2021 347 0.76
2021 348 0.66
2021 349 0.66
2021 350 0.82
2021 351 0.79
2021 352 0.68
2021 353 0.59
2021 354 0.74
2021 355 0.95
2021 356 0.61
2021 357 0.71
2021 358 0.89
2021 359 0.91
2021 360 1.77
2021 361 3
2021 362 3.74
2021 363 1.96
2021 364 1
2021 365 0.79
2022 001 0.76
2022 002 0.82
2022 003 0.81
2022 004 2.55
2022 005 2.83
2022 006 0.97
2022 007 1.35
2022 008 2.21
2022 009 3.64
2022 010 3.39
2022 011 0.74
2022 012 0.83
2022 013 0.81
2022 014 0.75
2022 015 0.94
2022 016 0.92
2022 017 1
2022 018 1.07
2022 019 0.83
2022 020 0.84
2022 021 1.06
2022 022 0.91
2022 023 0.7
2022 024 0.72
2022 025 0.99
2022 026 0.87
2022 027 1.06
2022 028 1.27
2022 029 1.69
2022 030 1.74
2022 031 2.3
2022 032 1.5
2022 033 2.17
2022 034 2.3
2022 035 1.37
2022 036 0.84
2022 037 1.28
2022 038 1.63
2022 039 1.34
2022 040 1.24
2022 041 1.52
2022 042 1.44
2022 043 1.57
2022 044 1.67
2022 045 3.22
2022 046 4.22
2022 047 4.34
2022 048 2.83
2022 049 2.29
2022 050 1.37
2022 051 1.93
2022 052 2.58
2022 053 2.4
2022 054 1.89
2022 055 1.95
2022 056 0.99
2022 057 1.08
2022 058 1.15
2022 059 1.94
2022 060 2.32
2022 061 3.09
2022 062 2.15
2022 063 1.84
2022 064 1.42
2022 065 0.94
2022 066 0.61
2022 067 1.77
2022 068 2.32
2022 069 2.18
2022 070 1.58
2022 071 3.78
2022 072 2.61
2022 073 1.07
2022 074 1.04
2022 075 1.15
2022 076 1.07
2022 077 1.51
2022 078 1.22
2022 079 1.44
2022 080 0.81
2022 081 1.65
2022 082 1.17
2022 083 0.59
2022 084 0.81
2022 085 1.19
2022 086 2.26
2022 087 1.67
2022 088 2.11
2022 089 1.45
2022 090 3.75
2022 091 4
2022 092 3.85
2022 093 2.99
2022 094 1.76
2022 095 1.31
2022 096 3.26
2022 097 6.47
2022 098 5.19
2022 099 4.78
2022 100 1.74
2022 101 1.67
2022 102 1.27
2022 103 1.57
2022 104 3.65
2022 105 3.52
2022 106 4.52
2022 107 4.18
2022 108 3.45
2022 109 2.06
2022 110 1.11
2022 111 3.54
2022 112 3.02
2022 113 5.09
2022 114 5.82
2022 115 4.17
2022 116 3.67
2022 117 1.33
2022 118 1.67
2022 119 4.1
2022 120 4.16
2022 121 3.8
2022 122 2.55
2022 123 1.5
2022 124 1.49
2022 125 4.67
2022 126 4.56
2022 127 4.68
2022 128 4.77
2022 129 4.57
2022 130 5.06
2022 131 5.16
2022 132 4.6
2022 133 4.75
2022 134 4.8
2022 135 4.98
2022 136 5.16
2022 137 5.22
2022 138 4.97
2022 139 4.91
2022 140 5.15
2022 141 5.15
2022 142 4.94
2022 143 6.51
2022 144 4.49
2022 145 4.33
2022 146 5.28
2022 147 5.46
2022 148 5.95
2022 149 5.55
2022 150 5.93
2022 151 5.32
2022 152 5.35
2022 153 4.47
2022 154 5.58
2022 155 5.41
2022 156 6.6
2022 157 5.52
2022 158 5.35
2022 159 5.78
2022 160 5.74
2022 161 5.77
2022 162 5.94
2022 163 5.85
2022 164 5.52
2022 165 5.5
2022 166 5.45
2022 167 5.82
2022 168 6.34
2022 169 6.16
2022 170 5.49
2022 171 5.45
2022 172 3.79
2022 173 6.55
2022 174 6.83
2022 175 7.28
2022 176 5.94
2022 177 5.36
2022 178 4
2022 179 5.74
2022 180 5.97
2022 181 5.52
2022 182 4.23
2022 183 5.06
2022 184 4.98
2022 185 5.78
2022 186 3.93
2022 187 4
2022 188 5.58
2022 189 6.14
2022 190 6.26
2022 191 6.12
2022 192 6.18
2022 193 6.19
2022 194 6.48
2022 195 5.92
2022 196 5.88
2022 197 6.39
2022 198 6.23
2022 199 6.03
2022 200 5.98
2022 201 5.62
2022 202 5.68
2022 203 6.1
2022 204 5.87
2022 205 5.85
2022 206 5.58
2022 207 5.33
2022 208 5.62
2022 209 5.89
2022 210 5.4
2022 211 5.01
2022 212 4.68
2022 213 4.09
2022 214 5.9
2022 215 6.07
2022 216 5.91
2022 217 5.74
2022 218 5.67
2022 219 5.88
2022 220 5.7
2022 221 5.47
2022 222 5.56
2022 223 5.5
2022 224 5.9
2022 225 5.93
2022 226 5.58
2022 227 5.72
2022 228 5.85
2022 229 5.21
2022 230 5.15
2022 231 4.96
2022 232 4.89
2022 233 4.87
2022 234 5
2022 235 4.8
2022 236 4.99
2022 237 4.79
2022 238 3.79
2022 239 4.53
2022 240 4.74
2022 241 3.95
2022 242 4.28
2022 243 5.89
2022 244 3.81
2022 245 5.79
2022 246 4.52
2022 247 4.44
2022 248 4.42
2022 249 4.76
2022 250 4.52
2022 251 4.35
2022 252 4.74
2022 253 3.88
2022 254 4.1
2022 255 2.97
2022 256 1.35
2022 257 3.04
2022 258 4.15
2022 259 3.86
2022 260 2.75
2022 261 2.24
2022 262 3.14
2022 263 3.65
2022 264 3.13
2022 265 2.9
2022 266 3.2
2022 267 2.89
2022 268 2.49
2022 269 2.29
2022 270 4.12
2022 271 3.71
2022 272 5.04
2022 273 3.25
2022 274 3.09
2022 275 3.1
2022 276 1.88
2022 277 2.52
2022 278 2.22
2022 279 1.74
2022 280 1.4
2022 281 2.56
2022 282 1.97
2022 283 1.97
2022 284 1.51
2022 285 2.28
2022 286 2.47
2022 287 2.8
2022 288 2.53
2022 289 2.24
2022 290 1.91
2022 291 1.56
2022 292 1.77
2022 293 1.28
2022 294 2.02
2022 295 1.75
2022 296 1.65
2022 297 1.77
2022 298 1.86
2022 299 1.49
2022 300 1.81
2022 301 1.59
2022 302 1.49
2022 303 1.31
2022 304 1.32
2022 305 2.21
2022 306 1.59
2022 307 2.08
2022 308 3.67
2022 309 1.77
2022 310 2.35
2022 311 1.46
2022 312 1.91
2022 313 2.15
2022 314 1.52
2022 315 0.63
2022 316 1.38
2022 317 1.24
2022 318 1.48
2022 319 1.82
2022 320 2.57
2022 321 3.19
2022 322 2.08
2022 323 3.19
2022 324 3.02
2022 325 2.87
2022 326 3.09
2022 327 2.93
2022 328 1.31
2022 329 2.13
2022 330 0.98
2022 331 0.93
2022 332 2.3
2022 333 2
2022 334 0.98
2022 335 0.7
2022 336 0.95
2022 337 0.86
2022 338 0.84
2022 339 0.76
2022 340 0.68
2022 341 0.72
2022 342 0.57
2022 343 0.82
2022 344 2.28
2022 345 0.76
2022 346 1.38
2022 347 1.51
2022 348 1.27
2022 349 1.39
2022 350 1.45
2022 351 0.7
2022 352 0.69
2022 353 0.65
2022 354 0.97
2022 355 2.38
2022 356 2.93
2022 357 1.49
2022 358 1.44
2022 359 0.98
2022 360 0.9
2022 361 0.87
2022 362 0.8
2022 363 1.42
2022 364 2.26
2022 365 1.34
