 april24                   SWAT+ Apr 12 2023       MODULAR Rev 2023.60.5.6                                
   jday   mon   day    yr   unit  gis_id  name                     lai       bioms       yield     residue     sol_tmp       strsw       strsa     strstmp       strsn       strsp        nplt       percn       pplnt         tmx         tmn       tmpav     solarad      wndspd        rhum     phubas0     lai_max      bm_max     bm_grow       c_gro
                                                             m**2/m**2        kgha        kgha        kgha        degc         ---         ---         ---         ---         ---        kgha        kgha        kgha        degc        degc        degc      mj/m^2         m/s        frac        degc   m**2/m**2       kg/ha       kg/ha       kg/ha
   365    12    31  2023       1       1  hru01                  0.986   70311.930       0.000     125.097      18.150       0.000       0.000       0.000       0.000       0.000     254.563       5.212      47.446      21.794      15.020      18.407      16.755       3.133       0.736       0.477       0.000       0.000       0.000       0.000
   365    12    31  2023       2       2  hru02                  0.995    3564.396    7565.154     373.387      17.548       0.000       0.000       2.021      19.289       0.000       0.000       5.966       0.000      21.794      15.020      18.407      16.755       3.133       0.736       0.477       0.000       0.000       0.000       0.000
   365    12    31  2023       3       3  hru03                  0.986   70311.844       0.000     125.096      18.150       0.000       0.000       0.000       0.000       0.000     254.563       5.206      47.446      21.794      15.020      18.407      16.755       3.133       0.736       0.477       0.000       0.000       0.000       0.000
   365    12    31  2023       4       4  hru04                  0.995    3615.591    7666.445     378.359      17.548       0.000       0.000       2.021      18.094       0.000       0.000       6.312       0.000      21.794      15.020      18.407      16.755       3.133       0.736       0.477       0.000       0.000       0.000       0.000
   365    12    31  2023       5       5  hru05                  0.986   70312.008       0.000     125.098      18.150       0.000       0.000       0.000       0.000       0.000     254.563       5.214      47.446      21.794      15.020      18.407      16.755       3.133       0.736       0.477       0.000       0.000       0.000       0.000
   365    12    31  2023       6       6  hru06                  0.995    3590.893    7632.296     376.667      17.549       0.000       0.000       2.021      18.995       0.000       0.000       6.524       0.000      21.794      15.020      18.407      16.755       3.133       0.736       0.477       0.000       0.000       0.000       0.000
   365    12    31  2023       7       7  hru07                  0.995    3564.245    7564.556     373.358      17.548       0.000       0.000       2.021      19.290       0.000       0.000       5.964       0.000      21.794      15.020      18.407      16.755       3.133       0.736       0.477       0.000       0.000       0.000       0.000
   365    12    31  2023       8       8  hru08                  0.986   70312.047       0.000     125.099      18.150       0.000       0.000       0.000       0.000       0.000     254.563       5.214      47.446      21.794      15.020      18.407      16.755       3.133       0.736       0.477       0.000       0.000       0.000       0.000
   365    12    31  2023       9       9  hru09                  0.986   70311.977       0.000     125.098      18.150       0.000       0.000       0.000       0.000       0.000     254.563       5.212      47.446      21.794      15.020      18.407      16.755       3.133       0.736       0.477       0.000       0.000       0.000       0.000
   365    12    31  2023      10      10  hru10                  0.986   70311.984       0.000     125.098      18.150       0.000       0.000       0.000       0.000       0.000     254.563       5.208      47.446      21.794      15.020      18.407      16.755       3.133       0.736       0.477       0.000       0.000       0.000       0.000
   365    12    31  2023      11      11  hru11                  0.986   70312.031       0.000     125.099      18.150       0.000       0.000       0.000       0.000       0.000     254.563       5.216      47.446      21.794      15.020      18.407      16.755       3.133       0.736       0.477       0.000       0.000       0.000       0.000
   365    12    31  2023      12      12  hru12                  0.995    3565.871    7569.827     373.615      17.548       0.000       0.000       2.021      19.291       0.000       0.000       6.002       0.000      21.794      15.020      18.407      16.755       3.133       0.736       0.477       0.000       0.000       0.000       0.000
   365    12    31  2023      13      13  hru13                  0.986   70312.016       0.000     125.099      18.150       0.000       0.000       0.000       0.000       0.000     254.563       5.215      47.446      21.794      15.020      18.407      16.755       3.133       0.736       0.477       0.000       0.000       0.000       0.000
   365    12    31  2023      14      14  hru14                  0.995    3621.921    7671.396     378.609      17.548       0.000       0.000       2.021      17.857       0.000       0.000       6.242       0.000      21.794      15.020      18.407      16.755       3.133       0.736       0.477       0.000       0.000       0.000       0.000
   365    12    31  2023      15      15  hru15                  0.986   70312.047       0.000     125.099      18.150       0.000       0.000       0.000       0.000       0.000     254.563       5.214      47.446      21.794      15.020      18.407      16.755       3.133       0.736       0.477       0.000       0.000       0.000       0.000
   365    12    31  2023      16      16  hru16                  0.995    3600.467    7644.198     377.259      17.548       0.000       0.000       2.021      18.552       0.000       0.000       6.409       0.000      21.794      15.020      18.407      16.755       3.133       0.736       0.477       0.000       0.000       0.000       0.000
   365    12    31  2023      17      17  hru17                  0.986   70312.047       0.000     125.099      18.150       0.000       0.000       0.000       0.000       0.000     254.563       5.216      47.446      21.794      15.020      18.407      16.755       3.133       0.736       0.477       0.000       0.000       0.000       0.000
   365    12    31  2023      18      18  hru18                  0.995    3589.802    7636.783     376.884      17.549       0.000       0.000       2.021      19.148       0.000       0.000       6.614       0.000      21.794      15.020      18.407      16.755       3.133       0.736       0.477       0.000       0.000       0.000       0.000
   365    12    31  2023      19      19  hru19                  0.986   70312.008       0.000     125.099      18.150       0.000       0.000       0.000       0.000       0.000     254.563       5.212      47.446      21.794      15.020      18.407      16.755       3.133       0.736       0.477       0.000       0.000       0.000       0.000
   365    12    31  2023      20      20  hru20                  0.986   70311.844       0.000     125.096      18.150       0.000       0.000       0.000       0.000       0.000     254.563       5.198      47.446      21.794      15.020      18.407      16.755       3.133       0.736       0.477       0.000       0.000       0.000       0.000
   365    12    31  2023      21      21  hru21                  0.995    3950.818    8386.536     413.793      17.555       0.000       0.000       2.021      12.787       0.000       0.000       6.497       0.000      21.794      15.020      18.407      16.755       3.133       0.736       0.477       0.000       0.000       0.000       0.000
   365    12    31  2023      22      22  hru22                  0.986   70311.914       0.000     125.097      18.150       0.000       0.000       0.000       0.000       0.000     254.563       5.200      47.446      21.794      15.020      18.407      16.755       3.133       0.736       0.477       0.000       0.000       0.000       0.000
   365    12    31  2023      23      23  hru23                  0.986   70311.992       0.000     125.098      18.150       0.000       0.000       0.000       0.000       0.000     254.563       5.214      47.446      21.794      15.020      18.407      16.755       3.133       0.736       0.477       0.000       0.000       0.000       0.000
   365    12    31  2023      24      24  hru24                  0.995    3583.353    7629.257     376.501      17.552       0.000       0.000       2.021      19.904       0.000       0.000       7.032       0.000      21.794      15.020      18.407      16.755       3.133       0.736       0.477       0.000       0.000       0.000       0.000
   365    12    31  2023      25      25  hru25                  0.995    3579.819    7609.127     375.533      17.550       0.000       0.000       2.021      19.775       0.000       0.000       6.717       0.000      21.794      15.020      18.407      16.755       3.133       0.736       0.477       0.000       0.000       0.000       0.000
   365    12    31  2023      26      26  hru26                  0.986   70312.047       0.000     125.099      18.150       0.000       0.000       0.000       0.000       0.000     254.564       5.213      47.446      21.794      15.020      18.407      16.755       3.133       0.736       0.477       0.000       0.000       0.000       0.000
   365    12    31  2023      27      27  hru27                  0.986   70312.016       0.000     125.098      18.150       0.000       0.000       0.000       0.000       0.000     254.563       5.204      47.446      21.794      15.020      18.407      16.755       3.133       0.736       0.477       0.000       0.000       0.000       0.000
   365    12    31  2023      28      28  hru28                  0.995    3609.461    7647.743     377.448      17.548       0.000       0.000       2.021      18.288       0.000       0.000       6.294       0.000      21.794      15.020      18.407      16.755       3.133       0.736       0.477       0.000       0.000       0.000       0.000
   365    12    31  2023      29      29  hru29                  0.995    3586.719    7645.128     377.274      17.553       0.000       0.000       2.021      19.919       0.000       0.000       7.252       0.000      21.794      15.020      18.407      16.755       3.133       0.736       0.477       0.000       0.000       0.000       0.000
   365    12    31  2023      30      30  hru30                  0.986   70312.047       0.000     125.099      18.150       0.000       0.000       0.000       0.000       0.000     254.563       5.216      47.446      21.794      15.020      18.407      16.755       3.133       0.736       0.477       0.000       0.000       0.000       0.000
   365    12    31  2023      31      31  hru31                  0.995    3585.356    7632.239     376.656      17.551       0.000       0.000       2.021      19.753       0.000       0.000       6.890       0.000      21.794      15.020      18.407      16.755       3.133       0.736       0.477       0.000       0.000       0.000       0.000
   365    12    31  2023      32      32  hru32                  0.986   70312.047       0.000     125.099      18.150       0.000       0.000       0.000       0.000       0.000     254.564       5.214      47.446      21.794      15.020      18.407      16.755       3.133       0.736       0.477       0.000       0.000       0.000       0.000
   365    12    31  2023      33      33  hru33                  0.986   70312.047       0.000     125.099      18.150       0.000       0.000       0.000       0.000       0.000     254.564       5.206      47.446      21.794      15.020      18.407      16.755       3.133       0.736       0.477       0.000       0.000       0.000       0.000
   365    12    31  2023      34      34  hru34                  0.986   70312.008       0.000     125.098      18.150       0.000       0.000       0.000       0.000       0.000     254.563       5.200      47.446      21.794      15.020      18.407      16.755       3.133       0.736       0.477       0.000       0.000       0.000       0.000
   365    12    31  2023      35      35  hru35                  0.986   70312.047       0.000     125.099      18.150       0.000       0.000       0.000       0.000       0.000     254.563       5.216      47.446      21.794      15.020      18.407      16.755       3.133       0.736       0.477       0.000       0.000       0.000       0.000
   365    12    31  2023      36      36  hru36                  1.036    4437.573    8809.505     434.602      17.562       0.000       0.000       2.412      10.550       0.000       0.000       2.866       0.000      21.794      15.020      18.407      16.755       3.133       0.736       0.477       0.000       0.000       0.000       0.000
   365    12    31  2023      37      37  hru37                  0.986   70312.008       0.000     125.098      18.150       0.000       0.000       0.000       0.000       0.000     254.563       5.198      47.446      21.794      15.020      18.407      16.755       3.133       0.736       0.477       0.000       0.000       0.000       0.000
   365    12    31  2023      38      38  hru38                  0.995    3577.268    7614.150     375.765      17.554       0.000       0.000       2.021      20.227       0.000       0.000       7.247       0.000      21.794      15.020      18.407      16.755       3.133       0.736       0.477       0.000       0.000       0.000       0.000
   365    12    31  2023      39      39  hru39                  0.986   70312.023       0.000     125.098      18.150       0.000       0.000       0.000       0.000       0.000     254.563       5.207      47.446      21.794      15.020      18.407      16.755       3.133       0.736       0.477       0.000       0.000       0.000       0.000
   365    12    31  2023      40      40  hru40                  0.995    3574.139    7604.470     375.293      17.554       0.000       0.000       2.021      20.361       0.000       0.000       7.329       0.000      21.794      15.020      18.407      16.755       3.133       0.736       0.477       0.000       0.000       0.000       0.000
   365    12    31  2023      41      41  hru41                  0.995    3585.000    7632.031     376.645      17.551       0.000       0.000       2.021      19.797       0.000       0.000       6.927       0.000      21.794      15.020      18.407      16.755       3.133       0.736       0.477       0.000       0.000       0.000       0.000
   365    12    31  2023      42      42  hru42                  0.986   70311.953       0.000     125.097      18.149       0.000       0.000       0.000       0.000       0.000     254.563       5.186      47.446      21.794      15.020      18.407      16.755       3.133       0.736       0.477       0.000       0.000       0.000       0.000
   365    12    31  2023      43      43  hru43                  0.986   70311.930       0.000     125.096      18.149       0.000       0.000       0.000       0.000       0.000     254.563       5.178      47.446      21.794      15.020      18.407      16.755       3.133       0.736       0.477       0.000       0.000       0.000       0.000
   365    12    31  2023      44      44  hru44                  0.995    3586.210    7620.827     376.105      17.549       0.000       0.000       2.021      19.109       0.000       0.000       6.488       0.000      21.794      15.020      18.407      16.755       3.133       0.736       0.477       0.000       0.000       0.000       0.000
   365    12    31  2023      45      45  hru45                  0.986   70312.047       0.000     125.099      18.150       0.000       0.000       0.000       0.000       0.000     254.563       5.216      47.446      21.794      15.020      18.407      16.755       3.133       0.736       0.477       0.000       0.000       0.000       0.000
   365    12    31  2023      46      46  hru46                  1.036    4045.173    8011.282     395.341      17.552       0.000       0.000       2.412      16.208       0.000       0.000       3.243       0.000      21.794      15.020      18.407      16.755       3.133       0.736       0.477       0.000       0.000       0.000       0.000
   365    12    31  2023      47      47  hru47                  0.986   70312.047       0.000     125.099      18.150       0.000       0.000       0.000       0.000       0.000     254.563       5.216      47.446      21.794      15.020      18.407      16.755       3.133       0.736       0.477       0.000       0.000       0.000       0.000
   365    12    31  2023      48      48  hru48                  1.036    4033.539    7992.634     394.411      17.553       0.000       0.000       2.412      15.866       0.000       0.000       2.497       0.000      21.794      15.020      18.407      16.755       3.133       0.736       0.477       0.000       0.000       0.000       0.000
   365    12    31  2023      49      49  hru49                  0.986   70312.047       0.000     125.099      18.150       0.000       0.000       0.000       0.000       0.000     254.563       5.216      47.446      21.794      15.020      18.407      16.755       3.133       0.736       0.477       0.000       0.000       0.000       0.000
   365    12    31  2023      50      50  hru50                  1.036    4088.282    8077.136     398.578      17.553       0.000       0.000       2.412      15.231       0.000       0.000       2.717       0.000      21.794      15.020      18.407      16.755       3.133       0.736       0.477       0.000       0.000       0.000       0.000
   365    12    31  2023      51      51  hru51                  0.986   70312.047       0.000     125.099      18.150       0.000       0.000       0.000       0.000       0.000     254.563       5.216      47.446      21.794      15.020      18.407      16.755       3.133       0.736       0.477       0.000       0.000       0.000       0.000
   365    12    31  2023      52      52  hru52                  1.036    4044.948    8010.833     395.319      17.552       0.000       0.000       2.412      16.205       0.000       0.000       3.238       0.000      21.794      15.020      18.407      16.755       3.133       0.736       0.477       0.000       0.000       0.000       0.000
   365    12    31  2023      53      53  hru53                  0.986   70312.047       0.000     125.099      18.150       0.000       0.000       0.000       0.000       0.000     254.563       5.216      47.446      21.794      15.020      18.407      16.755       3.133       0.736       0.477       0.000       0.000       0.000       0.000
   365    12    31  2023      54      54  hru54                  0.986   70311.961       0.000     125.097      18.149       0.000       0.000       0.000       0.000       0.000     254.563       5.179      47.446      21.794      15.020      18.407      16.755       3.133       0.736       0.477       0.000       0.000       0.000       0.000
   365    12    31  2023      55      55  hru55                  1.036    4045.813    8012.261     395.388      17.552       0.000       0.000       2.412      16.173       0.000       0.000       3.227       0.000      21.794      15.020      18.407      16.755       3.133       0.736       0.477       0.000       0.000       0.000       0.000
   365    12    31  2023      56      56  hru56                  0.986   70311.961       0.000     125.097      18.149       0.000       0.000       0.000       0.000       0.000     254.563       5.181      47.446      21.794      15.020      18.407      16.755       3.133       0.736       0.477       0.000       0.000       0.000       0.000
   365    12    31  2023      57      57  hru57                  0.986   70312.016       0.000     125.098      18.150       0.000       0.000       0.000       0.000       0.000     254.563       5.197      47.446      21.794      15.020      18.407      16.755       3.133       0.736       0.477       0.000       0.000       0.000       0.000
   365    12    31  2023      58      58  hru58                  0.995    3617.595    7670.329     378.551      17.548       0.000       0.000       2.021      18.036       0.000       0.000       6.303       0.000      21.794      15.020      18.407      16.755       3.133       0.736       0.477       0.000       0.000       0.000       0.000
   365    12    31  2023      59      59  hru59                  0.986   70312.047       0.000     125.099      18.150       0.000       0.000       0.000       0.000       0.000     254.563       5.215      47.446      21.794      15.020      18.407      16.755       3.133       0.736       0.477       0.000       0.000       0.000       0.000
   365    12    31  2023      60      60  hru60                  1.036    4080.286    8063.227     397.896      17.553       0.000       0.000       2.412      15.331       0.000       0.000       2.753       0.000      21.794      15.020      18.407      16.755       3.133       0.736       0.477       0.000       0.000       0.000       0.000
   365    12    31  2023      61      61  hru61                  0.986   70312.031       0.000     125.098      18.150       0.000       0.000       0.000       0.000       0.000     254.563       5.201      47.446      21.794      15.020      18.407      16.755       3.133       0.736       0.477       0.000       0.000       0.000       0.000
   365    12    31  2023      62      62  hru62                  1.036    4031.647    7988.952     394.228      17.553       0.000       0.000       2.412      15.953       0.000       0.000       2.546       0.000      21.794      15.020      18.407      16.755       3.133       0.736       0.477       0.000       0.000       0.000       0.000
   365    12    31  2023      63      63  hru63                  0.986   70312.039       0.000     125.099      18.150       0.000       0.000       0.000       0.000       0.000     254.563       5.215      47.446      21.794      15.020      18.407      16.755       3.133       0.736       0.477       0.000       0.000       0.000       0.000
   365    12    31  2023      64      64  hru64                  1.036    4048.068    8017.800     395.654      17.552       0.000       0.000       2.412      16.065       0.000       0.000       3.162       0.000      21.794      15.020      18.407      16.755       3.133       0.736       0.477       0.000       0.000       0.000       0.000
   365    12    31  2023      65      65  hru65                  1.036    4054.782    8022.339     395.884      17.552       0.000       0.000       2.412      15.717       0.000       0.000       2.886       0.000      21.794      15.020      18.407      16.755       3.133       0.736       0.477       0.000       0.000       0.000       0.000
   365    12    31  2023      66      66  hru66                  0.986   70312.000       0.000     125.096      18.149       0.000       0.000       0.000       0.000       0.000     254.564       5.122      47.446      21.794      15.020      18.407      16.755       3.133       0.736       0.477       0.000       0.000       0.000       0.000
   365    12    31  2023      67      67  hru67                  0.986   70312.047       0.000     125.099      18.150       0.000       0.000       0.000       0.000       0.000     254.563       5.216      47.446      21.794      15.020      18.407      16.755       3.133       0.736       0.477       0.000       0.000       0.000       0.000
   365    12    31  2023      68      68  hru68                  1.036    4051.382    8017.861     395.665      17.552       0.000       0.000       2.412      15.796       0.000       0.000       2.917       0.000      21.794      15.020      18.407      16.755       3.133       0.736       0.477       0.000       0.000       0.000       0.000
   365    12    31  2023      69      69  hru69                  1.036    4044.893    8013.163     395.429      17.552       0.000       0.000       2.412      15.976       0.000       0.000       3.061       0.000      21.794      15.020      18.407      16.755       3.133       0.736       0.477       0.000       0.000       0.000       0.000
   365    12    31  2023      70      70  hru70                  0.986   70312.047       0.000     125.099      18.150       0.000       0.000       0.000       0.000       0.000     254.563       5.216      47.446      21.794      15.020      18.407      16.755       3.133       0.736       0.477       0.000       0.000       0.000       0.000
   365    12    31  2023      71      71  hru71                  1.036    4048.072    8017.797     395.654      17.552       0.000       0.000       2.412      16.063       0.000       0.000       3.160       0.000      21.794      15.020      18.407      16.755       3.133       0.736       0.477       0.000       0.000       0.000       0.000
   365    12    31  2023      72      72  hru72                  0.986   70311.953       0.000     125.096      18.149       0.000       0.000       0.000       0.000       0.000     254.563       5.173      47.446      21.794      15.020      18.407      16.755       3.133       0.736       0.477       0.000       0.000       0.000       0.000
   365    12    31  2023      73      73  hru73                  0.995    3592.485    7646.763     377.370      17.550       0.000       0.000       2.021      19.192       0.000       0.000       6.703       0.000      21.794      15.020      18.407      16.755       3.133       0.736       0.477       0.000       0.000       0.000       0.000
   365    12    31  2023      74      74  hru74                  0.986   70312.000       0.000     125.098      18.150       0.000       0.000       0.000       0.000       0.000     254.563       5.199      47.446      21.794      15.020      18.407      16.755       3.133       0.736       0.477       0.000       0.000       0.000       0.000
   365    12    31  2023      75      75  hru75                  0.986   70312.023       0.000     125.099      18.150       0.000       0.000       0.000       0.000       0.000     254.563       5.207      47.446      21.794      15.020      18.407      16.755       3.133       0.736       0.477       0.000       0.000       0.000       0.000
   365    12    31  2023      76      76  hru76                  0.995    3950.782    8386.400     413.786      17.555       0.000       0.000       2.021      12.788       0.000       0.000       6.496       0.000      21.794      15.020      18.407      16.755       3.133       0.736       0.477       0.000       0.000       0.000       0.000
   365    12    31  2023      77      77  hru77                  0.986   70312.047       0.000     125.099      18.150       0.000       0.000       0.000       0.000       0.000     254.564       5.212      47.446      21.794      15.020      18.407      16.755       3.133       0.736       0.477       0.000       0.000       0.000       0.000
