 april24                   SWAT+ Apr 12 2023       MODULAR Rev 2023.60.5.6                                
  jday   mon   day    yr    unit  gis_id  name                  precip     snofall      snomlt    surq_gen        latq    wateryld        perc          et     ecanopy      eplant       esoil   surq_cont          cn     sw_init    sw_final      sw_ave      sw_300    sno_init   sno_final     snopack         pet       qtile         irr  surq_runon  latq_runon    overbank    surq_cha    surq_res     surq_ls    latq_cha    latq_res     latq_ls     gwtranq       satex  satex_chan   sw_change     lagsurf     laglatq    lagsatex     wet_out
                                                                  mm            mm          mm          mm          mm          mm          mm          mm          mm          mm          mm          mm         ---          mm          mm          mm          mm          mm          mm          mm          mm          mm          mm          mm          mm          mm          mm          mm          mm          mm          mm          mm          mm          mm          mm          mm          mm          mm          mm          mm
   365    12    31  2022       1       1  hru01                368.686       3.343       3.343       4.576       0.000       4.576       1.578     371.494      20.313     346.264       4.917       4.575      67.016     125.126      62.145      77.106      15.314       0.000       0.000       0.014    1161.035       0.000       0.000       0.000       0.000       0.000       4.575       0.000       0.000       0.000       0.000       0.000       0.000       0.000       0.000      -8.962       4.308       0.673       0.000       0.000
   365    12    31  2022       2       2  hru02                368.686       3.555       3.547    1250.326       0.000    1250.326       0.000    1198.158       3.746     190.560    1003.851    2500.652       0.000      18.131      17.865      19.200      12.486       0.000       0.000       0.014    1160.998       0.000    2076.006       0.000       0.000       0.000    2500.652       0.000       0.000       0.000       0.000       0.000       0.000       0.000       0.000      -0.038       0.000       0.000       0.000       0.000
   365    12    31  2022       3       3  hru03                368.686       3.343       3.343       4.576       0.001       4.577       1.578     371.493      20.313     346.262       4.917       4.575      67.016     125.125      62.146      77.104      15.314       0.000       0.000       0.014    1161.039       0.000       0.000       0.000       0.000       0.000       4.575       0.000       0.000       0.001       0.000       0.000       0.000       0.000       0.000      -8.962       2.087       1.407       0.000       0.000
   365    12    31  2022       4       4  hru04                368.686       3.555       3.547    1218.548       0.000    1218.548       0.000    1225.960       3.754     199.678    1022.528    2437.097       0.000      20.608      19.439      21.265      13.102       0.000       0.000       0.014    1161.000       0.000    2071.895       0.000       0.000       0.000    2437.097       0.000       0.000       0.000       0.000       0.000       0.000       0.000       0.000      -0.166       0.000       0.000       0.000       0.000
   365    12    31  2022       5       5  hru05                368.686       3.343       3.343       4.576       0.000       4.576       1.578     371.495      20.313     346.265       4.917       4.575      67.016     125.126      62.145      77.108      15.314       0.000       0.000       0.014    1161.031       0.000       0.000       0.000       0.000       0.000       4.575       0.000       0.000       0.000       0.000       0.000       0.000       0.000       0.000      -8.962       4.692       0.412       0.000       0.000
   365    12    31  2022       6       6  hru06                368.686       3.555       3.547    1177.082       0.000    1177.082       0.003    1260.699       3.757     210.068    1046.875    2354.165       0.000      23.485      21.274      23.588      13.752       0.000       0.000       0.014    1160.998       0.000    2065.020       0.000       0.000       0.000    2354.165       0.000       0.000       0.000       0.000       0.000       0.000       0.000       0.000      -0.315       0.000       0.000       0.000       0.000
   365    12    31  2022       7       7  hru07                368.686       3.555       3.547    1253.499       0.000    1253.499       0.000    1197.702       3.746     190.441    1003.514    2506.998       0.000      18.129      17.846      19.175      12.476       0.000       0.000       0.014    1160.999       0.000    2078.719       0.000       0.000       0.000    2506.998       0.000       0.000       0.000       0.000       0.000       0.000       0.000       0.000      -0.040       0.000       0.000       0.000       0.000
   365    12    31  2022       8       8  hru08                368.686       3.343       3.343       4.576       0.000       4.576       1.578     371.495      20.313     346.265       4.917       4.575      67.016     125.127      62.145      77.108      15.314       0.000       0.000       0.014    1161.029       0.000       0.000       0.000       0.000       0.000       4.575       0.000       0.000       0.000       0.000       0.000       0.000       0.000       0.000      -8.962       7.421       0.517       0.000       0.000
   365    12    31  2022       9       9  hru09                368.686       3.343       3.343       4.576       0.001       4.576       1.578     371.494      20.313     346.264       4.917       4.575      67.016     125.126      62.145      77.107      15.314       0.000       0.000       0.014    1161.032       0.000       0.000       0.000       0.000       0.000       4.575       0.000       0.000       0.001       0.000       0.000       0.000       0.000       0.000      -8.962       6.069       0.756       0.000       0.000
   365    12    31  2022      10      10  hru10                368.686       3.343       3.343       4.576       0.001       4.577       1.578     371.493      20.313     346.263       4.917       4.575      67.016     125.126      62.145      77.106      15.314       0.000       0.000       0.014    1161.032       0.000       0.000       0.000       0.000       0.000       4.575       0.000       0.000       0.001       0.000       0.000       0.000       0.000       0.000      -8.962       4.432       1.296       0.000       0.000
   365    12    31  2022      11      11  hru11                368.686       3.343       3.343       4.576       0.000       4.576       1.578     371.495      20.313     346.265       4.917       4.575      67.016     125.127      62.145      77.109      15.314       0.000       0.000       0.014    1161.028       0.000       0.000       0.000       0.000       0.000       4.575       0.000       0.000       0.000       0.000       0.000       0.000       0.000       0.000      -8.962       8.303       0.000       0.000       0.000
   365    12    31  2022      12      12  hru12                368.686       3.555       3.547    1274.920       0.000    1274.920       0.000    1203.430       3.748     191.764    1007.919    2549.840       0.000      18.368      18.210      19.524      12.622       0.000       0.000       0.014    1160.997       0.000    2105.886       0.000       0.000       0.000    2549.840       0.000       0.000       0.000       0.000       0.000       0.000       0.000       0.000      -0.022       0.000       0.000       0.000       0.000
   365    12    31  2022      13      13  hru13                368.686       3.343       3.343       4.576       0.000       4.576       1.578     371.495      20.313     346.265       4.917       4.575      67.016     125.127      62.145      77.109      15.314       0.000       0.000       0.014    1161.029       0.000       0.000       0.000       0.000       0.000       4.575       0.000       0.000       0.000       0.000       0.000       0.000       0.000       0.000      -8.962       4.100       0.339       0.000       0.000
   365    12    31  2022      14      14  hru14                368.686       3.555       3.547    1252.165       0.000    1252.165       0.000    1217.713       3.753     197.649    1016.311    2504.329       0.000      19.163      18.869      20.656      12.939       0.000       0.000       0.014    1160.997       0.000    2097.389       0.000       0.000       0.000    2504.329       0.000       0.000       0.000       0.000       0.000       0.000       0.000       0.000      -0.042       0.000       0.000       0.000       0.000
   365    12    31  2022      15      15  hru15                368.686       3.343       3.343       4.576       0.000       4.576       1.578     371.495      20.313     346.265       4.917       4.575      67.016     125.127      62.145      77.109      15.314       0.000       0.000       0.014    1161.029       0.000       0.000       0.000       0.000       0.000       4.575       0.000       0.000       0.000       0.000       0.000       0.000       0.000       0.000      -8.962       3.523       0.420       0.000       0.000
   365    12    31  2022      16      16  hru16                368.686       3.555       3.547    1228.365       0.000    1228.365       0.000    1234.629       3.755     202.226    1028.648    2456.731       0.000      21.417      20.060      21.683      13.275       0.000       0.000       0.014    1160.998       0.000    2090.352       0.000       0.000       0.000    2456.731       0.000       0.000       0.000       0.000       0.000       0.000       0.000       0.000      -0.193       0.000       0.000       0.000       0.000
   365    12    31  2022      17      17  hru17                368.686       3.343       3.343       4.576       0.000       4.576       1.578     371.495      20.313     346.265       4.917       4.575      67.016     125.127      62.145      77.109      15.314       0.000       0.000       0.014    1161.028       0.000       0.000       0.000       0.000       0.000       4.575       0.000       0.000       0.000       0.000       0.000       0.000       0.000       0.000      -8.962       8.147       0.000       0.000       0.000
   365    12    31  2022      18      18  hru18                368.686       3.555       3.547    1178.168       0.000    1178.168       0.010    1274.576       3.757     215.077    1055.742    2356.336       0.000      24.539      21.561      24.788      14.037       0.000       0.000       0.014    1160.996       0.000    2079.878       0.000       0.000       0.000    2356.336       0.000       0.000       0.000       0.000       0.000       0.000       0.000       0.000      -0.424       0.000       0.000       0.000       0.000
   365    12    31  2022      19      19  hru19                368.686       3.343       3.343       4.576       0.001       4.576       1.578     371.494      20.313     346.264       4.917       4.575      67.016     125.127      62.145      77.107      15.314       0.000       0.000       0.014    1161.029       0.000       0.000       0.000       0.000       0.000       4.575       0.000       0.000       0.001       0.000       0.000       0.000       0.000       0.000      -8.962       5.404       0.724       0.000       0.000
   365    12    31  2022      20      20  hru20                368.686       3.343       3.343       4.576       0.003       4.579       1.578     371.491      20.313     346.260       4.917       4.575      67.016     125.125      62.146      77.102      15.314       0.000       0.000       0.014    1161.040       0.000       0.000       0.000       0.000       0.000       4.575       0.000       0.000       0.003       0.000       0.000       0.000       0.000       0.000      -8.962       1.405       2.736       0.000       0.000
   365    12    31  2022      21      21  hru21                368.686       3.555       3.547    1289.876       0.000    1289.876       0.000    1157.255       3.736     182.850     970.669    2579.752       0.000      14.985      15.121      17.306      11.586       0.000       0.000       0.014    1161.002       0.000    2074.721       0.000       0.000       0.000    2579.752       0.000       0.000       0.000       0.000       0.000       0.000       0.000       0.000       0.019       0.000       0.000       0.000       0.000
   365    12    31  2022      22      22  hru22                368.686       3.343       3.343       4.576       0.003       4.578       1.578     371.492      20.313     346.261       4.917       4.575      67.016     125.125      62.145      77.104      15.314       0.000       0.000       0.014    1161.035       0.000       0.000       0.000       0.000       0.000       4.575       0.000       0.000       0.003       0.000       0.000       0.000       0.000       0.000      -8.962       3.383       2.417       0.000       0.000
   365    12    31  2022      23      23  hru23                368.686       3.343       3.343       4.576       0.000       4.576       1.578     371.495      20.313     346.265       4.917       4.575      67.016     125.127      62.145      77.108      15.314       0.000       0.000       0.014    1161.031       0.000       0.000       0.000       0.000       0.000       4.575       0.000       0.000       0.000       0.000       0.000       0.000       0.000       0.000      -8.962       6.700       0.468       0.000       0.000
   365    12    31  2022      24      24  hru24                368.686       3.555       3.547    1104.205       0.000    1104.205       0.168    1342.217       3.758     239.427    1099.032    2208.410       0.000      39.474      22.650      49.034      15.182       0.000       0.000       0.014    1160.993       0.000    2071.744       0.000       0.000       0.000    2208.410       0.000       0.000       0.000       0.000       0.000       0.000       0.000       0.000      -2.394       0.000       0.000       0.000       0.000
   365    12    31  2022      25      25  hru25                368.686       3.555       3.547    1140.071       0.000    1140.071       0.026    1306.634       3.758     224.318    1078.558    2280.141       0.000      28.594      21.709      27.477      14.582       0.000       0.000       0.014    1160.996       0.000    2073.299       0.000       0.000       0.000    2280.141       0.000       0.000       0.000       0.000       0.000       0.000       0.000       0.000      -0.980       0.000       0.000       0.000       0.000
   365    12    31  2022      26      26  hru26                368.686       3.343       3.343       4.576       0.000       4.576       1.578     371.495      20.313     346.264       4.917       4.575      67.016     125.127      62.145      77.108      15.314       0.000       0.000       0.014    1161.028       0.000       0.000       0.000       0.000       0.000       4.575       0.000       0.000       0.000       0.000       0.000       0.000       0.000       0.000      -8.962       4.165       0.657       0.000       0.000
   365    12    31  2022      27      27  hru27                368.686       3.343       3.343       4.576       0.002       4.578       1.578     371.493      20.313     346.262       4.917       4.575      67.016     125.126      62.145      77.106      15.314       0.000       0.000       0.014    1161.029       0.000       0.000       0.000       0.000       0.000       4.575       0.000       0.000       0.002       0.000       0.000       0.000       0.000       0.000      -8.962       1.116       1.877       0.000       0.000
   365    12    31  2022      28      28  hru28                368.686       3.555       3.547    1228.599       0.000    1228.599       0.000    1229.435       3.754     200.203    1025.477    2457.198       0.000      21.028      19.605      21.464      13.162       0.000       0.000       0.014    1160.990       0.000    2085.383       0.000       0.000       0.000    2457.198       0.000       0.000       0.000       0.000       0.000       0.000       0.000       0.000      -0.202       0.000       0.000       0.000       0.000
   365    12    31  2022      29      29  hru29                368.686       3.555       3.547    1088.779       0.000    1088.779       1.572    1358.929       3.759     240.119    1115.051    2177.558       0.000      50.939      87.312      91.675      15.516       0.000       0.000       0.014    1160.992       0.000    2082.004       0.000       0.000       0.000    2177.558       0.000       0.000       0.000       0.000       0.000       0.000       0.000       0.000       5.176       0.000       0.000       0.000       0.000
   365    12    31  2022      30      30  hru30                368.686       3.343       3.343       4.575       0.000       4.575       1.578     371.495      20.313     346.265       4.917       4.575      67.016     125.127      62.145      77.109      15.314       0.000       0.000       0.014    1161.028       0.000       0.000       0.000       0.000       0.000       4.575       0.000       0.000       0.000       0.000       0.000       0.000       0.000       0.000      -8.962       9.556       0.025       0.000       0.000
   365    12    31  2022      31      31  hru31                368.686       3.555       3.547    1139.862       0.000    1139.862       0.046    1321.314       3.758     230.519    1087.036    2279.723       0.000      30.518      22.130      30.753      14.840       0.000       0.000       0.014    1160.994       0.000    2087.576       0.000       0.000       0.000    2279.723       0.000       0.000       0.000       0.000       0.000       0.000       0.000       0.000      -1.194       0.000       0.000       0.000       0.000
   365    12    31  2022      32      32  hru32                368.686       3.343       3.343       4.576       0.000       4.576       1.578     371.495      20.313     346.265       4.917       4.575      67.016     125.127      62.145      77.109      15.314       0.000       0.000       0.014    1161.028       0.000       0.000       0.000       0.000       0.000       4.575       0.000       0.000       0.000       0.000       0.000       0.000       0.000       0.000      -8.962       2.896       0.470       0.000       0.000
   365    12    31  2022      33      33  hru33                368.686       3.343       3.343       4.576       0.002       4.577       1.578     371.493      20.313     346.263       4.917       4.575      67.016     125.126      62.145      77.106      15.314       0.000       0.000       0.014    1161.029       0.000       0.000       0.000       0.000       0.000       4.575       0.000       0.000       0.002       0.000       0.000       0.000       0.000       0.000      -8.962       3.119       1.477       0.000       0.000
   365    12    31  2022      34      34  hru34                368.686       3.343       3.343       4.576       0.003       4.578       1.578     371.492      20.313     346.261       4.917       4.575      67.016     125.125      62.145      77.105      15.314       0.000       0.000       0.014    1161.030       0.000       0.000       0.000       0.000       0.000       4.575       0.000       0.000       0.003       0.000       0.000       0.000       0.000       0.000      -8.962       2.126       2.486       0.000       0.000
   365    12    31  2022      35      35  hru35                368.686       3.343       3.343       4.575       0.000       4.575       1.578     371.495      20.313     346.265       4.917       4.575      67.016     125.127      62.145      77.109      15.314       0.000       0.000       0.014    1161.028       0.000       0.000       0.000       0.000       0.000       4.575       0.000       0.000       0.000       0.000       0.000       0.000       0.000       0.000      -8.962      10.805       0.000       0.000       0.000
   365    12    31  2022      36      36  hru36                368.686       3.555       3.547    1324.892       0.000    1324.892       0.000    1174.572       3.741     185.576     985.255    2649.784       0.000      16.815      16.427      17.979      11.904       0.000       0.000       0.014    1160.989       0.000    2126.974       0.000       0.000       0.000    2649.784       0.000       0.000       0.000       0.000       0.000       0.000       0.000       0.000      -0.055       0.000       0.000       0.000       0.000
   365    12    31  2022      37      37  hru37                368.686       3.343       3.343       4.576       0.003       4.579       1.578     371.491      20.313     346.261       4.917       4.575      67.016     125.125      62.145      77.104      15.314       0.000       0.000       0.014    1161.031       0.000       0.000       0.000       0.000       0.000       4.575       0.000       0.000       0.003       0.000       0.000       0.000       0.000       0.000      -8.962       2.741       2.758       0.000       0.000
   365    12    31  2022      38      38  hru38                368.686       3.555       3.547    1066.625       0.000    1066.625       3.005    1369.966       3.759     240.422    1125.786    2133.250       0.000      56.384     126.816     117.587      15.784       0.000       0.000       0.014    1160.993       0.000    2077.167       0.000       0.000       0.000    2133.250       0.000       0.000       0.000       0.000       0.000       0.000       0.000       0.000      10.022       0.000       0.000       0.000       0.000
   365    12    31  2022      39      39  hru39                368.686       3.343       3.343       4.576       0.001       4.577       1.578     371.493      20.313     346.263       4.917       4.575      67.016     125.126      62.145      77.106      15.314       0.000       0.000       0.014    1161.029       0.000       0.000       0.000       0.000       0.000       4.575       0.000       0.000       0.001       0.000       0.000       0.000       0.000       0.000      -8.962       2.564       1.349       0.000       0.000
   365    12    31  2022      40      40  hru40                368.686       3.555       3.547    1071.574       0.000    1071.574       4.976    1379.414       3.759     241.147    1134.508    2143.147       0.000      64.827     175.302     152.712      16.046       0.000       0.000       0.014    1160.991       0.000    2099.231       0.000       0.000       0.000    2143.147       0.000       0.000       0.000       0.000       0.000       0.000       0.000       0.000      15.721       0.000       0.000       0.000       0.000
   365    12    31  2022      41      41  hru41                368.686       3.555       3.547     757.432       0.000     757.432       0.052    1324.677       3.758     231.726    1089.193    1514.863       0.000      30.996      22.201      31.580      14.895       0.000       0.000       0.014    1160.993       0.000    1708.457       0.000       0.000       0.000    1514.863       0.000       0.000       0.000       0.000       0.000       0.000       0.000       0.000      -1.252       0.000       0.000       0.000       0.000
   365    12    31  2022      42      42  hru42                368.686       3.343       3.343       4.576       0.006       4.582       1.578     371.488      20.313     346.257       4.917       4.575      67.016     125.124      62.145      77.100      15.314       0.000       0.000       0.014    1161.034       0.000       0.000       0.000       0.000       0.000       4.575       0.000       0.000       0.006       0.000       0.000       0.000       0.000       0.000      -8.962       1.460       3.820       0.000       0.000
   365    12    31  2022      43      43  hru43                368.686       3.343       3.343       4.576       0.008       4.583       1.578     371.486      20.313     346.255       4.917       4.575      67.016     125.124      62.145      77.098      15.314       0.000       0.000       0.014    1161.035       0.000       0.000       0.000       0.000       0.000       4.575       0.000       0.000       0.008       0.000       0.000       0.000       0.000       0.000      -8.962       1.080       4.785       0.000       0.000
   365    12    31  2022      44      44  hru44                368.686       3.555       3.547    1235.444       0.000    1235.444       0.001    1254.091       3.756     207.276    1043.059    2470.887       0.000      22.597      20.979      22.921      13.606       0.000       0.000       0.014    1160.989       0.000    2116.856       0.000       0.000       0.000    2470.887       0.000       0.000       0.000       0.000       0.000       0.000       0.000       0.000      -0.230       0.000       0.000       0.000       0.000
   365    12    31  2022      45      45  hru45                368.686       3.343       3.343       4.575       0.000       4.575       1.578     371.495      20.313     346.265       4.917       4.575      67.016     125.127      62.145      77.109      15.314       0.000       0.000       0.014    1161.028       0.000       0.000       0.000       0.000       0.000       4.575       0.000       0.000       0.000       0.000       0.000       0.000       0.000       0.000      -8.962      12.381       0.000       0.000       0.000
   365    12    31  2022      46      46  hru46                368.686       3.555       3.547    1137.386       0.000    1137.386       0.023    1298.089       3.758     221.775    1072.557    2274.772       0.000      27.619      21.636      26.707      14.414       0.000       0.000       0.014    1160.989       0.000    2062.195       0.000       0.000       0.000    2274.772       0.000       0.000       0.000       0.000       0.000       0.000       0.000       0.000      -0.851       0.000       0.000       0.000       0.000
   365    12    31  2022      47      47  hru47                368.686       3.343       3.343       4.575       0.000       4.575       1.578     371.495      20.313     346.265       4.917       4.575      67.016     125.127      62.145      77.109      15.314       0.000       0.000       0.014    1161.028       0.000       0.000       0.000       0.000       0.000       4.575       0.000       0.000       0.000       0.000       0.000       0.000       0.000       0.000      -8.962      14.284       0.000       0.000       0.000
   365    12    31  2022      48      48  hru48                368.686       3.555       3.547    1276.390       0.000    1276.390       0.000    1181.288       3.742     186.218     991.328    2552.779       0.000      17.252      16.775      18.257      12.070       0.000       0.000       0.014    1160.989       0.000    2085.173       0.000       0.000       0.000    2552.779       0.000       0.000       0.000       0.000       0.000       0.000       0.000       0.000      -0.068       0.000       0.000       0.000       0.000
   365    12    31  2022      49      49  hru49                368.686       3.343       3.343       4.576       0.000       4.576       1.578     371.495      20.313     346.265       4.917       4.575      67.016     125.127      62.145      77.109      15.314       0.000       0.000       0.014    1161.028       0.000       0.000       0.000       0.000       0.000       4.575       0.000       0.000       0.000       0.000       0.000       0.000       0.000       0.000      -8.962       6.756       0.090       0.000       0.000
   365    12    31  2022      50      50  hru50                368.686       3.555       3.547    1278.862       0.000    1278.862       0.000    1214.358       3.752     196.724    1013.883    2557.724       0.000      18.882      18.725      20.441      12.873       0.000       0.000       0.014    1160.989       0.000    2120.752       0.000       0.000       0.000    2557.724       0.000       0.000       0.000       0.000       0.000       0.000       0.000       0.000      -0.022       0.000       0.000       0.000       0.000
   365    12    31  2022      51      51  hru51                368.686       3.343       3.343       4.575       0.000       4.575       1.578     371.495      20.313     346.265       4.917       4.575      67.016     125.127      62.145      77.109      15.314       0.000       0.000       0.014    1161.028       0.000       0.000       0.000       0.000       0.000       4.575       0.000       0.000       0.000       0.000       0.000       0.000       0.000       0.000      -8.962      15.428       0.000       0.000       0.000
   365    12    31  2022      52      52  hru52                368.686       3.555       3.547    1145.050       0.000    1145.050       0.022    1297.638       3.758     221.594    1072.287    2290.099       0.000      27.566      21.634      26.632      14.403       0.000       0.000       0.014    1160.989       0.000    2069.415       0.000       0.000       0.000    2290.099       0.000       0.000       0.000       0.000       0.000       0.000       0.000       0.000      -0.844       0.000       0.000       0.000       0.000
   365    12    31  2022      53      53  hru53                368.686       3.343       3.343       4.575       0.000       4.575       1.578     371.495      20.313     346.265       4.917       4.575      67.016     125.127      62.145      77.109      15.314       0.000       0.000       0.014    1161.028       0.000       0.000       0.000       0.000       0.000       4.575       0.000       0.000       0.000       0.000       0.000       0.000       0.000       0.000      -8.962      16.227       0.000       0.000       0.000
   365    12    31  2022      54      54  hru54                368.686       3.343       3.343       4.576       0.008       4.583       1.578     371.486      20.313     346.256       4.917       4.575      67.016     125.124      62.145      77.098      15.314       0.000       0.000       0.014    1161.033       0.000       0.000       0.000       0.000       0.000       4.575       0.000       0.000       0.008       0.000       0.000       0.000       0.000       0.000      -8.962       0.960       4.711       0.000       0.000
   365    12    31  2022      55      55  hru55                368.686       3.555       3.547    1165.918       0.000    1165.918       0.021    1295.739       3.758     221.286    1070.695    2331.836       0.000      27.136      21.624      26.359      14.359       0.000       0.000       0.014    1160.990       0.000    2088.443       0.000       0.000       0.000    2331.836       0.000       0.000       0.000       0.000       0.000       0.000       0.000       0.000      -0.784       0.000       0.000       0.000       0.000
   365    12    31  2022      56      56  hru56                368.686       3.343       3.343       4.576       0.007       4.583       1.578     371.487      20.313     346.256       4.917       4.575      67.016     125.124      62.145      77.099      15.314       0.000       0.000       0.014    1161.033       0.000       0.000       0.000       0.000       0.000       4.575       0.000       0.000       0.007       0.000       0.000       0.000       0.000       0.000      -8.962       1.102       4.509       0.000       0.000
   365    12    31  2022      57      57  hru57                368.686       3.343       3.343       4.576       0.003       4.579       1.578     371.491      20.313     346.261       4.917       4.575      67.016     125.125      62.145      77.104      15.314       0.000       0.000       0.014    1161.030       0.000       0.000       0.000       0.000       0.000       4.575       0.000       0.000       0.003       0.000       0.000       0.000       0.000       0.000      -8.962       1.727       2.872       0.000       0.000
   365    12    31  2022      58      58  hru58                368.686       3.555       3.547    1239.764       0.000    1239.764       0.000    1224.393       3.754     199.112    1021.526    2479.528       0.000      20.226      19.305      21.172      13.067       0.000       0.000       0.014    1160.989       0.000    2091.578       0.000       0.000       0.000    2479.528       0.000       0.000       0.000       0.000       0.000       0.000       0.000       0.000      -0.131       0.000       0.000       0.000       0.000
   365    12    31  2022      59      59  hru59                368.686       3.343       3.343       4.576       0.000       4.576       1.578     371.495      20.313     346.265       4.917       4.575      67.016     125.127      62.145      77.109      15.314       0.000       0.000       0.014    1161.028       0.000       0.000       0.000       0.000       0.000       4.575       0.000       0.000       0.000       0.000       0.000       0.000       0.000       0.000      -8.962       6.144       0.223       0.000       0.000
   365    12    31  2022      60      60  hru60                368.686       3.555       3.547    1226.264       0.000    1226.264       0.000    1221.824       3.754     198.500    1019.571    2452.529       0.000      19.765      19.169      20.970      13.016       0.000       0.000       0.014    1160.989       0.000    2075.556       0.000       0.000       0.000    2452.529       0.000       0.000       0.000       0.000       0.000       0.000       0.000       0.000      -0.085       0.000       0.000       0.000       0.000
   365    12    31  2022      61      61  hru61                368.686       3.343       3.343       4.576       0.002       4.578       1.578     371.492      20.313     346.262       4.917       4.575      67.016     125.126      62.145      77.105      15.314       0.000       0.000       0.014    1161.029       0.000       0.000       0.000       0.000       0.000       4.575       0.000       0.000       0.002       0.000       0.000       0.000       0.000       0.000      -8.962       1.085       2.273       0.000       0.000
   365    12    31  2022      62      62  hru62                368.686       3.555       3.547    1247.885       0.000    1247.885       0.000    1194.286       3.746     189.634    1000.907    2495.769       0.000      19.325      17.694      19.075      12.405       0.000       0.000       0.014    1160.989       0.000    2069.499       0.000       0.000       0.000    2495.769       0.000       0.000       0.000       0.000       0.000       0.000       0.000       0.000      -0.232       0.000       0.000       0.000       0.000
   365    12    31  2022      63      63  hru63                368.686       3.343       3.343       4.576       0.000       4.576       1.578     371.495      20.313     346.265       4.917       4.575      67.016     125.127      62.145      77.109      15.314       0.000       0.000       0.014    1161.028       0.000       0.000       0.000       0.000       0.000       4.575       0.000       0.000       0.000       0.000       0.000       0.000       0.000       0.000      -8.962       6.854       0.264       0.000       0.000
   365    12    31  2022      64      64  hru64                368.686       3.555       3.547    1145.601       0.000    1145.601       0.016    1287.131       3.758     218.684    1064.689    2291.201       0.000      25.696      21.605      25.593      14.212       0.000       0.000       0.014    1160.989       0.000    2059.715       0.000       0.000       0.000    2291.201       0.000       0.000       0.000       0.000       0.000       0.000       0.000       0.000      -0.582       0.000       0.000       0.000       0.000
   365    12    31  2022      65      65  hru65                368.686       3.555       3.547    1216.025       0.000    1216.025       0.000    1238.776       3.755     203.162    1031.858    2432.051       0.000      21.617      20.245      21.950      13.358       0.000       0.000       0.014    1160.991       0.000    2082.156       0.000       0.000       0.000    2432.051       0.000       0.000       0.000       0.000       0.000       0.000       0.000       0.000      -0.195       0.000       0.000       0.000       0.000
   365    12    31  2022      66      66  hru66                368.686       3.343       3.343       4.576       0.022       4.598       1.577     371.472      20.313     346.241       4.918       4.575      67.016     125.120      62.145      77.084      15.314       0.000       0.000       0.014    1161.032       0.000       0.000       0.000       0.000       0.000       4.575       0.000       0.000       0.022       0.000       0.000       0.000       0.000       0.000      -8.961       0.564       6.985       0.000       0.000
   365    12    31  2022      67      67  hru67                368.686       3.343       3.343       4.575       0.000       4.575       1.578     371.495      20.313     346.265       4.917       4.575      67.016     125.127      62.145      77.109      15.314       0.000       0.000       0.014    1161.028       0.000       0.000       0.000       0.000       0.000       4.575       0.000       0.000       0.000       0.000       0.000       0.000       0.000       0.000      -8.962      15.709       0.000       0.000       0.000
   365    12    31  2022      68      68  hru68                368.686       3.555       3.547    1219.082       0.000    1219.082       0.000    1243.557       3.755     204.182    1035.619    2438.163       0.000      22.617      20.483      22.327      13.465       0.000       0.000       0.014    1160.989       0.000    2089.886       0.000       0.000       0.000    2438.163       0.000       0.000       0.000       0.000       0.000       0.000       0.000       0.000      -0.304       0.000       0.000       0.000       0.000
   365    12    31  2022      69      69  hru69                368.686       3.555       3.547    1172.026       0.000    1172.026       0.007    1269.138       3.757     213.335    1052.046    2344.052       0.000      24.145      21.529      24.372      13.931       0.000       0.000       0.014    1160.989       0.000    2068.348       0.000       0.000       0.000    2344.052       0.000       0.000       0.000       0.000       0.000       0.000       0.000       0.000      -0.372       0.000       0.000       0.000       0.000
   365    12    31  2022      70      70  hru70                368.686       3.343       3.343       4.575       0.000       4.575       1.578     371.495      20.313     346.265       4.917       4.575      67.016     125.127      62.145      77.109      15.314       0.000       0.000       0.014    1161.028       0.000       0.000       0.000       0.000       0.000       4.575       0.000       0.000       0.000       0.000       0.000       0.000       0.000       0.000      -8.962      10.419       0.000       0.000       0.000
   365    12    31  2022      71      71  hru71                368.686       3.555       3.547    1147.865       0.000    1147.865       0.016    1286.873       3.758     218.622    1064.493    2295.731       0.000      25.658      21.603      25.574      14.208       0.000       0.000       0.014    1160.989       0.000    2061.727       0.000       0.000       0.000    2295.731       0.000       0.000       0.000       0.000       0.000       0.000       0.000       0.000      -0.577       0.000       0.000       0.000       0.000
   365    12    31  2022      72      72  hru72                368.686       3.343       3.343       4.576       0.009       4.585       1.578     371.485      20.313     346.254       4.917       4.575      67.016     125.123      62.145      77.097      15.314       0.000       0.000       0.014    1161.033       0.000       0.000       0.000       0.000       0.000       4.575       0.000       0.000       0.009       0.000       0.000       0.000       0.000       0.000      -8.962       0.814       5.573       0.000       0.000
   365    12    31  2022      73      73  hru73                368.686       3.555       3.547    1161.068       0.000    1161.068       0.015    1285.382       3.758     218.219    1063.405    2322.136       0.000      25.411      21.597      25.475      14.182       0.000       0.000       0.014    1160.992       0.000    2073.472       0.000       0.000       0.000    2322.136       0.000       0.000       0.000       0.000       0.000       0.000       0.000       0.000      -0.543       0.000       0.000       0.000       0.000
   365    12    31  2022      74      74  hru74                368.686       3.343       3.343       4.576       0.003       4.578       1.578     371.491      20.313     346.261       4.917       4.575      67.016     125.125      62.145      77.104      15.314       0.000       0.000       0.014    1161.030       0.000       0.000       0.000       0.000       0.000       4.575       0.000       0.000       0.003       0.000       0.000       0.000       0.000       0.000      -8.962       1.568       2.647       0.000       0.000
   365    12    31  2022      75      75  hru75                368.686       3.343       3.343       4.576       0.001       4.577       1.578     371.493      20.313     346.263       4.917       4.575      67.016     125.126      62.145      77.107      15.314       0.000       0.000       0.014    1161.028       0.000       0.000       0.000       0.000       0.000       4.575       0.000       0.000       0.001       0.000       0.000       0.000       0.000       0.000      -8.962       1.245       1.388       0.000       0.000
   365    12    31  2022      76      76  hru76                368.686       3.555       3.547    1290.658       0.000    1290.658       0.000    1157.158       3.736     182.822     970.600    2581.316       0.000      14.971      15.117      17.301      11.584       0.000       0.000       0.014    1160.999       0.000    2075.407       0.000       0.000       0.000    2581.316       0.000       0.000       0.000       0.000       0.000       0.000       0.000       0.000       0.021       0.000       0.000       0.000       0.000
   365    12    31  2022      77      77  hru77                368.686       3.343       3.343       4.576       0.001       4.576       1.578     371.494      20.313     346.264       4.917       4.575      67.016     125.127      62.145      77.108      15.314       0.000       0.000       0.014    1161.028       0.000       0.000       0.000       0.000       0.000       4.575       0.000       0.000       0.001       0.000       0.000       0.000       0.000       0.000      -8.962       2.635       0.742       0.000       0.000
