 april24                   SWAT+ Apr 12 2023       MODULAR Rev 2023.60.5.6                                
        jday         mon         day          yr   name        type              flo            sed           orgn           sedp            no3           solp           chla            nh3            no2           cbod            dox            san            sil            cla            sag            lag            grv           null
                                                                               m^3/s           tons            kgN            kgP            kgN            kgP             kg            kgN            kgN             kg             kg           tons           tons           tons           tons           tons           tons           degc
         365          12          31        2022 rtu010          ru         183610.4      3.8920552E-02  3.0704377E-06  9.2113169E-06   304.2379       24.93238      0.0000000E+00  0.0000000E+00  0.0000000E+00  0.0000000E+00  0.0000000E+00  4.1817338E-04  4.1817338E-04  4.1817338E-04  4.1817338E-04  4.1817338E-04  0.0000000E+00  0.1428287      0.0000000E+00  0.0000000E+00
         365          12          31        2022 rtu020          ru         2.414754      3.6456993E-07  8.2028224E-09  2.4608459E-08  6.7622133E-02  1.0534582E-03  0.0000000E+00  0.0000000E+00  0.0000000E+00  0.0000000E+00  0.0000000E+00  3.6456986E-04  3.6456986E-04  3.6456986E-04  3.6456986E-04  3.6456986E-04  0.0000000E+00  0.1306494      0.0000000E+00  0.0000000E+00
         365          12          31        2022 rtu030          ru         116.5763      5.7582318E-05  1.0232668E-03  2.6024046E-04   3.288141      6.6330530E-02  0.0000000E+00  0.0000000E+00  0.0000000E+00  0.0000000E+00  0.0000000E+00  4.9241161E-04  4.9375457E-04  4.9489009E-04  5.2719755E-04  5.0908921E-04  0.0000000E+00  0.1044516      0.0000000E+00  0.0000000E+00
         365          12          31        2022 rtu040          ru         47.77066      4.5175801E-07  2.0103226E-07  6.0309691E-07   1.342265      2.6528593E-02  0.0000000E+00  0.0000000E+00  0.0000000E+00  0.0000000E+00  0.0000000E+00  4.5175798E-04  4.5175798E-04  4.5175798E-04  4.5175798E-04  4.5175798E-04  0.0000000E+00  0.1051993      0.0000000E+00  0.0000000E+00
         365          12          31        2022 rtu050          ru         182822.8      5.3618044E-02  3.5724427E-06  1.0717325E-05   302.8024       24.82326      0.0000000E+00  0.0000000E+00  0.0000000E+00  0.0000000E+00  0.0000000E+00  4.8987899E-04  4.8987899E-04  4.8987899E-04  4.8987899E-04  4.8987899E-04  0.0000000E+00  0.1428253      0.0000000E+00  0.0000000E+00
         365          12          31        2022 rtu060          ru         204624.6      5.4437399E-02  3.9131874E-06  1.1739560E-05   345.3915       27.66498      0.0000000E+00  0.0000000E+00  0.0000000E+00  0.0000000E+00  0.0000000E+00  4.8762449E-04  4.8762449E-04  4.8762449E-04  4.8762449E-04  4.8762449E-04  0.0000000E+00  0.1426206      0.0000000E+00  0.0000000E+00
         365          12          31        2022 rtu070          ru         276164.9      5.5682644E-02  5.2035057E-06  1.5610518E-05   511.3988       37.16125      0.0000000E+00  0.0000000E+00  0.0000000E+00  0.0000000E+00  0.0000000E+00  4.7186625E-04  4.7186625E-04  4.7186625E-04  4.7186625E-04  4.7186625E-04  0.0000000E+00  0.1423097      0.0000000E+00  0.0000000E+00
         365          12          31        2022 rtu080          ru         400447.1      5.6085013E-02  7.3779224E-06  2.2133767E-05   743.5829       53.79361      0.0000000E+00  0.0000000E+00  0.0000000E+00  0.0000000E+00  0.0000000E+00  4.5263319E-04  4.5263319E-04  4.5263319E-04  4.5263319E-04  4.5263319E-04  0.0000000E+00  0.1410350      0.0000000E+00  0.0000000E+00
         365          12          31        2022 rtu090          ru         732175.4      5.7965107E-02  1.2894571E-05  3.8683731E-05   1418.139       94.91657      0.0000000E+00  0.0000000E+00  0.0000000E+00  0.0000000E+00  0.0000000E+00  4.1498357E-04  4.1498357E-04  4.1498357E-04  4.1498357E-04  4.1498357E-04  0.0000000E+00  0.1413394      0.0000000E+00  0.0000000E+00
         365          12          31        2022 rtu100          ru         75393.23      5.0556522E-02  1.5493789E-06  4.6481341E-06   133.8676       10.37222      0.0000000E+00  0.0000000E+00  0.0000000E+00  0.0000000E+00  0.0000000E+00  5.3015538E-04  5.3015538E-04  5.3015538E-04  5.3015538E-04  5.3015538E-04  0.0000000E+00  0.1454523      0.0000000E+00  0.0000000E+00
         365          12          31        2022 rtu110          ru         1814512.      7.4868828E-02  2.9074097E-05  8.7222281E-05   2915.047       226.5586      0.0000000E+00  0.0000000E+00  0.0000000E+00  0.0000000E+00  0.0000000E+00  3.5388232E-04  3.5388232E-04  3.5388232E-04  3.5388232E-04  3.5388232E-04  0.0000000E+00  0.1410064      0.0000000E+00  0.0000000E+00
         365          12          31        2022 rtu120          ru         327972.3      4.9330257E-02  5.8536575E-06  1.7560971E-05   622.1374       44.25181      0.0000000E+00  0.0000000E+00  0.0000000E+00  0.0000000E+00  0.0000000E+00  4.3497345E-04  4.3497345E-04  4.3497345E-04  4.3497345E-04  4.3497345E-04  0.0000000E+00  0.1417623      0.0000000E+00  0.0000000E+00
         365          12          31        2022 rtu130          ru         985641.7      5.0515179E-02  2.2675824E-05  6.8027446E-05   2084.279       132.9154      0.0000000E+00  0.0000000E+00  0.0000000E+00  0.0000000E+00  0.0000000E+00  3.4852361E-04  3.4852361E-04  3.4852361E-04  3.4852361E-04  3.4852361E-04  0.0000000E+00  0.1429704      0.0000000E+00  0.0000000E+00
         365          12          31        2022 rtu140          ru         993254.4      5.0303958E-02  1.4669902E-05  4.4009728E-05   1812.642       127.7745      0.0000000E+00  0.0000000E+00  0.0000000E+00  0.0000000E+00  0.0000000E+00  3.4440440E-04  3.4440440E-04  3.4440440E-04  3.4440440E-04  3.4440440E-04  0.0000000E+00  0.1413498      0.0000000E+00  0.0000000E+00
         365          12          31        2022 rtu150          ru         419467.9      4.9071737E-02  7.2744397E-06  2.1823316E-05   730.1263       55.78151      0.0000000E+00  0.0000000E+00  0.0000000E+00  0.0000000E+00  0.0000000E+00  4.2176776E-04  4.2176776E-04  4.2176776E-04  4.2176776E-04  4.2176776E-04  0.0000000E+00  0.1412560      0.0000000E+00  0.0000000E+00
         365          12          31        2022 rtu160          ru         867734.9      4.5099635E-02  1.2207845E-05  3.6623544E-05   1654.294       113.3651      0.0000000E+00  0.0000000E+00  0.0000000E+00  0.0000000E+00  0.0000000E+00  3.2298005E-04  3.2298005E-04  3.2298005E-04  3.2298005E-04  3.2298005E-04  0.0000000E+00  0.1411286      0.0000000E+00  0.0000000E+00
         365          12          31        2022 rtu170          ru         1424912.      7.3327586E-02  2.3247609E-05  6.9742862E-05   2768.145       181.9110      0.0000000E+00  0.0000000E+00  0.0000000E+00  0.0000000E+00  0.0000000E+00  3.7194701E-04  3.7194701E-04  3.7194701E-04  3.7194701E-04  3.7194701E-04  0.0000000E+00  0.1410899      0.0000000E+00  0.0000000E+00
         365          12          31        2022 rtu180          ru         2504202.      8.9919932E-02  3.7754828E-05  1.1326448E-04   4351.338       310.8641      0.0000000E+00  0.0000000E+00  0.0000000E+00  0.0000000E+00  0.0000000E+00  3.2853836E-04  3.2853836E-04  3.2853836E-04  3.2853836E-04  3.2853836E-04  0.0000000E+00  0.1412025      0.0000000E+00  0.0000000E+00
         365          12          31        2022 rtu190          ru         124142.4      4.5561794E-02  2.2778736E-06  6.8336235E-06   226.6223       16.99471      0.0000000E+00  0.0000000E+00  0.0000000E+00  0.0000000E+00  0.0000000E+00  4.8620568E-04  4.8620568E-04  4.8620568E-04  4.8620568E-04  4.8620568E-04  0.0000000E+00  0.1446337      0.0000000E+00  0.0000000E+00
         365          12          31        2022 rtu200          ru         1004379.      5.2739751E-02  1.5836858E-05  4.7510577E-05   1840.260       129.4021      0.0000000E+00  0.0000000E+00  0.0000000E+00  0.0000000E+00  0.0000000E+00  3.5868533E-04  3.5868533E-04  3.5868533E-04  3.5868533E-04  3.5868533E-04  0.0000000E+00  0.1416743      0.0000000E+00  0.0000000E+00
         365          12          31        2022 rtu210          ru         3198134.      0.1099085      4.6964793E-05  1.4089442E-04   5729.267       395.1808      0.0000000E+00  0.0000000E+00  0.0000000E+00  0.0000000E+00  0.0000000E+00  3.1371039E-04  3.1371039E-04  3.1371039E-04  3.1371039E-04  3.1371039E-04  0.0000000E+00  0.1447228      0.0000000E+00  0.0000000E+00
         365          12          31        2022 rtu220          ru         136446.0      3.7358444E-02  2.2826907E-06  6.8480754E-06   250.4500       18.74739      0.0000000E+00  0.0000000E+00  0.0000000E+00  0.0000000E+00  0.0000000E+00  4.2707054E-04  4.2707054E-04  4.2707054E-04  4.2707054E-04  4.2707054E-04  0.0000000E+00  0.1444906      0.0000000E+00  0.0000000E+00
         365          12          31        2022 rtu230          ru         321036.9      3.7758701E-02  4.7406170E-06  1.4221851E-05   605.1838       43.28104      0.0000000E+00  0.0000000E+00  0.0000000E+00  0.0000000E+00  0.0000000E+00  3.6614129E-04  3.6614129E-04  3.6614129E-04  3.6614129E-04  3.6614129E-04  0.0000000E+00  0.1419172      0.0000000E+00  0.0000000E+00
         365          12          31        2022 rtu240          ru         172145.7      3.4432221E-02  2.7330643E-06  8.1991911E-06   310.2998       23.66583      0.0000000E+00  0.0000000E+00  0.0000000E+00  0.0000000E+00  0.0000000E+00  3.9623989E-04  3.9623989E-04  3.9623989E-04  3.9623989E-04  3.9623989E-04  0.0000000E+00  0.1429697      0.0000000E+00  0.0000000E+00
         365          12          31        2022 rtu250          ru         552861.2      4.7090523E-02  8.6944046E-06  2.6083228E-05   935.8390       72.62782      0.0000000E+00  0.0000000E+00  0.0000000E+00  0.0000000E+00  0.0000000E+00  3.8857682E-04  3.8857682E-04  3.8857682E-04  3.8857682E-04  3.8857682E-04  0.0000000E+00  0.1419481      0.0000000E+00  0.0000000E+00
         365          12          31        2022 rtu260          ru         268625.0      3.5067391E-02  3.8285634E-06  1.1485696E-05   492.6530       36.11514      0.0000000E+00  0.0000000E+00  0.0000000E+00  0.0000000E+00  0.0000000E+00  3.6453828E-04  3.6453828E-04  3.6453828E-04  3.6453828E-04  3.6453828E-04  0.0000000E+00  0.1423005      0.0000000E+00  0.0000000E+00
         365          12          31        2022 rtu270          ru         300986.6      3.5305530E-02  4.4079379E-06  1.3223809E-05   453.4161       39.87970      0.0000000E+00  0.0000000E+00  0.0000000E+00  0.0000000E+00  0.0000000E+00  3.5917189E-04  3.5917189E-04  3.5917189E-04  3.5917189E-04  3.5917189E-04  0.0000000E+00  0.1422313      0.0000000E+00  0.0000000E+00
         365          12          31        2022 rtu280          ru         1148406.      5.9471630E-02  1.9275847E-05  5.7827550E-05   1763.242       145.6620      0.0000000E+00  0.0000000E+00  0.0000000E+00  0.0000000E+00  0.0000000E+00  3.8272288E-04  3.8272288E-04  3.8272288E-04  3.8272288E-04  3.8272288E-04  0.0000000E+00  0.1410858      0.0000000E+00  0.0000000E+00
         365          12          31        2022 rtu290          ru         347386.3      5.5263266E-02  6.4852811E-06  1.9455843E-05   607.9153       46.43195      0.0000000E+00  0.0000000E+00  0.0000000E+00  0.0000000E+00  0.0000000E+00  4.5872890E-04  4.5872890E-04  4.5872890E-04  4.5872890E-04  4.5872890E-04  0.0000000E+00  0.1418813      0.0000000E+00  0.0000000E+00
         365          12          31        2022 rtu300          ru         1003016.      4.8750140E-02  1.4627738E-05  4.3883239E-05   1840.838       129.2533      0.0000000E+00  0.0000000E+00  0.0000000E+00  0.0000000E+00  0.0000000E+00  3.3398598E-04  3.3398598E-04  3.3398598E-04  3.3398598E-04  3.3398598E-04  0.0000000E+00  0.1412926      0.0000000E+00  0.0000000E+00
         365          12          31        2022 rtu310          ru         868715.2      4.4221763E-02  1.1970836E-05  3.5912486E-05   1657.157       113.5093      0.0000000E+00  0.0000000E+00  0.0000000E+00  0.0000000E+00  0.0000000E+00  3.1572810E-04  3.1572810E-04  3.1572810E-04  3.1572810E-04  3.1572810E-04  0.0000000E+00  0.1411213      0.0000000E+00  0.0000000E+00
         365          12          31        2022 rtu320          ru         453254.5      3.8292333E-02  6.3964653E-06  1.9189400E-05   803.7932       60.18926      0.0000000E+00  0.0000000E+00  0.0000000E+00  0.0000000E+00  0.0000000E+00  3.4408120E-04  3.4408120E-04  3.4408120E-04  3.4408120E-04  3.4408120E-04  0.0000000E+00  0.1414060      0.0000000E+00  0.0000000E+00
         365          12          31        2022 rtu330          ru         660966.1      4.1462343E-02  9.2447817E-06  2.7734348E-05   1309.206       86.26198      0.0000000E+00  0.0000000E+00  0.0000000E+00  0.0000000E+00  0.0000000E+00  3.2785835E-04  3.2785835E-04  3.2785835E-04  3.2785835E-04  3.2785835E-04  0.0000000E+00  0.1415157      0.0000000E+00  0.0000000E+00
         365          12          31        2022 rtu340          ru         586599.8      4.4771306E-02  9.4022789E-06  2.8206839E-05   1041.637       76.69114      0.0000000E+00  0.0000000E+00  0.0000000E+00  0.0000000E+00  0.0000000E+00  3.7733652E-04  3.7733652E-04  3.7733652E-04  3.7733652E-04  3.7733652E-04  0.0000000E+00  0.1420422      0.0000000E+00  0.0000000E+00
         365          12          31        2022 rtu350          ru         53.66071      4.0921697E-07  2.0460848E-07  6.1382542E-07   1.506498      3.0076709E-02  0.0000000E+00  0.0000000E+00  0.0000000E+00  0.0000000E+00  0.0000000E+00  4.0921688E-04  4.0921688E-04  4.0921688E-04  4.0921688E-04  4.0921688E-04  0.0000000E+00  0.1049795      0.0000000E+00  0.0000000E+00
         365          12          31        2022 rtu360          ru         113.7596      4.1319225E-07  4.3798366E-07  1.3139506E-06   3.196712      6.8999946E-02  0.0000000E+00  0.0000000E+00  0.0000000E+00  0.0000000E+00  0.0000000E+00  4.1319220E-04  4.1319220E-04  4.1319220E-04  4.1319220E-04  4.1319220E-04  0.0000000E+00  0.1043707      0.0000000E+00  0.0000000E+00
         365          12          31        2022 rtu370          ru         886.5397      2.6399917E-05  2.2933425E-06  6.8800264E-06   24.92769      0.6070551      0.0000000E+00  0.0000000E+00  0.0000000E+00  0.0000000E+00  0.0000000E+00  2.7914238E-04  2.8008869E-04  2.8091233E-04  3.0457528E-04  2.9123508E-04  0.0000000E+00  0.1039219      0.0000000E+00  0.0000000E+00
         365          12          31        2022 rtu380          ru         171.4124      3.6536196E-07  5.8366561E-07  1.7509980E-06   4.818681      0.1144065      0.0000000E+00  0.0000000E+00  0.0000000E+00  0.0000000E+00  0.0000000E+00  3.6536215E-04  3.6536215E-04  3.6536215E-04  3.6536215E-04  3.6536215E-04  0.0000000E+00  0.1042297      0.0000000E+00  0.0000000E+00
         365          12          31        2022 rtu390          ru         3.487182      3.1221327E-07  1.0146934E-08  3.0440802E-08  9.7678326E-02  1.6729024E-03  0.0000000E+00  0.0000000E+00  0.0000000E+00  0.0000000E+00  0.0000000E+00  3.1221341E-04  3.1221341E-04  3.1221341E-04  3.1221341E-04  3.1221341E-04  0.0000000E+00  0.1222003      0.0000000E+00  0.0000000E+00
         365          12          31        2022 rtu400          ru         67.32472      2.3990734E-07  1.5054187E-07  4.5162537E-07   1.890526      4.2261686E-02  0.0000000E+00  0.0000000E+00  0.0000000E+00  0.0000000E+00  0.0000000E+00  2.3990724E-04  2.3990724E-04  2.3990724E-04  2.3990724E-04  2.3990724E-04  0.0000000E+00  0.1050142      0.0000000E+00  0.0000000E+00
         365          12          31        2022 rtu410          ru         19.04476      3.0461675E-07  5.4069453E-08  1.6220847E-07  0.5340481      1.0350621E-02  0.0000000E+00  0.0000000E+00  0.0000000E+00  0.0000000E+00  0.0000000E+00  3.0461667E-04  3.0461667E-04  3.0461667E-04  3.0461667E-04  3.0461667E-04  0.0000000E+00  0.1073714      0.0000000E+00  0.0000000E+00
         365          12          31        2022 rtu420          ru         12.33909      3.1498007E-07  3.6222712E-08  1.0866810E-07  0.3459028      6.4727585E-03  0.0000000E+00  0.0000000E+00  0.0000000E+00  0.0000000E+00  0.0000000E+00  3.1498002E-04  3.1498002E-04  3.1498002E-04  3.1498002E-04  3.1498002E-04  0.0000000E+00  0.1089109      0.0000000E+00  0.0000000E+00
         365          12          31        2022 rtu430          ru         23.06743      2.2295383E-07  4.7935050E-08  1.4380521E-07  0.6473163      1.3621852E-02  0.0000000E+00  0.0000000E+00  0.0000000E+00  0.0000000E+00  0.0000000E+00  2.2295371E-04  2.2295371E-04  2.2295371E-04  2.2295371E-04  2.2295371E-04  0.0000000E+00  0.1067910      0.0000000E+00  0.0000000E+00
         365          12          31        2022 rtu440          ru         77.52109      3.2268420E-07  2.3313945E-07  6.9941831E-07   2.176752      4.7675833E-02  0.0000000E+00  0.0000000E+00  0.0000000E+00  0.0000000E+00  0.0000000E+00  3.2268427E-04  3.2268427E-04  3.2268427E-04  3.2268427E-04  3.2268427E-04  0.0000000E+00  0.1046635      0.0000000E+00  0.0000000E+00
         365          12          31        2022 rtu450          ru         75180.84      4.1938007E-02  1.4359805E-06  4.3079422E-06   133.4853       10.34269      0.0000000E+00  0.0000000E+00  0.0000000E+00  0.0000000E+00  0.0000000E+00  4.9304048E-04  4.9304048E-04  4.9304048E-04  4.9304048E-04  4.9304048E-04  0.0000000E+00  0.1454544      0.0000000E+00  0.0000000E+00
         365          12          31        2022 rtu460          ru         705.0793      5.1022482E-05  2.4286130E-06  7.2858393E-06   19.84346      0.4827002      0.0000000E+00  0.0000000E+00  0.0000000E+00  0.0000000E+00  0.0000000E+00  3.7308683E-04  3.7498199E-04  3.7659926E-04  4.2219070E-04  3.9658751E-04  0.0000000E+00  0.1039068      0.0000000E+00  0.0000000E+00
         365          12          31        2022 rtu470          ru         829.9783      3.7622482E-05  2.4195699E-06  7.2587072E-06   23.34164      0.5682956      0.0000000E+00  0.0000000E+00  0.0000000E+00  0.0000000E+00  0.0000000E+00  3.1524838E-04  3.1663341E-04  3.1783673E-04  3.5182689E-04  3.3271161E-04  0.0000000E+00  0.1039396      0.0000000E+00  0.0000000E+00
         365          12          31        2022 rtu480          ru         178.5740      6.0942741E-05  1.1567012E-03  2.9472419E-04   5.035638      0.1071324      0.0000000E+00  0.0000000E+00  0.0000000E+00  0.0000000E+00  0.0000000E+00  4.8670254E-04  4.8821507E-04  4.8952800E-04  5.2605313E-04  5.0554174E-04  0.0000000E+00  0.1041996      0.0000000E+00  0.0000000E+00
         365          12          31        2022 rtu490          ru         81.92414      3.9080718E-05  6.7718083E-04  1.7226253E-04   2.308944      4.4741880E-02  0.0000000E+00  0.0000000E+00  0.0000000E+00  0.0000000E+00  0.0000000E+00  4.8197788E-04  4.8287251E-04  4.8362892E-04  5.0495355E-04  4.9296406E-04  0.0000000E+00  0.1046684      0.0000000E+00  0.0000000E+00
         365          12          31        2022 rtu500          ru         110.6581      4.9457303E-05  8.8124280E-04  2.2423296E-04   3.119910      6.2582470E-02  0.0000000E+00  0.0000000E+00  0.0000000E+00  0.0000000E+00  0.0000000E+00  4.8711273E-04  4.8826777E-04  4.8924435E-04  5.1701948E-04  5.0144712E-04  0.0000000E+00  0.1044612      0.0000000E+00  0.0000000E+00
         365          12          31        2022 rtu510          ru         115.1360      3.3662032E-05  6.6320726E-04  1.6909641E-04   3.239452      6.9969513E-02  0.0000000E+00  0.0000000E+00  0.0000000E+00  0.0000000E+00  0.0000000E+00  4.7060256E-04  4.7143782E-04  4.7215816E-04  4.9299235E-04  4.8125905E-04  0.0000000E+00  0.1044533      0.0000000E+00  0.0000000E+00
         365          12          31        2022 rtu520          ru         7.782230      4.0878538E-07  2.9636938E-08  8.8910824E-08  0.2182177      3.7013195E-03  0.0000000E+00  0.0000000E+00  0.0000000E+00  0.0000000E+00  0.0000000E+00  4.0878539E-04  4.0878539E-04  4.0878539E-04  4.0878539E-04  4.0878539E-04  0.0000000E+00  0.1118881      0.0000000E+00  0.0000000E+00
         365          12          31        2022 rtu530          ru         102.4629      2.8810641E-07  2.7514147E-07  8.2542454E-07   2.877926      6.5076597E-02  0.0000000E+00  0.0000000E+00  0.0000000E+00  0.0000000E+00  0.0000000E+00  2.8810633E-04  2.8810633E-04  2.8810633E-04  2.8810633E-04  2.8810633E-04  0.0000000E+00  0.1046989      0.0000000E+00  0.0000000E+00
         365          12          31        2022 rtu540          ru         136.2576      1.6645662E-07  2.1139981E-07  6.3419952E-07   3.830166      9.3308441E-02  0.0000000E+00  0.0000000E+00  0.0000000E+00  0.0000000E+00  0.0000000E+00  1.6645659E-04  1.6645659E-04  1.6645659E-04  1.6645659E-04  1.6645659E-04  0.0000000E+00  0.1045462      0.0000000E+00  0.0000000E+00
         365          12          31        2022 rtu550          ru         70.81190      2.6502340E-07  1.7491543E-07  5.2474650E-07   1.988092      4.3735590E-02  0.0000000E+00  0.0000000E+00  0.0000000E+00  0.0000000E+00  0.0000000E+00  2.6502347E-04  2.6502347E-04  2.6502347E-04  2.6502347E-04  2.6502347E-04  0.0000000E+00  0.1049693      0.0000000E+00  0.0000000E+00
         365          12          31        2022 rtu560          ru         277.3450      2.3561493E-07  6.0906439E-07  1.8271943E-06   7.796045      0.1899232      0.0000000E+00  0.0000000E+00  0.0000000E+00  0.0000000E+00  0.0000000E+00  2.3561499E-04  2.3561499E-04  2.3561499E-04  2.3561499E-04  2.3561499E-04  0.0000000E+00  0.1043162      0.0000000E+00  0.0000000E+00
         365          12          31        2022 rtu570          ru         212.4330      1.6006261E-07  3.1704189E-07  9.5077195E-07   5.971441      0.1454730      0.0000000E+00  0.0000000E+00  0.0000000E+00  0.0000000E+00  0.0000000E+00  1.6006263E-04  1.6006263E-04  1.6006263E-04  1.6006263E-04  1.6006263E-04  0.0000000E+00  0.1043830      0.0000000E+00  0.0000000E+00
         365          12          31        2022 rtu580          ru         386.7802      2.1649095E-07  7.8044974E-07  2.3413500E-06   10.87224      0.2648638      0.0000000E+00  0.0000000E+00  0.0000000E+00  0.0000000E+00  0.0000000E+00  2.1649100E-04  2.1649100E-04  2.1649100E-04  2.1649100E-04  2.1649100E-04  0.0000000E+00  0.1042527      0.0000000E+00  0.0000000E+00
         365          12          31        2022 rtu590          ru         137.8811      3.6269091E-07  4.6605783E-07  1.3981729E-06   3.874984      8.9881554E-02  0.0000000E+00  0.0000000E+00  0.0000000E+00  0.0000000E+00  0.0000000E+00  3.6269089E-04  3.6269089E-04  3.6269089E-04  3.6269089E-04  3.6269089E-04  0.0000000E+00  0.1043190      0.0000000E+00  0.0000000E+00
         365          12          31        2022 rtu600          ru         4.293309      3.8873819E-07  1.5549519E-08  4.6648562E-08  0.1203056      1.9528526E-03  0.0000000E+00  0.0000000E+00  0.0000000E+00  0.0000000E+00  0.0000000E+00  3.8873826E-04  3.8873826E-04  3.8873826E-04  3.8873826E-04  3.8873826E-04  0.0000000E+00  0.1185765      0.0000000E+00  0.0000000E+00
         365          12          31        2022 rtu610          ru         525.2149      1.5337579E-05  1.4455574E-06  4.3366717E-06   14.76747      0.3596404      0.0000000E+00  0.0000000E+00  0.0000000E+00  0.0000000E+00  0.0000000E+00  2.9608794E-04  2.9660811E-04  2.9705936E-04  3.1051761E-04  3.0289739E-04  0.0000000E+00  0.1039721      0.0000000E+00  0.0000000E+00
         365          12          31        2022 rtu620          ru         742.8066      1.3545308E-04  2.8951797E-06  8.6855371E-06   20.92731      0.5084071      0.0000000E+00  0.0000000E+00  0.0000000E+00  0.0000000E+00  0.0000000E+00  4.2725675E-04  4.3183152E-04  4.3569953E-04  5.4363598E-04  4.8314949E-04  0.0000000E+00  0.1039695      0.0000000E+00  0.0000000E+00
         365          12          31        2022 rtu630          ru         4027194.      0.1277743      5.4366472E-05  1.6309934E-04   7459.271       498.6796      0.0000000E+00  0.0000000E+00  0.0000000E+00  0.0000000E+00  0.0000000E+00  2.8999327E-04  2.8999327E-04  2.8999327E-04  2.8999327E-04  2.8999327E-04  0.0000000E+00  0.1490131      0.0000000E+00  0.0000000E+00
         365          12          31        2022 rtu640          ru         501.0975      2.2591936E-05  1.5581793E-06  4.6745367E-06   14.09215      0.3431091      0.0000000E+00  0.0000000E+00  0.0000000E+00  0.0000000E+00  0.0000000E+00  3.3495857E-04  3.3576225E-04  3.3645390E-04  3.5658051E-04  3.4522713E-04  0.0000000E+00  0.1039859      0.0000000E+00  0.0000000E+00
         365          12          31        2022 rtu650          ru         179.2654      4.1315005E-05  7.7435436E-07  2.3230625E-06   5.045698      0.1145049      0.0000000E+00  0.0000000E+00  0.0000000E+00  0.0000000E+00  0.0000000E+00  4.6562304E-04  4.6676159E-04  4.6772894E-04  4.9500464E-04  4.7967615E-04  0.0000000E+00  0.1042375      0.0000000E+00  0.0000000E+00
         365          12          31        2022 rtu660          ru         271.5267      2.8514301E-05  1.0743643E-06  3.2230937E-06   7.641052      0.1824137      0.0000000E+00  0.0000000E+00  0.0000000E+00  0.0000000E+00  0.0000000E+00  4.2608037E-04  4.2695121E-04  4.2768757E-04  4.4911154E-04  4.3705254E-04  0.0000000E+00  0.1040583      0.0000000E+00  0.0000000E+00
         365          12          31        2022 rtu670          ru         480.1217      1.1987412E-04  2.7700397E-03  7.0607866E-04   13.53089      0.3285902      0.0000000E+00  0.0000000E+00  0.0000000E+00  0.0000000E+00  0.0000000E+00  4.6222299E-04  4.6592043E-04  4.6905302E-04  5.5675639E-04  5.0760788E-04  0.0000000E+00  0.1040387      0.0000000E+00  0.0000000E+00
         365          12          31        2022 rtu680          ru         5.900936      1.8012946E-07  9.9071213E-09  2.9721351E-08  0.1657048      3.7067966E-03  0.0000000E+00  0.0000000E+00  0.0000000E+00  0.0000000E+00  0.0000000E+00  1.8012953E-04  1.8012953E-04  1.8012953E-04  1.8012953E-04  1.8012953E-04  0.0000000E+00  0.1148253      0.0000000E+00  0.0000000E+00
         365          12          31        2022 rtu690          ru         61.15504      1.7655029E-07  1.0063371E-07  3.0190114E-07   1.719051      4.1878637E-02  0.0000000E+00  0.0000000E+00  0.0000000E+00  0.0000000E+00  0.0000000E+00  1.7655028E-04  1.7655028E-04  1.7655028E-04  1.7655028E-04  1.7655028E-04  0.0000000E+00  0.1051056      0.0000000E+00  0.0000000E+00
         365          12          31        2022 rtu700          ru         257.7690      2.9133551E-07  6.9993325E-07  2.0998000E-06   7.246830      0.1765146      0.0000000E+00  0.0000000E+00  0.0000000E+00  0.0000000E+00  0.0000000E+00  2.9133554E-04  2.9133554E-04  2.9133554E-04  2.9133554E-04  2.9133554E-04  0.0000000E+00  0.1043340      0.0000000E+00  0.0000000E+00
         365          12          31        2022 rtu710          ru         160.6659      1.6415035E-07  2.4582161E-07  7.3744530E-07   4.516279      0.1100232      0.0000000E+00  0.0000000E+00  0.0000000E+00  0.0000000E+00  0.0000000E+00  1.6415030E-04  1.6415030E-04  1.6415030E-04  1.6415030E-04  1.6415030E-04  0.0000000E+00  0.1044770      0.0000000E+00  0.0000000E+00
         365          12          31        2022 rtu720          ru         25.21315      2.0408534E-07  4.7960061E-08  1.4388020E-07  0.7080265      1.5868146E-02  0.0000000E+00  0.0000000E+00  0.0000000E+00  0.0000000E+00  0.0000000E+00  2.0408530E-04  2.0408530E-04  2.0408530E-04  2.0408530E-04  2.0408530E-04  0.0000000E+00  0.1065595      0.0000000E+00  0.0000000E+00
         365          12          31        2022 rtu730          ru         15.55896      3.6010576E-07  5.2215338E-08  1.5664600E-07  0.4363193      8.3078155E-03  0.0000000E+00  0.0000000E+00  0.0000000E+00  0.0000000E+00  0.0000000E+00  3.6010568E-04  3.6010568E-04  3.6010568E-04  3.6010568E-04  3.6010568E-04  0.0000000E+00  0.1078598      0.0000000E+00  0.0000000E+00
         365          12          31        2022 rtu740          ru         108.2730      6.2585059E-05  1.0115127E-03  2.5714797E-04   3.078127      5.5134341E-02  0.0000000E+00  0.0000000E+00  0.0000000E+00  0.0000000E+00  0.0000000E+00  4.8625004E-04  4.8761134E-04  4.8876234E-04  5.2075792E-04  5.0277688E-04  0.0000000E+00  0.1043876      0.0000000E+00  0.0000000E+00
         365          12          31        2022 rtu750          ru         862040.8      5.2530628E-02  1.3864318E-05  4.1592957E-05   1637.764       112.5343      0.0000000E+00  0.0000000E+00  0.0000000E+00  0.0000000E+00  0.0000000E+00  3.7347467E-04  3.7347467E-04  3.7347467E-04  3.7347467E-04  3.7347467E-04  0.0000000E+00  0.1411709      0.0000000E+00  0.0000000E+00
         365          12          31        2022 rtu760          ru         72.00403      4.5329107E-05  7.6578150E-04  1.9456439E-04   2.030737      3.8754016E-02  0.0000000E+00  0.0000000E+00  0.0000000E+00  0.0000000E+00  0.0000000E+00  4.8822645E-04  4.8924587E-04  4.9010786E-04  5.1426981E-04  5.0068478E-04  0.0000000E+00  0.1048323      0.0000000E+00  0.0000000E+00
         365          12          31        2022 rtu770          ru         68.16618      4.5540989E-07  2.8918515E-07  8.6755580E-07   1.916140      3.9202083E-02  0.0000000E+00  0.0000000E+00  0.0000000E+00  0.0000000E+00  0.0000000E+00  4.5540981E-04  4.5540981E-04  4.5540981E-04  4.5540981E-04  4.5540981E-04  0.0000000E+00  0.1048054      0.0000000E+00  0.0000000E+00
