single point
         alpha                      100.0000001000000    1.000000000000000   -100.0000000000000
           awc                      100.6280221644574    1.000000000000000   -100.0000000000000
         canmx                      86.87179533556473    1.000000000000000   -100.0000000000000
           cn2                      100.0000001000000    1.000000000000000   -100.0000000000000
       cn3_swf                      100.0000001000000    1.000000000000000   -100.0000000000000
          epco                      101.9158485365480    1.000000000000000   -100.0000000000000
          esco                      93.47906108124698    1.000000000000000   -100.0000000000000
       lat_len                      100.0000001000000    1.000000000000000   -100.0000000000000
       latq_co                      100.0000001000000    1.000000000000000   -100.0000000000000
         perco                      100.0000748411999    1.000000000000000   -100.0000000000000
         petco                      110.0763650446854    1.000000000000000   -100.0000000000000
      revap_co                      100.0000001000000    1.000000000000000   -100.0000000000000
        surlag                      100.0000001000000    1.000000000000000   -100.0000000000000
