 prueba                    SWAT+ Apr 12 2023       MODULAR Rev 2023.60.5.6                                
   jday   mon   day    yr   unit  gis_id  name                       flo          dep_wt            stor          rchrg           seep          revap         no3_st           minp           orgn           orgp       no3_rchg       no3_loss        no3_lat       no3_seep        flo_cha        flo_res         flo_ls
                                                                       mm              m              mm             mm             mm             mm        kg/ha_N        kg/ha_P        kg/ha_N        kg/ha_P        kg/ha_N        kg/ha_N        kg/ha_N        kg/ha_N             mm             mm             mm
   366    12    31  2016         1     1  prueba                    0.000         23.721       2713.889          0.141          0.007         23.618          0.015          0.000          0.500          0.000          0.129          0.125          0.000          0.000          0.000          0.000          0.000
   365    12    31  2017         1     1  prueba                    0.000         24.190       2690.416          0.311          0.015         24.021          0.023          0.000          0.500          0.000          0.196          0.194          0.000          0.000          0.000          0.000          0.000
   365    12    31  2018         1     1  prueba                    0.000         24.660       2666.904          0.479          0.023         23.676          0.025          0.000          0.500          0.000          0.327          0.219          0.000          0.000          0.000          0.000          0.000
   365    12    31  2019         1     1  prueba                    0.000         24.977       2651.103          1.404          0.067          6.654          0.079          0.000          0.500          0.000          0.564          0.668          0.000          0.000          0.000          0.000          0.000
   366    12    31  2020         1     1  prueba                    0.000         24.996       2650.101          1.469          0.070          1.323          0.040          0.000          0.500          0.000          0.351          0.337          0.000          0.000          0.000          0.000          0.000
   365    12    31  2021         1     1  prueba                    0.000         24.994       2650.176          1.810          0.086          1.641          0.039          0.000          0.500          0.000          0.316          0.331          0.000          0.000          0.000          0.000          0.000
   365    12    31  2022         1     1  prueba                    0.000         24.990       2650.293          2.608          0.124          2.365          0.065          0.000          0.500          0.000          0.559          0.559          0.000          0.000          0.000          0.000          0.000
