 prueba                    SWAT+ Apr 12 2023       MODULAR Rev 2023.60.5.6                                
   jday   mon   day    yr   unit  gis_id  name                     lai       bioms       yield     residue     sol_tmp       strsw       strsa     strstmp       strsn       strsp        nplt       percn       pplnt         tmx         tmn       tmpav     solarad      wndspd        rhum     phubas0     lai_max      bm_max     bm_grow       c_gro
                                                             m**2/m**2        kgha        kgha        kgha        degc         ---         ---         ---         ---         ---        kgha        kgha        kgha        degc        degc        degc      mj/m^2         m/s        frac        degc   m**2/m**2       kg/ha       kg/ha       kg/ha
   366    12    31  2016       1       1  prueba                 0.557    5973.339    2473.253    1067.057      18.527      13.551       0.000       9.870       0.000       0.000       0.000       0.129       0.000      23.370      12.676      18.023      16.647       1.547       0.687       0.468       0.000       0.000       0.000       0.000
   365    12    31  2017       1       1  prueba                 0.647    7387.281    2268.162    1309.285      18.269      11.366       0.000       8.634       0.000       0.000       0.000       0.196       0.000      23.482      12.062      17.772      17.582       1.565       0.685       0.459       0.000       0.000       0.000       0.000
   365    12    31  2018       1       1  prueba                 0.544    8424.044    2327.177    1562.316      18.313      12.626       0.000      10.835       0.000       0.000       0.000       0.327       0.000      23.299      12.417      17.858      17.037       1.572       0.680       0.456       0.000       0.000       0.000       0.000
   365    12    31  2019       1       1  prueba                 0.641    9949.510    2207.697    1975.168      18.485       8.537       0.000      12.166       0.014       0.002       0.000       0.564       0.000      24.044      11.989      18.017      17.154       1.544       0.666       0.452       0.000       0.000       0.000       0.000
   366    12    31  2020       1       1  prueba                 0.664    9838.229    2261.487    2452.841      18.445      11.917       0.000       8.626       0.004       0.000       0.000       0.351       0.000      23.717      12.802      18.259      16.662       1.540       0.729       0.474       0.000       0.000       0.000       0.000
   365    12    31  2021       1       1  prueba                 0.645    9696.489    2317.254    2253.240      17.956       6.361       0.000      10.171       0.061       0.000       0.000       0.316       0.000      22.861      12.635      17.748      14.985       1.370       0.754       0.450       0.000       0.000       0.000       0.000
   365    12    31  2022       1       1  prueba                 0.659    9821.933    1561.604    2358.334      18.881       9.577       0.000       9.041       9.201       0.000       0.000       0.559       0.000      24.601      13.119      18.860      16.348       1.265       0.709       0.468       0.000       0.000       0.000       0.000
