 prueba                    SWAT+ Apr 12 2023       MODULAR Rev 2023.60.5.6                                
   jday   mon   day    yr   unit  gis_id  name                     lai       bioms       yield     residue     sol_tmp       strsw       strsa     strstmp       strsn       strsp        nplt       percn       pplnt         tmx         tmn       tmpav     solarad      wndspd        rhum     phubas0     lai_max      bm_max     bm_grow       c_gro
                                                             m**2/m**2        kgha        kgha        kgha        degc         ---         ---         ---         ---         ---        kgha        kgha        kgha        degc        degc        degc      mj/m^2         m/s        frac        degc   m**2/m**2       kg/ha       kg/ha       kg/ha
    365    12    31  2022      1       0  rtu010                 0.563    1364.708    2774.808     136.064      18.570      10.879       0.000       6.442       0.000       0.000       0.000       0.000       0.000      23.625      12.529      18.077      16.631       1.486       0.702       0.461       0.000       0.000       0.000       0.000
    365    12    31  2022      2       0  rtu020                 3.738  125848.156       0.000   28635.701      17.803     140.605       0.000      88.057       0.000       0.005     592.635       2.874       0.000      23.625      12.529      18.077      16.631       1.486       0.702       0.461       0.000       0.000       0.000       0.000
    365    12    31  2022      3       0  rtu030                 3.738  125847.469       0.000   28635.379      17.803     140.607       0.000      88.057       0.000       0.005     592.629       2.873       0.000      23.625      12.529      18.077      16.631       1.486       0.702       0.461       0.000       0.000       0.000       0.000
    365    12    31  2022      4       0  rtu040                 3.738  125847.594       0.000   28635.445      17.803     140.606       0.000      88.057       0.000       0.005     592.630       2.874       0.000      23.625      12.529      18.077      16.631       1.486       0.702       0.461       0.000       0.000       0.000       0.000
    365    12    31  2022      5       0  rtu050                 0.563    1363.831    2773.039     135.977      18.570      10.907       0.000       6.442       0.000       0.000       0.000       0.000       0.000      23.625      12.529      18.077      16.631       1.486       0.702       0.461       0.000       0.000       0.000       0.000
    365    12    31  2022      6       0  rtu060                 0.564    1377.618    2800.908     137.344      18.576      10.469       0.000       6.442       0.000       0.000       0.000       0.000       0.000      23.625      12.529      18.077      16.631       1.486       0.702       0.461       0.000       0.000       0.000       0.000
    365    12    31  2022      7       0  rtu070                 0.564    1416.922    2879.020     141.149      18.588       9.287       0.000       6.442       0.000       0.000       0.000       0.000       0.000      23.625      12.529      18.077      16.631       1.486       0.702       0.461       0.000       0.000       0.000       0.000
    365    12    31  2022      8       0  rtu080                 0.565    1433.055    2913.725     142.805      18.592       8.729       0.000       6.442       0.000       0.000       0.000       0.000       0.000      23.625      12.529      18.077      16.631       1.486       0.702       0.461       0.000       0.000       0.000       0.000
    365    12    31  2022      9       0  rtu090                 0.565    1506.868    3091.124     151.338      18.621       5.893       0.000       6.442       0.000       0.000       0.000       0.030       0.000      23.625      12.529      18.077      16.631       1.486       0.702       0.461       0.000       0.000       0.000       0.000
    365    12    31  2022     10       0  rtu100                 0.561    1314.283    2679.760     131.460      18.563      12.304       0.000       6.442       0.000       0.000       0.000       0.000       0.000      23.625      12.529      18.077      16.631       1.486       0.702       0.461       0.000       0.000       0.000       0.000
    365    12    31  2022     11       0  rtu110                 0.565    1596.890    3351.616     163.866      18.611       1.256       0.000       6.442       0.000       0.000       0.000       0.312       0.000      23.625      12.529      18.077      16.631       1.486       0.702       0.461       0.000       0.000       0.000       0.000
    365    12    31  2022     12       0  rtu120                 0.564    1420.881    2886.776     141.529      18.586       9.165       0.000       6.442       0.000       0.000       0.000       0.000       0.000      23.625      12.529      18.077      16.631       1.486       0.702       0.461       0.000       0.000       0.000       0.000
    365    12    31  2022     13       0  rtu130                 0.565    1529.452    3147.821     154.019      18.624       4.953       0.000       6.442       0.000       0.000       0.000       0.064       0.000      23.625      12.529      18.077      16.631       1.486       0.702       0.461       0.000       0.000       0.000       0.000
    365    12    31  2022     14       0  rtu140                 0.000       0.000       0.000       0.641      18.260       0.000       0.000       0.000       0.000       0.000       0.000       0.000       0.000      23.625      12.529      18.077      16.631       1.486       0.702       0.461       0.000       0.000       0.000       0.000
    365    12    31  2022     15       0  rtu150                 0.000       0.000       0.000       0.657      18.289       0.000       0.000       0.000       0.000       0.000       0.000       0.000       0.000      23.625      12.529      18.077      16.631       1.486       0.702       0.461       0.000       0.000       0.000       0.000
    365    12    31  2022     16       0  rtu160                 0.000       0.000       0.000       0.642      18.264       0.000       0.000       0.000       0.000       0.000       0.000       0.000       0.000      23.625      12.529      18.077      16.631       1.486       0.702       0.461       0.000       0.000       0.000       0.000
    365    12    31  2022     17       0  rtu170                 0.565    1576.814    3288.602     160.796      18.639       2.448       0.000       6.442       0.000       0.000       0.000       0.166       0.000      23.625      12.529      18.077      16.631       1.486       0.702       0.461       0.000       0.000       0.000       0.000
    365    12    31  2022     18       0  rtu180                 0.565    1503.131    3156.663     155.730      18.473       0.611       0.000       6.442       3.687       0.000       0.000       0.323       0.000      23.625      12.529      18.077      16.631       1.486       0.702       0.461       0.000       0.000       0.000       0.000
    365    12    31  2022     19       0  rtu190                 0.000       0.000       0.000       0.664      18.323       0.000       0.000       0.000       0.000       0.000       0.000       0.000       0.000      23.625      12.529      18.077      16.631       1.486       0.702       0.461       0.000       0.000       0.000       0.000
    365    12    31  2022     20       0  rtu200                 0.000       0.000       0.000       0.641      18.259       0.000       0.000       0.000       0.000       0.000       0.000       0.000       0.000      23.625      12.529      18.077      16.631       1.486       0.702       0.461       0.000       0.000       0.000       0.000
    365    12    31  2022     21       0  rtu210                 0.565    1503.024    3156.562     155.872      18.408       0.512       0.000       6.442       3.722       0.000       0.000       0.339       0.000      23.625      12.529      18.077      16.631       1.486       0.702       0.461       0.000       0.000       0.000       0.000
    365    12    31  2022     22       0  rtu220                 0.000       0.000       0.000       0.661      18.318       0.000       0.000       0.000       0.000       0.000       0.000       0.000       0.000      23.625      12.529      18.077      16.631       1.486       0.702       0.461       0.000       0.000       0.000       0.000
    365    12    31  2022     23       0  rtu230                 0.564    1420.095    2886.344     141.511      18.588       9.167       0.000       6.442       0.000       0.000       0.000       0.000       0.000      23.625      12.529      18.077      16.631       1.486       0.702       0.461       0.000       0.000       0.000       0.000
    365    12    31  2022     24       0  rtu240                 0.000       0.000       0.000       0.660      18.307       0.000       0.000       0.000       0.000       0.000       0.000       0.000       0.000      23.625      12.529      18.077      16.631       1.486       0.702       0.461       0.000       0.000       0.000       0.000
    365    12    31  2022     25       0  rtu250                 0.565    1464.176    2987.853     146.437      18.608       7.507       0.000       6.442       0.000       0.000       0.000       0.000       0.000      23.625      12.529      18.077      16.631       1.486       0.702       0.461       0.000       0.000       0.000       0.000
    365    12    31  2022     26       0  rtu260                 0.000       0.000       0.000       0.657      18.298       0.000       0.000       0.000       0.000       0.000       0.000       0.000       0.000      23.625      12.529      18.077      16.631       1.486       0.702       0.461       0.000       0.000       0.000       0.000
    365    12    31  2022     27       0  rtu270                 0.000       0.000       0.000       0.657      18.293       0.000       0.000       0.000       0.000       0.000       0.000       0.000       0.000      23.625      12.529      18.077      16.631       1.486       0.702       0.461       0.000       0.000       0.000       0.000
    365    12    31  2022     28       0  rtu280                 0.565    1554.677    3218.010     157.323      18.634       3.665       0.000       6.442       0.000       0.000       0.000       0.119       0.000      23.625      12.529      18.077      16.631       1.486       0.702       0.461       0.000       0.000       0.000       0.000
    365    12    31  2022     29       0  rtu290                 0.564    1422.708    2890.833     141.724      18.588       9.098       0.000       6.442       0.000       0.000       0.000       0.000       0.000      23.625      12.529      18.077      16.631       1.486       0.702       0.461       0.000       0.000       0.000       0.000
    365    12    31  2022     30       0  rtu300                 0.000       0.000       0.000       0.641      18.259       0.000       0.000       0.000       0.000       0.000       0.000       0.000       0.000      23.625      12.529      18.077      16.631       1.486       0.702       0.461       0.000       0.000       0.000       0.000
    365    12    31  2022     31       0  rtu310                 0.000       0.000       0.000       0.642      18.264       0.000       0.000       0.000       0.000       0.000       0.000       0.000       0.000      23.625      12.529      18.077      16.631       1.486       0.702       0.461       0.000       0.000       0.000       0.000
    365    12    31  2022     32       0  rtu320                 0.000       0.000       0.000       0.657      18.287       0.000       0.000       0.000       0.000       0.000       0.000       0.000       0.000      23.625      12.529      18.077      16.631       1.486       0.702       0.461       0.000       0.000       0.000       0.000
    365    12    31  2022     33       0  rtu330                 0.000       0.000       0.000       0.647      18.275       0.000       0.000       0.000       0.000       0.000       0.000       0.000       0.000      23.625      12.529      18.077      16.631       1.486       0.702       0.461       0.000       0.000       0.000       0.000
    365    12    31  2022     34       0  rtu340                 0.565    1475.471    3014.740     147.717      18.612       7.076       0.000       6.442       0.000       0.000       0.000       0.005       0.000      23.625      12.529      18.077      16.631       1.486       0.702       0.461       0.000       0.000       0.000       0.000
    365    12    31  2022     35       0  rtu350                 3.738  125847.742       0.000   28635.520      17.803     140.606       0.000      88.057       0.000       0.005     592.632       2.874       0.000      23.625      12.529      18.077      16.631       1.486       0.702       0.461       0.000       0.000       0.000       0.000
    365    12    31  2022     36       0  rtu360                 3.738  125848.125       0.000   28635.689      17.803     140.605       0.000      88.057       0.000       0.005     592.635       2.874       0.000      23.625      12.529      18.077      16.631       1.486       0.702       0.461       0.000       0.000       0.000       0.000
    365    12    31  2022     37       0  rtu370                 3.738  125848.250       0.000   28635.748      17.803     140.605       0.000      88.057       0.000       0.005     592.636       2.874       0.000      23.625      12.529      18.077      16.631       1.486       0.702       0.461       0.000       0.000       0.000       0.000
    365    12    31  2022     38       0  rtu380                 3.738  125847.969       0.000   28635.623      17.803     140.605       0.000      88.057       0.000       0.005     592.634       2.874       0.000      23.625      12.529      18.077      16.631       1.486       0.702       0.461       0.000       0.000       0.000       0.000
    365    12    31  2022     39       0  rtu390                 3.738  125848.266       0.000   28635.760      17.803     140.604       0.000      88.057       0.000       0.005     592.636       2.874       0.000      23.625      12.529      18.077      16.631       1.486       0.702       0.461       0.000       0.000       0.000       0.000
    365    12    31  2022     40       0  rtu400                 3.738  125848.281       0.000   28635.764      17.803     140.604       0.000      88.057       0.000       0.005     592.636       2.874       0.000      23.625      12.529      18.077      16.631       1.486       0.702       0.461       0.000       0.000       0.000       0.000
    365    12    31  2022     41       0  rtu410                 3.738  125848.250       0.000   28635.754      17.803     140.604       0.000      88.057       0.000       0.005     592.636       2.874       0.000      23.625      12.529      18.077      16.631       1.486       0.702       0.461       0.000       0.000       0.000       0.000
    365    12    31  2022     42       0  rtu420                 3.738  125848.266       0.000   28635.758      17.803     140.604       0.000      88.057       0.000       0.005     592.636       2.874       0.000      23.625      12.529      18.077      16.631       1.486       0.702       0.461       0.000       0.000       0.000       0.000
    365    12    31  2022     43       0  rtu430                 3.738  125848.266       0.000   28635.758      17.803     140.604       0.000      88.057       0.000       0.005     592.636       2.874       0.000      23.625      12.529      18.077      16.631       1.486       0.702       0.461       0.000       0.000       0.000       0.000
    365    12    31  2022     44       0  rtu440                 3.738  125848.180       0.000   28635.721      17.803     140.605       0.000      88.057       0.000       0.005     592.635       2.874       0.000      23.625      12.529      18.077      16.631       1.486       0.702       0.461       0.000       0.000       0.000       0.000
    365    12    31  2022     45       0  rtu450                 0.561    1314.091    2679.406     131.443      18.563      12.309       0.000       6.442       0.000       0.000       0.000       0.000       0.000      23.625      12.529      18.077      16.631       1.486       0.702       0.461       0.000       0.000       0.000       0.000
    365    12    31  2022     46       0  rtu460                 3.738  125848.031       0.000   28635.645      17.803     140.605       0.000      88.057       0.000       0.005     592.634       2.874       0.000      23.625      12.529      18.077      16.631       1.486       0.702       0.461       0.000       0.000       0.000       0.000
    365    12    31  2022     47       0  rtu470                 3.738  125848.055       0.000   28635.660      17.803     140.605       0.000      88.057       0.000       0.005     592.634       2.874       0.000      23.625      12.529      18.077      16.631       1.486       0.702       0.461       0.000       0.000       0.000       0.000
    365    12    31  2022     48       0  rtu480                 3.738  125847.625       0.000   28635.451      17.803     140.607       0.000      88.057       0.000       0.005     592.630       2.873       0.000      23.625      12.529      18.077      16.631       1.486       0.702       0.461       0.000       0.000       0.000       0.000
    365    12    31  2022     49       0  rtu490                 3.738  125847.531       0.000   28635.406      17.803     140.607       0.000      88.057       0.000       0.005     592.629       2.873       0.000      23.625      12.529      18.077      16.631       1.486       0.702       0.461       0.000       0.000       0.000       0.000
    365    12    31  2022     50       0  rtu500                 3.738  125847.578       0.000   28635.430      17.803     140.607       0.000      88.057       0.000       0.005     592.630       2.873       0.000      23.625      12.529      18.077      16.631       1.486       0.702       0.461       0.000       0.000       0.000       0.000
    365    12    31  2022     51       0  rtu510                 3.738  125847.953       0.000   28635.604      17.803     140.606       0.000      88.057       0.000       0.005     592.633       2.874       0.000      23.625      12.529      18.077      16.631       1.486       0.702       0.461       0.000       0.000       0.000       0.000
    365    12    31  2022     52       0  rtu520                 3.738  125848.055       0.000   28635.650      17.803     140.605       0.000      88.057       0.000       0.005     592.634       2.874       0.000      23.625      12.529      18.077      16.631       1.486       0.702       0.461       0.000       0.000       0.000       0.000
    365    12    31  2022     53       0  rtu530                 3.738  125848.281       0.000   28635.764      17.803     140.604       0.000      88.057       0.000       0.005     592.636       2.874       0.000      23.625      12.529      18.077      16.631       1.486       0.702       0.461       0.000       0.000       0.000       0.000
    365    12    31  2022     54       0  rtu540                 3.738  125848.281       0.000   28635.764      17.803     140.604       0.000      88.057       0.000       0.005     592.636       2.874       0.000      23.625      12.529      18.077      16.631       1.486       0.702       0.461       0.000       0.000       0.000       0.000
    365    12    31  2022     55       0  rtu550                 3.738  125848.281       0.000   28635.764      17.803     140.604       0.000      88.057       0.000       0.005     592.636       2.874       0.000      23.625      12.529      18.077      16.631       1.486       0.702       0.461       0.000       0.000       0.000       0.000
    365    12    31  2022     56       0  rtu560                 3.738  125848.281       0.000   28635.764      17.803     140.604       0.000      88.057       0.000       0.005     592.636       2.874       0.000      23.625      12.529      18.077      16.631       1.486       0.702       0.461       0.000       0.000       0.000       0.000
    365    12    31  2022     57       0  rtu570                 3.738  125848.281       0.000   28635.764      17.803     140.604       0.000      88.057       0.000       0.005     592.636       2.874       0.000      23.625      12.529      18.077      16.631       1.486       0.702       0.461       0.000       0.000       0.000       0.000
    365    12    31  2022     58       0  rtu580                 3.738  125848.281       0.000   28635.764      17.803     140.604       0.000      88.057       0.000       0.005     592.636       2.874       0.000      23.625      12.529      18.077      16.631       1.486       0.702       0.461       0.000       0.000       0.000       0.000
    365    12    31  2022     59       0  rtu590                 3.738  125848.227       0.000   28635.738      17.803     140.605       0.000      88.057       0.000       0.005     592.636       2.874       0.000      23.625      12.529      18.077      16.631       1.486       0.702       0.461       0.000       0.000       0.000       0.000
    365    12    31  2022     60       0  rtu600                 3.738  125848.055       0.000   28635.660      17.803     140.605       0.000      88.057       0.000       0.005     592.634       2.874       0.000      23.625      12.529      18.077      16.631       1.486       0.702       0.461       0.000       0.000       0.000       0.000
    365    12    31  2022     61       0  rtu610                 3.738  125848.164       0.000   28635.713      17.803     140.605       0.000      88.057       0.000       0.005     592.635       2.874       0.000      23.625      12.529      18.077      16.631       1.486       0.702       0.461       0.000       0.000       0.000       0.000
    365    12    31  2022     62       0  rtu620                 3.738  125847.812       0.000   28635.545      17.803     140.606       0.000      88.057       0.000       0.005     592.632       2.874       0.000      23.625      12.529      18.077      16.631       1.486       0.702       0.461       0.000       0.000       0.000       0.000
    365    12    31  2022     63       0  rtu630                 0.565    1499.480    3149.737     155.770      18.378       0.375       0.000       6.442       3.839       0.000       0.000       0.460       0.000      23.625      12.529      18.077      16.631       1.486       0.702       0.461       0.000       0.000       0.000       0.000
    365    12    31  2022     64       0  rtu640                 3.738  125848.180       0.000   28635.711      17.803     140.605       0.000      88.057       0.000       0.005     592.635       2.874       0.000      23.625      12.529      18.077      16.631       1.486       0.702       0.461       0.000       0.000       0.000       0.000
    365    12    31  2022     65       0  rtu650                 3.738  125847.992       0.000   28635.627      17.803     140.605       0.000      88.057       0.000       0.005     592.634       2.874       0.000      23.625      12.529      18.077      16.631       1.486       0.702       0.461       0.000       0.000       0.000       0.000
    365    12    31  2022     66       0  rtu660                 3.738  125848.125       0.000   28635.697      17.803     140.605       0.000      88.057       0.000       0.005     592.635       2.874       0.000      23.625      12.529      18.077      16.631       1.486       0.702       0.461       0.000       0.000       0.000       0.000
    365    12    31  2022     67       0  rtu670                 3.738  125847.930       0.000   28635.602      17.803     140.606       0.000      88.057       0.000       0.005     592.633       2.874       0.000      23.625      12.529      18.077      16.631       1.486       0.702       0.461       0.000       0.000       0.000       0.000
    365    12    31  2022     68       0  rtu680                 3.738  125848.281       0.000   28635.764      17.803     140.604       0.000      88.057       0.000       0.005     592.636       2.874       0.000      23.625      12.529      18.077      16.631       1.486       0.702       0.461       0.000       0.000       0.000       0.000
    365    12    31  2022     69       0  rtu690                 3.738  125848.281       0.000   28635.764      17.803     140.604       0.000      88.057       0.000       0.005     592.636       2.874       0.000      23.625      12.529      18.077      16.631       1.486       0.702       0.461       0.000       0.000       0.000       0.000
    365    12    31  2022     70       0  rtu700                 3.738  125848.281       0.000   28635.764      17.803     140.604       0.000      88.057       0.000       0.005     592.636       2.874       0.000      23.625      12.529      18.077      16.631       1.486       0.702       0.461       0.000       0.000       0.000       0.000
    365    12    31  2022     71       0  rtu710                 3.738  125848.281       0.000   28635.764      17.803     140.604       0.000      88.057       0.000       0.005     592.636       2.874       0.000      23.625      12.529      18.077      16.631       1.486       0.702       0.461       0.000       0.000       0.000       0.000
    365    12    31  2022     72       0  rtu720                 3.738  125848.281       0.000   28635.764      17.803     140.604       0.000      88.057       0.000       0.005     592.636       2.874       0.000      23.625      12.529      18.077      16.631       1.486       0.702       0.461       0.000       0.000       0.000       0.000
    365    12    31  2022     73       0  rtu730                 3.738  125848.203       0.000   28635.727      17.803     140.605       0.000      88.057       0.000       0.005     592.635       2.874       0.000      23.625      12.529      18.077      16.631       1.486       0.702       0.461       0.000       0.000       0.000       0.000
    365    12    31  2022     74       0  rtu740                 3.738  125846.727       0.000   28635.000      17.802     140.610       0.000      88.057       0.000       0.005     592.622       2.873       0.000      23.625      12.529      18.077      16.631       1.486       0.702       0.461       0.000       0.000       0.000       0.000
    365    12    31  2022     75       0  rtu750                 0.565    1524.577    3135.378     153.426      18.623       5.208       0.000       6.442       0.000       0.000       0.000       0.055       0.000      23.625      12.529      18.077      16.631       1.486       0.702       0.461       0.000       0.000       0.000       0.000
    365    12    31  2022     76       0  rtu760                 3.738  125847.430       0.000   28635.357      17.803     140.607       0.000      88.057       0.000       0.005     592.628       2.873       0.000      23.625      12.529      18.077      16.631       1.486       0.702       0.461       0.000       0.000       0.000       0.000
    365    12    31  2022     77       0  rtu770                 3.738  125847.969       0.000   28635.613      17.803     140.606       0.000      88.057       0.000       0.005     592.633       2.874       0.000      23.625      12.529      18.077      16.631       1.486       0.702       0.461       0.000       0.000       0.000       0.000
